<!DOCTYPE HTML>
<html>
  <head>
    <meta charset="UTF-8">
    <title>TOMTOM</title>
    <script>
      // @JSON_VAR data
      var data = {
        "program": "Tomtom",
        "version": "4.12.0",
        "release": "Tue Jun 27 16:22:50 2017 -0700",
        "cmd": [
          "tomtom", "-evalue", "-thresh", "0.1", "-o",
          "../results/invivo/conv_filters/cnn9_4",
          "../results/invivo/conv_filters/cnn9_4_clip.meme",
          "../data/JASPAR_CORE_2016_vertebrates.meme"
        ],
        "options": {
          "strands": "both",
          "distance_measure": "ed",
          "threshold_type": "evalue",
          "threshold_value": 0.1,
          "background_source": "first_target"
        },
        "alphabet": {
          "name": "DNA",
          "like": "dna",
          "ncore": 4,
          "symbols": [
            {
              "symbol": "A",
              "name": "Adenine",
              "colour": "CC0000",
              "complement": "T"
            }, {
              "symbol": "C",
              "name": "Cytosine",
              "colour": "0000CC",
              "complement": "G"
            }, {
              "symbol": "G",
              "name": "Guanine",
              "colour": "FFB300",
              "complement": "C"
            }, {
              "symbol": "T",
              "aliases": "U",
              "name": "Thymine",
              "colour": "008000",
              "complement": "A"
            }, {
              "symbol": "N",
              "aliases": "X.",
              "name": "Any base",
              "equals": "ACGT"
            }, {
              "symbol": "V",
              "name": "Not T",
              "equals": "ACG"
            }, {
              "symbol": "H",
              "name": "Not G",
              "equals": "ACT"
            }, {
              "symbol": "D",
              "name": "Not C",
              "equals": "AGT"
            }, {
              "symbol": "B",
              "name": "Not A",
              "equals": "CGT"
            }, {
              "symbol": "M",
              "name": "Amino",
              "equals": "AC"
            }, {
              "symbol": "R",
              "name": "Purine",
              "equals": "AG"
            }, {
              "symbol": "W",
              "name": "Weak",
              "equals": "AT"
            }, {
              "symbol": "S",
              "name": "Strong",
              "equals": "CG"
            }, {
              "symbol": "Y",
              "name": "Pyrimidine",
              "equals": "CT"
            }, {
              "symbol": "K",
              "name": "Keto",
              "equals": "GT"
            }
          ]
        },
        "background": [0.25, 0.25, 0.25, 0.25],
        "query_dbs": [
          {
            "source": "../results/invivo/conv_filters/cnn9_4_clip.meme",
            "name": "cnn9 4 clip",
            "loaded": 30,
            "excluded": 0,
            "last_modified": "Mon May 28 20:37:25 2018"
          }
        ],
        "target_dbs": [
          {
            "source": "../data/JASPAR_CORE_2016_vertebrates.meme",
            "name": "JASPAR CORE 2016 vertebrates",
            "loaded": 519,
            "excluded": 0,
            "last_modified": "Mon May 14 20:20:31 2018"
          }
        ],
        "queries": [
          {
            "db": 0,
            "id": "filter0",
            "len": 8,
            "nsites": 8,
            "evalue": "1.0e+000",
            "pwm": [
              [0.342049, 0.259185, 0.209802, 0.188963], 
              [0.258816, 0.334478, 0.217429, 0.189278], 
              [0.295758, 0.408757, 0.14315, 0.152336], 
              [0.0858519, 0.0811111, 0.677753, 0.155284], 
              [0.565062, 0.0309383, 0.341654, 0.0623457], 
              [0.299877, 0.011284, 0.0485185, 0.640321], 
              [0.65125, 0.0838846, 0.0105933, 0.254272], 
              [0.38673, 0.153422, 0.320353, 0.139495]
            ]
          }, {
            "db": 0,
            "id": "filter1",
            "len": 9,
            "nsites": 9,
            "evalue": "1.0e+000",
            "pwm": [
              [0.294011, 0.239912, 0.163264, 0.302813], 
              [0.491121, 0.105703, 0.241791, 0.161385], 
              [0.318143, 0.295099, 0.152484, 0.234275], 
              [0.152978, 0.0370659, 0.0854286, 0.724527], 
              [0.0953187, 0.0233187, 0.0875055, 0.793857], 
              [0.203339, 0.402447, 0.385335, 0.00887973], 
              [0.0226264, 0.959813, 0.00541758, 0.0121429], 
              [0.0111538, 0.0174835, 0.916099, 0.0552637], 
              [0.0258924, 0.295919, 0.549923, 0.128265]
            ]
          }, {
            "db": 0,
            "id": "filter10",
            "len": 9,
            "nsites": 9,
            "evalue": "1.0e+000",
            "pwm": [
              [0.144374, 0.471835, 0.271956, 0.111835], 
              [0.0107574, 0.693107, 0.104803, 0.191333], 
              [0.453889, 0.138822, 0.0912549, 0.316035], 
              [0.630374, 0.250396, 0.0791978, 0.040033], 
              [0.0678177, 0.0761245, 0.276083, 0.579975], 
              [0.370659, 0.111242, 0.0622857, 0.455813], 
              [0.177802, 0.0645604, 0.745297, 0.0123407], 
              [0.0769305, 0.201756, 0.558627, 0.162686], 
              [0.314978, 0.267407, 0.159407, 0.258209]
            ]
          }, {
            "db": 0,
            "id": "filter11",
            "len": 8,
            "nsites": 8,
            "evalue": "1.0e+000",
            "pwm": [
              [0.373988, 0.10117, 0.15036, 0.374482], 
              [0.0143468, 0.353442, 0.0335092, 0.598702], 
              [0.0707407, 0.280815, 0.0518765, 0.596568], 
              [0.436864, 0.0388395, 0.40279, 0.121506], 
              [0.294049, 0.0103951, 0.683481, 0.0120741], 
              [0.130395, 0.12684, 0.114296, 0.628469], 
              [0.15991, 0.335596, 0.252938, 0.251555], 
              [0.268469, 0.212074, 0.380074, 0.139383]
            ]
          }, {
            "db": 0,
            "id": "filter12",
            "len": 9,
            "nsites": 9,
            "evalue": "1.0e+000",
            "pwm": [
              [0.330209, 0.13389, 0.177505, 0.358396], 
              [0.208363, 0.27789, 0.244066, 0.269681], 
              [0.190956, 0.417044, 0.0228242, 0.369176], 
              [0.0113516, 0.0257912, 0.953187, 0.00967033], 
              [0.168093, 0.672043, 0.0114497, 0.148414], 
              [0.0966044, 0.185813, 0.0368681, 0.680714], 
              [0.448692, 0.0433956, 0.35533, 0.152582], 
              [0.714044, 0.0445824, 0.170187, 0.0711868], 
              [0.126275, 0.371055, 0.331, 0.17167]
            ]
          }, {
            "db": 0,
            "id": "filter13",
            "len": 8,
            "nsites": 8,
            "evalue": "1.0e+000",
            "pwm": [
              [0.213951, 0.334148, 0.213951, 0.237951], 
              [0.18679, 0.398642, 0.245358, 0.16921], 
              [0.168617, 0.269062, 0.0830864, 0.479235], 
              [0.230125, 0.0739929, 0.0111844, 0.684697], 
              [0.947378, 0.0283729, 0.00812396, 0.0161248], 
              [0.0437778, 0.106099, 0.0478272, 0.802296], 
              [0.211975, 0.663827, 0.0478272, 0.0763704], 
              [0.343827, 0.131185, 0.196765, 0.328222]
            ]
          }, {
            "db": 0,
            "id": "filter14",
            "len": 9,
            "nsites": 9,
            "evalue": "1.0e+000",
            "pwm": [
              [0.232867, 0.240185, 0.267578, 0.25937], 
              [0.197385, 0.221813, 0.336835, 0.243967], 
              [0.104714, 0.694264, 0.127066, 0.073956], 
              [0.0394432, 0.629052, 0.300964, 0.0305412], 
              [0.0423077, 0.0597143, 0.70722, 0.190758], 
              [0.0127363, 0.866451, 0.0711868, 0.0496264], 
              [0.00828571, 0.558769, 0.105703, 0.327242], 
              [0.409527, 0.313593, 0.164352, 0.112527], 
              [0.208066, 0.281253, 0.177703, 0.332978]
            ]
          }, {
            "db": 0,
            "id": "filter15",
            "len": 9,
            "nsites": 9,
            "evalue": "1.0e+000",
            "pwm": [
              [0.0431978, 0.0937363, 0.0158022, 0.847264], 
              [0.0149109, 0.00818627, 0.943697, 0.0332057], 
              [0.534637, 0.327538, 0.0196593, 0.118165], 
              [0.384209, 0.277989, 0.14289, 0.194912], 
              [0.188286, 0.106692, 0.29233, 0.412692], 
              [0.350123, 0.3431, 0.164763, 0.142014], 
              [0.257516, 0.116088, 0.445132, 0.181264], 
              [0.0658462, 0.143484, 0.243275, 0.547396], 
              [0.120736, 0.675374, 0.0830549, 0.120835]
            ]
          }, {
            "db": 0,
            "id": "filter16",
            "len": 9,
            "nsites": 9,
            "evalue": "1.0e+000",
            "pwm": [
              [0.570143, 0.0283626, 0.0772198, 0.324275], 
              [0.572969, 0.0115503, 0.0414214, 0.374059], 
              [0.512927, 0.00877962, 0.0123397, 0.465954], 
              [0.41744, 0.0137253, 0.0067033, 0.562132], 
              [0.17907, 0.0327113, 0.0226244, 0.765594], 
              [0.368978, 0.0937363, 0.223692, 0.313593], 
              [0.129724, 0.0292501, 0.763913, 0.0771134], 
              [0.209867, 0.415997, 0.211351, 0.162785], 
              [0.223692, 0.220231, 0.150505, 0.405571]
            ]
          }, {
            "db": 0,
            "id": "filter17",
            "len": 9,
            "nsites": 9,
            "evalue": "1.0e+000",
            "pwm": [
              [0.0351868, 0.0756374, 0.0577363, 0.83144], 
              [0.0167926, 0.0182763, 0.229155, 0.735777], 
              [0.261571, 0.0536813, 0.472725, 0.212022], 
              [0.0727692, 0.725418, 0.0981868, 0.103626], 
              [0.0907692, 0.0928462, 0.762407, 0.053978], 
              [0.168901, 0.407451, 0.0337033, 0.389945], 
              [0.564407, 0.405275, 0.010956, 0.0193626], 
              [0.95022, 0.0117473, 0.0297473, 0.00828571], 
              [0.0314314, 0.315899, 0.14874, 0.503929]
            ]
          }, {
            "db": 0,
            "id": "filter18",
            "len": 9,
            "nsites": 9,
            "evalue": "1.0e+000",
            "pwm": [
              [0.227154, 0.467187, 0.0625824, 0.243077], 
              [0.0694066, 0.0152088, 0.864967, 0.0504176], 
              [0.12222, 0.85567, 0.0105604, 0.0115495], 
              [0.784165, 0.127165, 0.080978, 0.00769231], 
              [0.860714, 0.0276703, 0.052989, 0.0586264], 
              [0.0380585, 0.146267, 0.12055, 0.695124], 
              [0.418387, 0.275984, 0.0824536, 0.223176], 
              [0.14289, 0.224484, 0.164648, 0.467978], 
              [0.120428, 0.227428, 0.150985, 0.501159]
            ]
          }, {
            "db": 0,
            "id": "filter19",
            "len": 9,
            "nsites": 9,
            "evalue": "1.0e+000",
            "pwm": [
              [0.469956, 0.158714, 0.342868, 0.0284615], 
              [0.0144176, 0.0324176, 0.0341978, 0.918967], 
              [0.032022, 0.0139231, 0.334758, 0.619297], 
              [0.300865, 0.0195621, 0.45388, 0.225693], 
              [0.0540769, 0.704549, 0.125385, 0.115989], 
              [0.132505, 0.0879011, 0.676363, 0.103231], 
              [0.246934, 0.282835, 0.0610989, 0.409132], 
              [0.688725, 0.275418, 0.0126374, 0.0232198], 
              [0.90789, 0.0294505, 0.0407253, 0.0219341]
            ]
          }, {
            "db": 0,
            "id": "filter2",
            "len": 9,
            "nsites": 9,
            "evalue": "1.0e+000",
            "pwm": [
              [0.157033, 0.662615, 0.166725, 0.0136264], 
              [0.108374, 0.226758, 0.121824, 0.543044], 
              [0.0468571, 0.174143, 0.470352, 0.308648], 
              [0.784165, 0.129736, 0.00779121, 0.0783077], 
              [0.0508084, 0.504917, 0.392675, 0.0515995], 
              [0.0543736, 0.470253, 0.0272747, 0.448099], 
              [0.380747, 0.186703, 0.0145165, 0.418033], 
              [0.624736, 0.048044, 0.136264, 0.190956], 
              [0.310132, 0.0867143, 0.363242, 0.239912]
            ]
          }, {
            "db": 0,
            "id": "filter20",
            "len": 9,
            "nsites": 9,
            "evalue": "1.0e+000",
            "pwm": [
              [0.0817692, 0.253758, 0.199066, 0.465407], 
              [0.0262834, 0.584524, 0.106682, 0.28251], 
              [0.461945, 0.0530879, 0.365418, 0.119549], 
              [0.031033, 0.650846, 0.0351868, 0.282934], 
              [0.0903824, 0.0267826, 0.85447, 0.0283652], 
              [0.0368681, 0.472923, 0.0137253, 0.476484], 
              [0.292132, 0.00838462, 0.68922, 0.0102637], 
              [0.503088, 0.164648, 0.203615, 0.128648], 
              [0.0856264, 0.263549, 0.0751429, 0.575681]
            ]
          }, {
            "db": 0,
            "id": "filter21",
            "len": 9,
            "nsites": 9,
            "evalue": "1.0e+000",
            "pwm": [
              [0.356319, 0.151099, 0.333571, 0.159011], 
              [0.320516, 0.261967, 0.236648, 0.180868], 
              [0.168126, 0.802542, 0.0213425, 0.00798954], 
              [0.662319, 0.00947253, 0.219736, 0.108473], 
              [0.00818681, 0.804637, 0.0146154, 0.17256], 
              [0.142099, 0.0170879, 0.83322, 0.00759341], 
              [0.0791978, 0.330604, 0.0249011, 0.565297], 
              [0.0361792, 0.0554668, 0.733007, 0.175347], 
              [0.150985, 0.249481, 0.313661, 0.285873]
            ]
          }, {
            "db": 0,
            "id": "filter22",
            "len": 9,
            "nsites": 9,
            "evalue": "1.0e+000",
            "pwm": [
              [0.188762, 0.408102, 0.321474, 0.0816624], 
              [0.0842418, 0.853495, 0.046956, 0.0153077], 
              [0.153967, 0.77922, 0.00848352, 0.0583297], 
              [0.566088, 0.204802, 0.173352, 0.0557582], 
              [0.0641648, 0.425747, 0.0898791, 0.420209], 
              [0.0589175, 0.340164, 0.554461, 0.0464572], 
              [0.231802, 0.0920549, 0.126374, 0.549769], 
              [0.180868, 0.523659, 0.167418, 0.128055], 
              [0.462736, 0.206088, 0.269582, 0.0615934]
            ]
          }, {
            "db": 0,
            "id": "filter23",
            "len": 8,
            "nsites": 8,
            "evalue": "1.0e+000",
            "pwm": [
              [0.447235, 0.13, 0.261556, 0.16121], 
              [0.482, 0.0750864, 0.180864, 0.262049], 
              [0.0884198, 0.259481, 0.122691, 0.529407], 
              [0.0100981, 0.562734, 0.415391, 0.0117769], 
              [0.697407, 0.0985926, 0.184321, 0.019679], 
              [0.309722, 0.192598, 0.119618, 0.378061], 
              [0.058, 0.255432, 0.213457, 0.473111], 
              [0.350148, 0.258395, 0.348469, 0.0429877]
            ]
          }, {
            "db": 0,
            "id": "filter24",
            "len": 8,
            "nsites": 8,
            "evalue": "1.0e+000",
            "pwm": [
              [0.127531, 0.187185, 0.515679, 0.169605], 
              [0.139594, 0.614802, 0.143742, 0.101862], 
              [0.0109884, 0.590207, 0.220886, 0.177919], 
              [0.0814074, 0.0829877, 0.71558, 0.120025], 
              [0.629295, 0.114483, 0.191907, 0.0643149], 
              [0.070734, 0.357125, 0.254518, 0.317623], 
              [0.0730054, 0.34725, 0.207708, 0.372037], 
              [0.17, 0.338296, 0.395481, 0.0962222]
            ]
          }, {
            "db": 0,
            "id": "filter25",
            "len": 9,
            "nsites": 9,
            "evalue": "1.0e+000",
            "pwm": [
              [0.526772, 0.116077, 0.343724, 0.0134275], 
              [0.0207491, 0.0443888, 0.0336075, 0.901255], 
              [0.0182747, 0.0146154, 0.410121, 0.556989], 
              [0.581714, 0.0206484, 0.25989, 0.137747], 
              [0.111945, 0.407194, 0.349232, 0.131628], 
              [0.103725, 0.0593187, 0.471835, 0.365121], 
              [0.139725, 0.730066, 0.0187692, 0.11144], 
              [0.892847, 0.0242109, 0.0581374, 0.0248044], 
              [0.511, 0.216769, 0.114604, 0.157626]
            ]
          }, {
            "db": 0,
            "id": "filter26",
            "len": 9,
            "nsites": 9,
            "evalue": "1.0e+000",
            "pwm": [
              [0.062978, 0.132505, 0.0653516, 0.739165], 
              [0.0322198, 0.134681, 0.207967, 0.625132], 
              [0.309013, 0.0425015, 0.536265, 0.11222], 
              [0.124198, 0.434154, 0.340692, 0.100956], 
              [0.0522967, 0.512978, 0.39578, 0.0389451], 
              [0.116879, 0.724429, 0.0107582, 0.147934], 
              [0.867526, 0.0781174, 0.0128362, 0.0415204], 
              [0.95596, 0.00818627, 0.0277667, 0.00808738], 
              [0.0127363, 0.324275, 0.118264, 0.544725]
            ]
          }, {
            "db": 0,
            "id": "filter27",
            "len": 8,
            "nsites": 8,
            "evalue": "1.0e+000",
            "pwm": [
              [0.222938, 0.256321, 0.321111, 0.19963], 
              [0.159318, 0.152207, 0.213337, 0.475138], 
              [0.382703, 0.223805, 0.380431, 0.0130607], 
              [0.175827, 0.193506, 0.0147407, 0.615926], 
              [0.110137, 0.206128, 0.0589821, 0.624753], 
              [0.166346, 0.083284, 0.621457, 0.128914], 
              [0.162198, 0.588963, 0.0860494, 0.16279], 
              [0.38037, 0.13316, 0.345901, 0.140568]
            ]
          }, {
            "db": 0,
            "id": "filter28",
            "len": 9,
            "nsites": 9,
            "evalue": "1.0e+000",
            "pwm": [
              [0.513571, 0.148231, 0.224681, 0.113516], 
              [0.0998681, 0.463429, 0.14556, 0.291143], 
              [0.279247, 0.536562, 0.167994, 0.0161965], 
              [0.202507, 0.0126364, 0.0395348, 0.745321], 
              [0.00769231, 0.0216374, 0.961495, 0.00917582], 
              [0.0110549, 0.600901, 0.282143, 0.105901], 
              [0.272747, 0.209747, 0.129538, 0.387967], 
              [0.0662354, 0.384566, 0.329879, 0.219319], 
              [0.373626, 0.212121, 0.191549, 0.222703]
            ]
          }, {
            "db": 0,
            "id": "filter29",
            "len": 8,
            "nsites": 8,
            "evalue": "1.0e+000",
            "pwm": [
              [0.143926, 0.0960247, 0.562099, 0.197951], 
              [0.545309, 0.0814074, 0.0860494, 0.287235], 
              [0.126062, 0.380408, 0.154114, 0.339416], 
              [0.501852, 0.00822222, 0.463235, 0.0266914], 
              [0.0315337, 0.128136, 0.115888, 0.724443], 
              [0.135037, 0.627481, 0.223926, 0.0135556], 
              [0.329704, 0.0265926, 0.614148, 0.0295556], 
              [0.114878, 0.430303, 0.148257, 0.306562]
            ]
          }, {
            "db": 0,
            "id": "filter3",
            "len": 7,
            "nsites": 7,
            "evalue": "1.0e+000",
            "pwm": [
              [0.338831, 0.32, 0.236493, 0.104676], 
              [0.171225, 0.156042, 0.336859, 0.335873], 
              [0.323451, 0.139972, 0.52438, 0.0121972], 
              [0.0513428, 0.123519, 0.797953, 0.0271855], 
              [0.240634, 0.383789, 0.293972, 0.0816056], 
              [0.0973803, 0.214704, 0.551197, 0.136718], 
              [0.100437, 0.200901, 0.528915, 0.169746]
            ]
          }, {
            "db": 0,
            "id": "filter4",
            "len": 8,
            "nsites": 8,
            "evalue": "1.0e+000",
            "pwm": [
              [0.334049, 0.209704, 0.264519, 0.191728], 
              [0.484667, 0.139383, 0.224519, 0.151432], 
              [0.09, 0.296222, 0.540963, 0.0728148], 
              [0.0287654, 0.0206667, 0.0124691, 0.938099], 
              [0.211461, 0.759258, 0.0143446, 0.0149371], 
              [0.75558, 0.12516, 0.107284, 0.0119753], 
              [0.0157297, 0.23827, 0.46496, 0.28104], 
              [0.162609, 0.416856, 0.250321, 0.170214]
            ]
          }, {
            "db": 0,
            "id": "filter5",
            "len": 8,
            "nsites": 8,
            "evalue": "1.0e+000",
            "pwm": [
              [0.0631358, 0.280914, 0.478346, 0.177605], 
              [0.296943, 0.118851, 0.496272, 0.0879344], 
              [0.461503, 0.20607, 0.236196, 0.0962315], 
              [0.106198, 0.0218519, 0.0217531, 0.850198], 
              [0.0259035, 0.183253, 0.773139, 0.0177052], 
              [0.799649, 0.00841922, 0.182822, 0.00911051], 
              [0.0488148, 0.392914, 0.0611605, 0.497111], 
              [0.43084, 0.11321, 0.145309, 0.310642]
            ]
          }, {
            "db": 0,
            "id": "filter6",
            "len": 9,
            "nsites": 9,
            "evalue": "1.0e+000",
            "pwm": [
              [0.129229, 0.149897, 0.107967, 0.612906], 
              [0.295692, 0.34356, 0.115692, 0.245055], 
              [0.398055, 0.0937363, 0.314978, 0.193231], 
              [0.230714, 0.00789011, 0.634132, 0.127264], 
              [0.00986742, 0.800997, 0.0815635, 0.107572], 
              [0.577264, 0.0111538, 0.320022, 0.0915604], 
              [0.334066, 0.208956, 0.177901, 0.279077], 
              [0.375444, 0.0540821, 0.0990866, 0.471388], 
              [0.339901, 0.0874066, 0.0434945, 0.529198]
            ]
          }, {
            "db": 0,
            "id": "filter7",
            "len": 8,
            "nsites": 8,
            "evalue": "1.0e+000",
            "pwm": [
              [0.367333, 0.222741, 0.311728, 0.0981975], 
              [0.158741, 0.435383, 0.127926, 0.277951], 
              [0.178988, 0.549358, 0.0602716, 0.211383], 
              [0.194395, 0.145012, 0.613753, 0.0468395], 
              [0.15884, 0.0665926, 0.679136, 0.0954321], 
              [0.1845, 0.788489, 0.0160234, 0.0109869], 
              [0.415473, 0.249136, 0.183351, 0.15204], 
              [0.227163, 0.213633, 0.417761, 0.141443]
            ]
          }, {
            "db": 0,
            "id": "filter8",
            "len": 9,
            "nsites": 9,
            "evalue": "1.0e+000",
            "pwm": [
              [0.169099, 0.408736, 0.174934, 0.247231], 
              [0.376791, 0.0785055, 0.436429, 0.108275], 
              [0.0118471, 0.563276, 0.115506, 0.309371], 
              [0.485334, 0.0802935, 0.28138, 0.152993], 
              [0.64643, 0.0403259, 0.0643565, 0.248887], 
              [0.0161978, 0.519604, 0.382132, 0.0820659], 
              [0.301132, 0.272055, 0.238231, 0.188582], 
              [0.167813, 0.380648, 0.251879, 0.199659], 
              [0.325066, 0.219835, 0.238725, 0.216374]
            ]
          }, {
            "db": 0,
            "id": "filter9",
            "len": 7,
            "nsites": 7,
            "evalue": "1.0e+000",
            "pwm": [
              [0.535718, 0.0620845, 0.165901, 0.236296], 
              [0.0648451, 0.336366, 0.345042, 0.253746], 
              [0.541876, 0.108313, 0.13917, 0.210641], 
              [0.0560704, 0.101225, 0.0680986, 0.774606], 
              [0.115423, 0.0106197, 0.154662, 0.719296], 
              [0.0201831, 0.0221549, 0.946451, 0.0112113], 
              [0.0179155, 0.638155, 0.306986, 0.0369437]
            ]
          }
        ],
        "targets": [
          {
            "db": 0,
            "id": "MA0043.2",
            "alt": "HLF",
            "len": 12,
            "nsites": 2606,
            "url": "http://jaspar.genereg.net?ID=MA0043.2&rm=present&collection=CORE",
            "pwm": [
              [0.200657, 0.343775, 0.177271, 0.278296], 
              [0.387124, 0.239892, 0.333218, 0.0397651], 
              [0.00327147, 0.000475575, 9.59288e-06, 0.996243], 
              [0.0024785, 0.015647, 0.102064, 0.879811], 
              [0.865914, 9.59288e-06, 0.125562, 0.00851427], 
              [0.0050464, 0.717913, 0.0117621, 0.265278], 
              [0.439273, 0.0237467, 0.534222, 0.00275849], 
              [0.0184179, 0.236194, 0.00278849, 0.7426], 
              [0.879811, 0.116054, 0.00165553, 0.0024785], 
              [0.99439, 9.59288e-06, 0.0023355, 0.00326547], 
              [0.0499097, 0.486828, 0.110025, 0.353238], 
              [0.301214, 0.344711, 0.168385, 0.18569]
            ]
          }, {
            "db": 0,
            "id": "MA0058.3",
            "alt": "MAX",
            "len": 10,
            "nsites": 6986,
            "url": "http://jaspar.genereg.net?ID=MA0058.3&rm=present&collection=CORE",
            "pwm": [
              [0.480875, 0.226261, 0.18831, 0.104553], 
              [0.278545, 0.40858, 0.220218, 0.0926573], 
              [0.0056435, 0.994349, 3.57853e-06, 3.57853e-06], 
              [0.982135, 3.57853e-06, 0.0124304, 0.0054315], 
              [3.57853e-06, 0.966807, 0.000987564, 0.0322021], 
              [0.0453009, 0.0053735, 0.946706, 0.00261954], 
              [0.00968944, 0.0223223, 0.00281054, 0.965178], 
              [3.57853e-06, 0.00389452, 0.99091, 0.0051915], 
              [0.195056, 0.356362, 0.238255, 0.210328], 
              [0.163177, 0.323588, 0.143399, 0.369835]
            ]
          }, {
            "db": 0,
            "id": "MA0067.1",
            "alt": "Pax2",
            "len": 8,
            "nsites": 31,
            "url": "http://jaspar.genereg.net?ID=MA0067.1&rm=present&collection=CORE",
            "pwm": [
              [0.322348, 0.225884, 0.161575, 0.290193], 
              [0.225884, 0.0329581, 0.676045, 0.0651124], 
              [0.0972667, 0.0651124, 0.000803859, 0.836817], 
              [0.000803859, 0.901126, 0.0329581, 0.0651124], 
              [0.836817, 0.0329581, 0.0972667, 0.0329581], 
              [0.0651124, 0.547428, 0.0329581, 0.354502], 
              [0.0651124, 0.000803859, 0.611736, 0.322348], 
              [0.0329581, 0.354502, 0.354502, 0.258039]
            ]
          }, {
            "db": 0,
            "id": "MA0098.3",
            "alt": "ETS1",
            "len": 10,
            "nsites": 3008,
            "url": "http://jaspar.genereg.net?ID=MA0098.3&rm=present&collection=CORE",
            "pwm": [
              [0.710902, 0.0556505, 0.169584, 0.0638642], 
              [0.0565744, 0.84316, 0.0933432, 0.00692208], 
              [0.136441, 0.861296, 0.00225524, 8.31089e-06], 
              [8.31089e-06, 0.00777405, 0.992209, 8.31089e-06], 
              [8.31089e-06, 8.31089e-06, 0.995522, 0.00446116], 
              [0.999975, 8.31089e-06, 8.31089e-06, 8.31089e-06], 
              [0.738695, 0.00248623, 0.00854303, 0.250275], 
              [0.405888, 0.00774305, 0.581941, 0.00442816], 
              [0.0307503, 0.245941, 0.0428389, 0.68047], 
              [0.29929, 0.149463, 0.403648, 0.147599]
            ]
          }, {
            "db": 0,
            "id": "MA0102.3",
            "alt": "CEBPA",
            "len": 11,
            "nsites": 15318,
            "url": "http://jaspar.genereg.net?ID=MA0102.3&rm=present&collection=CORE",
            "pwm": [
              [0.675738, 0.0869581, 0.237303, 1.63206e-06], 
              [1.63206e-06, 1.63206e-06, 1.63206e-06, 0.999995], 
              [1.63206e-06, 1.63206e-06, 1.63206e-06, 0.999995], 
              [0.0460253, 1.63206e-06, 0.737952, 0.21602], 
              [1.63206e-06, 0.999995, 1.63206e-06, 1.63206e-06], 
              [0.780517, 0.0831711, 0.0695922, 0.0667202], 
              [0.173652, 0.499672, 1.63206e-06, 0.326674], 
              [0.798142, 0.201854, 1.63206e-06, 1.63206e-06], 
              [0.999995, 1.63206e-06, 1.63206e-06, 1.63206e-06], 
              [1.63206e-06, 0.371327, 0.117771, 0.5109], 
              [0.3789, 0.323998, 0.0581033, 0.239]
            ]
          }, {
            "db": 0,
            "id": "MA0117.2",
            "alt": "Mafb",
            "len": 12,
            "nsites": 2393,
            "url": "http://jaspar.genereg.net?ID=MA0117.2&rm=present&collection=CORE",
            "pwm": [
              [0.566638, 0.0797141, 0.14934, 0.204308], 
              [0.578813, 0.0554621, 0.0728764, 0.292849], 
              [0.494949, 0.0989983, 0.083417, 0.322637], 
              [0.340968, 0.182404, 0.196611, 0.280017], 
              [0.0853059, 0.199679, 0.010026, 0.704989], 
              [0.000918409, 0.00636518, 0.990437, 0.00228035], 
              [0.118526, 0.876631, 0.00201936, 0.00282233], 
              [0.0137819, 0.0160028, 0.00089841, 0.969317], 
              [0.0186817, 0.00540422, 0.905367, 0.0705465], 
              [0.980643, 0.0058532, 0.00765013, 0.0058532], 
              [0.058211, 0.697774, 0.156704, 0.0873108], 
              [0.266727, 0.0632528, 0.296057, 0.373964]
            ]
          }, {
            "db": 0,
            "id": "MA0136.2",
            "alt": "ELF5",
            "len": 11,
            "nsites": 3756,
            "url": "http://jaspar.genereg.net?ID=MA0136.2&rm=present&collection=CORE",
            "pwm": [
              [0.642202, 0.0669909, 0.0800155, 0.210793], 
              [0.228653, 0.430332, 0.178841, 0.162174], 
              [0.205498, 0.510715, 0.263585, 0.0202021], 
              [0.335093, 0.581007, 0.0710228, 0.0128773], 
              [0.000907632, 6.65584e-06, 0.993073, 0.0060125], 
              [0.00150162, 6.65584e-06, 0.991011, 0.00748046], 
              [0.994087, 0.00405855, 0.000374646, 0.00147962], 
              [0.896324, 0.0206701, 6.65584e-06, 0.0829994], 
              [0.223282, 0.0388916, 0.716747, 0.0210801], 
              [0.120003, 0.180128, 0.0784956, 0.621374], 
              [0.348091, 0.134667, 0.276587, 0.240653]
            ]
          }, {
            "db": 0,
            "id": "MA0140.2",
            "alt": "GATA1::TAL1",
            "len": 18,
            "nsites": 4955,
            "url": "http://jaspar.genereg.net?ID=MA0140.2&rm=present&collection=CORE",
            "pwm": [
              [0.224824, 0.411299, 0.195157, 0.16872], 
              [0.0415782, 0.162868, 0.0320934, 0.763461], 
              [0.0641818, 5.04531e-06, 5.04531e-06, 0.935808], 
              [0.999985, 5.04531e-06, 5.04531e-06, 5.04531e-06], 
              [5.04531e-06, 5.04531e-06, 5.04531e-06, 0.999985], 
              [5.04531e-06, 0.999985, 5.04531e-06, 5.04531e-06], 
              [0.413519, 0.0127188, 0.0111048, 0.562658], 
              [0.132797, 0.268618, 0.446817, 0.151768], 
              [0.19435, 0.245005, 0.25106, 0.309585], 
              [0.240363, 0.227447, 0.30676, 0.225429], 
              [0.358827, 0.228052, 0.199799, 0.213321], 
              [0.209486, 0.249647, 0.345508, 0.195359], 
              [0.272856, 0.230474, 0.295862, 0.200808], 
              [0.380421, 0.208477, 0.165491, 0.24561], 
              [0.278707, 0.249647, 0.380219, 0.0914262], 
              [0.0222046, 0.973143, 0.00464695, 5.04531e-06], 
              [0.940248, 5.04531e-06, 5.04531e-06, 0.0597418], 
              [0.0322954, 0.179618, 0.715228, 0.0728596]
            ]
          }, {
            "db": 0,
            "id": "MA0156.2",
            "alt": "FEV",
            "len": 10,
            "nsites": 8812,
            "url": "http://jaspar.genereg.net?ID=MA0156.2&rm=present&collection=CORE",
            "pwm": [
              [0.658576, 0.0521512, 0.141275, 0.147998], 
              [0.124268, 0.773221, 0.076589, 0.0259225], 
              [0.077557, 0.915617, 0.00644476, 0.000381833], 
              [0.00179282, 2.83701e-06, 0.997927, 0.000277834], 
              [0.000277834, 0.000140835, 0.998339, 0.00124182], 
              [0.995597, 0.00151382, 0.000414832, 0.00247481], 
              [0.754705, 0.0160357, 0.00062783, 0.228631], 
              [0.300951, 0.0331995, 0.657501, 0.00834774], 
              [0.0437983, 0.179622, 0.0615531, 0.715028], 
              [0.294425, 0.187363, 0.311395, 0.206816]
            ]
          }, {
            "db": 0,
            "id": "MA0466.2",
            "alt": "CEBPB",
            "len": 10,
            "nsites": 24579,
            "url": "http://jaspar.genereg.net?ID=MA0466.2&rm=present&collection=CORE",
            "pwm": [
              [0.465622, 0.220252, 0.276338, 0.0377869], 
              [0.00144801, 0.00149201, 0.000352016, 0.996709], 
              [0.000680014, 0.000560015, 0.0908986, 0.907861], 
              [0.437129, 0.00136101, 0.472043, 0.0894667], 
              [0.015375, 0.889251, 0.00864598, 0.0867277], 
              [0.129003, 0.0203349, 0.832855, 0.0178069], 
              [0.0922366, 0.829724, 0.000111017, 0.0779287], 
              [0.972406, 0.0272069, 0.000386016, 1.01712e-06], 
              [0.999206, 0.000397016, 1.01712e-06, 0.000397016], 
              [0.00650599, 0.445567, 0.0394499, 0.508476]
            ]
          }, {
            "db": 0,
            "id": "MA0474.2",
            "alt": "ERG",
            "len": 10,
            "nsites": 5314,
            "url": "http://jaspar.genereg.net?ID=MA0474.2&rm=present&collection=CORE",
            "pwm": [
              [0.690764, 0.0405489, 0.128292, 0.140395], 
              [0.113197, 0.80006, 0.0697424, 0.0170014], 
              [0.12144, 0.873195, 0.00421163, 0.00115168], 
              [0.0002237, 4.70447e-06, 0.999767, 4.70447e-06], 
              [4.70447e-06, 0.0002227, 0.993459, 0.00631459], 
              [0.994107, 0.00435862, 4.70447e-06, 0.00152868], 
              [0.769065, 0.0200483, 0.00118368, 0.209703], 
              [0.423942, 0.0213083, 0.54878, 0.00596959], 
              [0.0206243, 0.238712, 0.0534357, 0.687229], 
              [0.220325, 0.240911, 0.365307, 0.173457]
            ]
          }, {
            "db": 0,
            "id": "MA0475.2",
            "alt": "FLI1",
            "len": 10,
            "nsites": 46487,
            "url": "http://jaspar.genereg.net?ID=MA0475.2&rm=present&collection=CORE",
            "pwm": [
              [0.797387, 0.0267105, 0.0938883, 0.0820154], 
              [0.0601294, 0.895688, 0.0381825, 0.00600152], 
              [0.0603674, 0.937695, 0.00193653, 5.37784e-07], 
              [0.000115538, 5.37784e-07, 0.999837, 4.65377e-05], 
              [5.37784e-07, 5.37784e-07, 0.998623, 0.00137553], 
              [0.998829, 0.000481537, 0.000435537, 0.000252537], 
              [0.873378, 0.00460953, 0.000481537, 0.121531], 
              [0.431859, 0.0127285, 0.553535, 0.00187653], 
              [0.0193035, 0.24044, 0.0427384, 0.697518], 
              [0.244161, 0.177029, 0.425825, 0.152985]
            ]
          }, {
            "db": 0,
            "id": "MA0495.1",
            "alt": "MAFF",
            "len": 18,
            "nsites": 53758,
            "url": "http://jaspar.genereg.net?ID=MA0495.1&rm=present&collection=CORE",
            "pwm": [
              [0.121489, 0.230459, 0.499442, 0.14861], 
              [0.244745, 0.550187, 0.0401244, 0.164943], 
              [0.234979, 0.197459, 0.0478074, 0.519754], 
              [0.274117, 0.112114, 0.403568, 0.210201], 
              [0.608801, 0.0890843, 0.109323, 0.19279], 
              [0.158358, 0.304903, 0.478478, 0.0582614], 
              [0.0185654, 0.00599045, 0.00582245, 0.969622], 
              [0.0602334, 0.939766, 4.65046e-07, 4.65046e-07], 
              [0.991982, 4.65046e-07, 4.65046e-07, 0.00801745], 
              [0.00719945, 4.65046e-07, 0.880556, 0.112244], 
              [4.65046e-07, 0.998939, 4.65046e-07, 0.00106046], 
              [0.906655, 0.00708745, 0.0138774, 0.0723803], 
              [0.372633, 0.141821, 0.174188, 0.311358], 
              [0.397299, 0.0622983, 0.0484214, 0.491983], 
              [0.338908, 0.0746683, 0.0353064, 0.551117], 
              [0.262975, 0.133134, 0.0653303, 0.538561], 
              [0.193776, 0.204807, 0.156739, 0.444678], 
              [0.237007, 0.200733, 0.176681, 0.38558]
            ]
          }, {
            "db": 0,
            "id": "MA0496.1",
            "alt": "MAFK",
            "len": 15,
            "nsites": 60790,
            "url": "http://jaspar.genereg.net?ID=MA0496.1&rm=present&collection=CORE",
            "pwm": [
              [0.281757, 0.487975, 0.0746673, 0.155601], 
              [0.250683, 0.218424, 0.0639253, 0.466968], 
              [0.285688, 0.152509, 0.351045, 0.210758], 
              [0.571886, 0.0799803, 0.132111, 0.216022], 
              [0.169979, 0.286758, 0.48151, 0.0617543], 
              [4.11251e-07, 0.0042934, 4.11251e-07, 0.995706], 
              [0.0439053, 0.956094, 4.11251e-07, 4.11251e-07], 
              [0.999999, 4.11251e-07, 4.11251e-07, 4.11251e-07], 
              [4.11251e-07, 4.11251e-07, 0.91362, 0.0863793], 
              [4.11251e-07, 0.999209, 0.00079041, 4.11251e-07], 
              [0.95236, 0.0070744, 4.11251e-07, 0.0405663], 
              [0.3861, 0.160799, 0.162083, 0.291018], 
              [0.44685, 0.0651753, 0.0208594, 0.467116], 
              [0.343231, 0.0860173, 0.0259094, 0.544843], 
              [0.28429, 0.152805, 0.0443993, 0.518506]
            ]
          }, {
            "db": 0,
            "id": "MA0597.1",
            "alt": "THAP1",
            "len": 9,
            "nsites": 199,
            "url": "http://jaspar.genereg.net?ID=MA0597.1&rm=present&collection=CORE",
            "pwm": [
              [0.0905321, 0.467228, 0.135735, 0.306505], 
              [0.0754647, 0.236188, 0.0603973, 0.627951], 
              [0.100578, 0.000125565, 0.688222, 0.211075], 
              [0.0352839, 0.914239, 0.000125565, 0.0503513], 
              [0.015193, 0.979532, 0.000125565, 0.00514804], 
              [0.291436, 0.683199, 0.00514804, 0.0202165], 
              [0.236188, 0.0855097, 0.386866, 0.291436], 
              [0.150804, 0.35673, 0.206052, 0.286414], 
              [0.582748, 0.170894, 0.0855097, 0.160849]
            ]
          }, {
            "db": 0,
            "id": "MA0603.1",
            "alt": "Arntl",
            "len": 10,
            "nsites": 1000,
            "url": "http://jaspar.genereg.net?ID=MA0603.1&rm=present&collection=CORE",
            "pwm": [
              [0.251, 0.229002, 0.260999, 0.258999], 
              [0.246, 0.125012, 0.557969, 0.0710179], 
              [0.0619568, 0.0439766, 0.142868, 0.751199], 
              [0.0030247, 0.996925, 2.49975e-05, 2.49975e-05], 
              [0.95293, 0.0160234, 0.010024, 0.0210229], 
              [0.0020248, 0.964929, 0.0090241, 0.0240226], 
              [0.0480202, 0.0030247, 0.94593, 0.0030247], 
              [0.0540196, 0.0580192, 0.0510199, 0.836941], 
              [0.0090331, 0.0040286, 0.93887, 0.0480682], 
              [0.255, 0.330992, 0.14601, 0.267998]
            ]
          }, {
            "db": 0,
            "id": "MA0616.1",
            "alt": "Hes2",
            "len": 13,
            "nsites": 1000,
            "url": "http://jaspar.genereg.net?ID=MA0616.1&rm=present&collection=CORE",
            "pwm": [
              [0.214218, 0.214218, 0.214218, 0.357346], 
              [0.341332, 0.197202, 0.197202, 0.264263], 
              [0.341332, 0.197202, 0.197202, 0.264263], 
              [0.245, 0.332992, 0.245, 0.177007], 
              [0.0830167, 0.15201, 0.681957, 0.0830167], 
              [0.602965, 2.49975e-05, 0.396985, 2.49975e-05], 
              [0.281997, 0.717953, 2.49975e-05, 2.49975e-05], 
              [0.929932, 2.49975e-05, 0.070018, 2.49975e-05], 
              [0.174008, 0.75395, 0.0360214, 0.0360214], 
              [0.123013, 0.0530197, 0.770948, 0.0530197], 
              [0.0530197, 0.0530197, 0.0530197, 0.840941], 
              [0.143011, 0.0730177, 0.710954, 0.0730177], 
              [0.238001, 0.427982, 0.167008, 0.167008]
            ]
          }, {
            "db": 0,
            "id": "MA0620.1",
            "alt": "Mitf",
            "len": 10,
