<!DOCTYPE HTML>
<html>
  <head>
    <meta charset="UTF-8">
    <title>TOMTOM</title>
    <script>
      // @JSON_VAR data
      var data = {
        "program": "Tomtom",
        "version": "4.12.0",
        "release": "Tue Jun 27 16:22:50 2017 -0700",
        "cmd": [
          "tomtom", "-evalue", "-thresh", "0.1", "-o",
          "../results/invivo/conv_filters/cnn_10_10",
          "../results/invivo/conv_filters/cnn_10_10.meme",
          "../data/JASPAR_CORE_2016_vertebrates.meme"
        ],
        "options": {
          "strands": "both",
          "distance_measure": "ed",
          "threshold_type": "evalue",
          "threshold_value": 0.1,
          "background_source": "first_target"
        },
        "alphabet": {
          "name": "DNA",
          "like": "dna",
          "ncore": 4,
          "symbols": [
            {
              "symbol": "A",
              "name": "Adenine",
              "colour": "CC0000",
              "complement": "T"
            }, {
              "symbol": "C",
              "name": "Cytosine",
              "colour": "0000CC",
              "complement": "G"
            }, {
              "symbol": "G",
              "name": "Guanine",
              "colour": "FFB300",
              "complement": "C"
            }, {
              "symbol": "T",
              "aliases": "U",
              "name": "Thymine",
              "colour": "008000",
              "complement": "A"
            }, {
              "symbol": "N",
              "aliases": "X.",
              "name": "Any base",
              "equals": "ACGT"
            }, {
              "symbol": "V",
              "name": "Not T",
              "equals": "ACG"
            }, {
              "symbol": "H",
              "name": "Not G",
              "equals": "ACT"
            }, {
              "symbol": "D",
              "name": "Not C",
              "equals": "AGT"
            }, {
              "symbol": "B",
              "name": "Not A",
              "equals": "CGT"
            }, {
              "symbol": "M",
              "name": "Amino",
              "equals": "AC"
            }, {
              "symbol": "R",
              "name": "Purine",
              "equals": "AG"
            }, {
              "symbol": "W",
              "name": "Weak",
              "equals": "AT"
            }, {
              "symbol": "S",
              "name": "Strong",
              "equals": "CG"
            }, {
              "symbol": "Y",
              "name": "Pyrimidine",
              "equals": "CT"
            }, {
              "symbol": "K",
              "name": "Keto",
              "equals": "GT"
            }
          ]
        },
        "background": [0.25, 0.25, 0.25, 0.25],
        "query_dbs": [
          {
            "source": "../results/invivo/conv_filters/cnn_10_10.meme",
            "name": "cnn 10 10",
            "loaded": 30,
            "excluded": 0,
            "last_modified": "Mon Feb 26 20:58:29 2018"
          }
        ],
        "target_dbs": [
          {
            "source": "../data/JASPAR_CORE_2016_vertebrates.meme",
            "name": "JASPAR CORE 2016 vertebrates",
            "loaded": 519,
            "excluded": 0,
            "last_modified": "Tue Sep 13 01:13:30 2016"
          }
        ],
        "queries": [
          {
            "db": 0,
            "id": "filter0",
            "len": 19,
            "nsites": 19,
            "evalue": "1.0e+000",
            "pwm": [
              [0.308622, 0.238982, 0.19869, 0.253706], 
              [0.235874, 0.192901, 0.387775, 0.18345], 
              [0.293173, 0.256466, 0.286508, 0.163853], 
              [0.0895445, 0.769764, 0.12078, 0.019911], 
              [0.0223979, 0.31088, 0.626817, 0.0399058], 
              [0.271785, 0.0801937, 0.303717, 0.344304], 
              [0.344966, 0.0990845, 0.00807262, 0.547877], 
              [0.52734, 0.284817, 0.0997906, 0.0880524], 
              [0.0797958, 0.155, 0.30889, 0.456314], 
              [0.546793, 0.0293641, 0.0785103, 0.345333], 
              [0.517043, 0.199247, 0.0914255, 0.192285], 
              [0.0438806, 0.522215, 0.409221, 0.0246835], 
              [0.036822, 0.0951152, 0.777424, 0.0906387], 
              [0.197874, 0.283225, 0.220058, 0.298843], 
              [0.225352, 0.355878, 0.232814, 0.185956], 
              [0.234604, 0.244653, 0.27032, 0.250423], 
              [0.13023, 0.339927, 0.247911, 0.281932], 
              [0.265744, 0.208141, 0.391097, 0.135019], 
              [0.354088, 0.20635, 0.213314, 0.226248]
            ]
          }, {
            "db": 0,
            "id": "filter1",
            "len": 19,
            "nsites": 19,
            "evalue": "1.0e+000",
            "pwm": [
              [0.176785, 0.257958, 0.38867, 0.176586], 
              [0.469591, 0.198292, 0.197098, 0.135019], 
              [0.0790078, 0.356575, 0.09214, 0.472277], 
              [0.0974031, 0.0501518, 0.179969, 0.672476], 
              [0.148932, 0.0724346, 0.152016, 0.626618], 
              [0.072534, 0.894408, 0.0116545, 0.0214031], 
              [0.00717742, 0.842596, 0.0624808, 0.0877453], 
              [0.37498, 0.198093, 0.226745, 0.200182], 
              [0.286408, 0.0132461, 0.422293, 0.278052], 
              [0.215802, 0.0356317, 0.530676, 0.217891], 
              [0.629864, 0.044088, 0.0112575, 0.314791], 
              [0.819403, 0.0234921, 0.0149372, 0.142168], 
              [0.413539, 0.259052, 0.185141, 0.142267], 
              [0.0832775, 0.346094, 0.374545, 0.196084], 
              [0.0869581, 0.174, 0.687796, 0.0512461], 
              [0.287005, 0.159576, 0.335351, 0.218068], 
              [0.240176, 0.284348, 0.24903, 0.226447], 
              [0.369471, 0.127246, 0.272681, 0.230602], 
              [0.207126, 0.264126, 0.211005, 0.317743]
            ]
          }, {
            "db": 0,
            "id": "filter10",
            "len": 19,
            "nsites": 19,
            "evalue": "1.0e+000",
            "pwm": [
              [0.231321, 0.2935, 0.212021, 0.263157], 
              [0.221251, 0.271586, 0.267607, 0.239555], 
              [0.269099, 0.27845, 0.243037, 0.209414], 
              [0.287503, 0.214188, 0.24811, 0.250199], 
              [0.273974, 0.267209, 0.266314, 0.192503], 
              [0.195984, 0.133115, 0.327393, 0.343508], 
              [0.60139, 0.124647, 0.251666, 0.0222963], 
              [0.0213037, 0.0137435, 0.015534, 0.949419], 
              [0.0340334, 0.0127475, 0.165031, 0.788188], 
              [0.28783, 0.0169283, 0.534456, 0.160786], 
              [0.0316492, 0.806073, 0.0265759, 0.135702], 
              [0.105749, 0.0221969, 0.85125, 0.0208043], 
              [0.138899, 0.575743, 0.0211067, 0.264251], 
              [0.793241, 0.158979, 0.0207068, 0.0270733], 
              [0.948723, 0.0185183, 0.0194136, 0.0133455], 
              [0.0367225, 0.277257, 0.131524, 0.554497], 
              [0.372692, 0.284348, 0.142779, 0.200182], 
              [0.206827, 0.279743, 0.26144, 0.25199], 
              [0.218565, 0.293471, 0.214387, 0.273576]
            ]
          }, {
            "db": 0,
            "id": "filter11",
            "len": 19,
            "nsites": 19,
            "evalue": "1.0e+000",
            "pwm": [
              [0.19499, 0.427168, 0.161068, 0.216775], 
              [0.229707, 0.244927, 0.293073, 0.232293], 
              [0.207026, 0.24423, 0.286508, 0.262236], 
              [0.198272, 0.198869, 0.322419, 0.28044], 
              [0.200859, 0.243932, 0.376037, 0.179173], 
              [0.239455, 0.224335, 0.35067, 0.185539], 
              [0.157487, 0.298246, 0.326597, 0.21767], 
              [0.184065, 0.450291, 0.15024, 0.215404], 
              [0.144953, 0.204539, 0.401702, 0.248806], 
              [0.218665, 0.0958115, 0.532812, 0.152712], 
              [0.0926191, 0.597213, 0.147923, 0.162246], 
              [0.00847192, 0.738304, 0.237888, 0.0153365], 
              [0.943351, 0.00986387, 0.00896859, 0.0378168], 
              [0.591245, 0.00518809, 0.0105593, 0.393008], 
              [0.0418912, 0.00538703, 0.0183177, 0.934404], 
              [0.0214031, 0.147241, 0.825372, 0.00598429], 
              [0.127756, 0.080898, 0.714427, 0.0769186], 
              [0.109838, 0.486853, 0.110335, 0.292974], 
              [0.245897, 0.324674, 0.335516, 0.0939122]
            ]
          }, {
            "db": 0,
            "id": "filter12",
            "len": 19,
            "nsites": 19,
            "evalue": "1.0e+000",
            "pwm": [
              [0.277455, 0.234581, 0.27855, 0.209414], 
              [0.159079, 0.313565, 0.245424, 0.281932], 
              [0.269325, 0.272608, 0.160786, 0.297281], 
              [0.150041, 0.208539, 0.245051, 0.396369], 
              [0.302026, 0.215482, 0.272382, 0.21011], 
              [0.243236, 0.164948, 0.285414, 0.306403], 
              [0.233961, 0.103958, 0.466613, 0.195467], 
              [0.363638, 0.101293, 0.31867, 0.216398], 
              [0.265147, 0.201973, 0.270917, 0.261963], 
              [0.218764, 0.513215, 0.0979005, 0.17012], 
              [0.521969, 0.131524, 0.0895445, 0.256963], 
              [0.177663, 0.581397, 0.160256, 0.0806832], 
              [0.442487, 0.0310524, 0.074623, 0.451838], 
              [0.303717, 0.0536335, 0.617864, 0.0247853], 
              [0.412147, 0.0740262, 0.262335, 0.251492], 
              [0.150822, 0.173403, 0.523162, 0.152613], 
              [0.185259, 0.312502, 0.00886987, 0.493369], 
              [0.17551, 0.649363, 0.0417004, 0.133427], 
              [0.538382, 0.283126, 0.101183, 0.0773089]
            ]
          }, {
            "db": 0,
            "id": "filter13",
            "len": 19,
            "nsites": 19,
            "evalue": "1.0e+000",
            "pwm": [
              [0.21001, 0.419209, 0.248209, 0.122571], 
              [0.220356, 0.339131, 0.317545, 0.122969], 
              [0.284547, 0.00877038, 0.464816, 0.241867], 
              [0.364895, 0.449251, 0.024089, 0.161764], 
              [0.475764, 0.36645, 0.104953, 0.0528325], 
              [0.520476, 0.113618, 0.349079, 0.0168272], 
              [0.0141414, 0.109141, 0.00906806, 0.867649], 
              [0.116801, 0.15699, 0.269099, 0.45711], 
              [0.158963, 0.10177, 0.178558, 0.560708], 
              [0.140079, 0.467555, 0.0856649, 0.306702], 
              [0.192702, 0.23677, 0.340126, 0.230403], 
              [0.168131, 0.347387, 0.218366, 0.266115], 
              [0.262634, 0.32033, 0.266513, 0.150524], 
              [0.149628, 0.227817, 0.300932, 0.321623], 
              [0.150409, 0.390223, 0.194274, 0.265094], 
              [0.272011, 0.392191, 0.206251, 0.129547], 
              [0.247911, 0.219958, 0.231597, 0.300534], 
              [0.17967, 0.292874, 0.205832, 0.321623], 
              [0.212796, 0.324508, 0.217173, 0.245524]
            ]
          }, {
            "db": 0,
            "id": "filter14",
            "len": 19,
            "nsites": 19,
            "evalue": "1.0e+000",
            "pwm": [
              [0.205335, 0.140377, 0.406874, 0.247414], 
              [0.204241, 0.362209, 0.241644, 0.191906], 
              [0.197576, 0.461387, 0.201257, 0.13978], 
              [0.302921, 0.0565183, 0.559272, 0.081288], 
              [0.296555, 0.515304, 0.0608953, 0.127246], 
              [0.0835841, 0.607877, 0.203764, 0.104775], 
              [0.96315, 0.00558596, 0.00896782, 0.0222963], 
              [0.0239895, 0.0135445, 0.0122513, 0.950215], 
              [0.0724346, 0.21767, 0.621246, 0.0886492], 
              [0.133725, 0.0398101, 0.457653, 0.368812], 
              [0.087248, 0.449903, 0.0283638, 0.434485], 
              [0.14646, 0.212021, 0.43696, 0.20456], 
              [0.184644, 0.178874, 0.433037, 0.203445], 
              [0.23856, 0.364199, 0.0995916, 0.297649], 
              [0.19101, 0.361712, 0.181759, 0.265518], 
              [0.260942, 0.210607, 0.303518, 0.224932], 
              [0.245599, 0.246892, 0.242913, 0.264597], 
              [0.24127, 0.210429, 0.241867, 0.306434], 
              [0.264026, 0.21777, 0.264822, 0.253382]
            ]
          }, {
            "db": 0,
            "id": "filter15",
            "len": 19,
            "nsites": 19,
            "evalue": "1.0e+000",
            "pwm": [
              [0.0405065, 0.847839, 0.0901502, 0.0215046], 
              [0.0144398, 0.732262, 0.144455, 0.108843], 
              [0.622477, 0.0814789, 0.172988, 0.123056], 
              [0.863372, 0.0460733, 0.0304555, 0.0600995], 
              [0.0124503, 0.0845707, 0.00538743, 0.897592], 
              [0.107461, 0.259178, 0.0582151, 0.575146], 
              [0.218189, 0.360455, 0.409899, 0.0114565], 
              [0.107162, 0.215404, 0.619915, 0.0575187], 
              [0.344403, 0.225927, 0.215681, 0.21399], 
              [0.23667, 0.146545, 0.0827801, 0.534005], 
              [0.0888394, 0.39818, 0.203823, 0.309158], 
              [0.0997807, 0.32925, 0.393107, 0.177862], 
              [0.205414, 0.327658, 0.276334, 0.190594], 
              [0.413042, 0.128937, 0.291382, 0.166639], 
              [0.254004, 0.33041, 0.214807, 0.200779], 
              [0.15699, 0.274173, 0.255969, 0.312869], 
              [0.116105, 0.235178, 0.508937, 0.13978], 
              [0.181063, 0.25945, 0.364895, 0.194592], 
              [0.203047, 0.297749, 0.25378, 0.245424]
            ]
          }, {
            "db": 0,
            "id": "filter16",
            "len": 19,
            "nsites": 19,
            "evalue": "1.0e+000",
            "pwm": [
              [0.489738, 0.0365236, 0.0751204, 0.398618], 
              [0.479293, 0.0316492, 0.0501518, 0.438906], 
              [0.260942, 0.227916, 0.223539, 0.287602], 
              [0.106168, 0.173122, 0.0226985, 0.698012], 
              [0.207524, 0.0629843, 0.704309, 0.0251832], 
              [0.0860628, 0.759618, 0.0080733, 0.146246], 
              [0.0919319, 0.332366, 0.041, 0.534702], 
              [0.213492, 0.083377, 0.562953, 0.140178], 
              [0.580618, 0.0583146, 0.206748, 0.154319], 
              [0.179571, 0.438508, 0.231696, 0.150225], 
              [0.154985, 0.225705, 0.156974, 0.462336], 
              [0.216775, 0.376236, 0.163754, 0.243236], 
              [0.335351, 0.136398, 0.285314, 0.242937], 
              [0.183948, 0.0803927, 0.593194, 0.142466], 
              [0.133911, 0.539576, 0.192801, 0.133712], 
              [0.434728, 0.142267, 0.240351, 0.182654], 
              [0.312272, 0.156293, 0.174298, 0.357136], 
              [0.387079, 0.0772094, 0.117199, 0.418513], 
              [0.347984, 0.119785, 0.0734293, 0.458801]
            ]
          }, {
            "db": 0,
            "id": "filter17",
            "len": 19,
            "nsites": 19,
            "evalue": "1.0e+000",
            "pwm": [
              [0.194592, 0.271686, 0.211005, 0.322717], 
              [0.19867, 0.209115, 0.34112, 0.251094], 
              [0.53624, 0.0992834, 0.281705, 0.082772], 
              [0.376198, 0.044179, 0.36655, 0.213073], 
              [0.0230921, 0.362273, 0.0389072, 0.575728], 
              [0.227618, 0.361812, 0.307199, 0.103372], 
              [0.887843, 0.085466, 0.00926702, 0.0174241], 
              [0.794435, 0.0621885, 0.0932251, 0.0501518], 
              [0.0338377, 0.0245864, 0.0294607, 0.912115], 
              [0.228115, 0.723906, 0.0351309, 0.0128482], 
              [0.748253, 0.08826, 0.0959205, 0.0675668], 
              [0.279942, 0.34122, 0.105958, 0.27288], 
              [0.37534, 0.247115, 0.180068, 0.197476], 
              [0.194174, 0.255943, 0.368539, 0.181343], 
              [0.220555, 0.31088, 0.201257, 0.267309], 
              [0.247016, 0.33734, 0.249204, 0.16644], 
              [0.248533, 0.280567, 0.298077, 0.172823], 
              [0.231597, 0.238063, 0.266911, 0.263429], 
              [0.150822, 0.221649, 0.417717, 0.209812]
            ]
          }, {
            "db": 0,
            "id": "filter18",
            "len": 19,
            "nsites": 19,
            "evalue": "1.0e+000",
            "pwm": [
              [0.142168, 0.255969, 0.217969, 0.383895], 
              [0.0618901, 0.364895, 0.0837749, 0.48944], 
              [0.329482, 0.14933, 0.48745, 0.0337382], 
              [0.617068, 0.114314, 0.197576, 0.0710419], 
              [0.655168, 0.238063, 0.0349319, 0.0718377], 
              [0.00697906, 0.549325, 0.433335, 0.0103613], 
              [0.23351, 0.0274738, 0.241768, 0.497249], 
              [0.0302594, 0.331007, 0.0885585, 0.550175], 
              [0.0151375, 0.481828, 0.170535, 0.332499], 
              [0.470141, 0.0217016, 0.492822, 0.0153351], 
              [0.318738, 0.250597, 0.279346, 0.151319], 
              [0.338236, 0.258953, 0.204639, 0.198173], 
              [0.0952241, 0.248732, 0.461234, 0.19481], 
              [0.16833, 0.355047, 0.210806, 0.265817], 
              [0.194492, 0.270094, 0.333162, 0.202251], 
              [0.290785, 0.317843, 0.17599, 0.215382], 
              [0.410356, 0.166639, 0.250199, 0.172806], 
              [0.259974, 0.258382, 0.249726, 0.231918], 
              [0.314461, 0.224435, 0.176188, 0.284916]
            ]
          }, {
            "db": 0,
            "id": "filter19",
            "len": 19,
            "nsites": 19,
            "evalue": "1.0e+000",
            "pwm": [
              [0.272482, 0.250995, 0.26333, 0.213194], 
              [0.156393, 0.255571, 0.222147, 0.36589], 
              [0.250099, 0.259649, 0.253283, 0.236969], 
              [0.0866682, 0.186652, 0.103183, 0.623497], 
              [0.0694503, 0.21011, 0.503565, 0.216874], 
              [0.705233, 0.0652659, 0.212277, 0.0172235], 
              [0.0954042, 0.110921, 0.228689, 0.564986], 
              [0.0578115, 0.307696, 0.0637801, 0.570712], 
              [0.00956627, 0.546693, 0.414277, 0.0294635], 
              [0.35455, 0.0332408, 0.571906, 0.0403037], 
              [0.376534, 0.21001, 0.0962094, 0.317246], 
              [0.0734293, 0.331471, 0.175293, 0.419806], 
              [0.254874, 0.286906, 0.341419, 0.116801], 
              [0.494016, 0.171314, 0.173005, 0.161665], 
              [0.334522, 0.232668, 0.242018, 0.190793], 
              [0.250472, 0.25465, 0.26221, 0.232668], 
              [0.213492, 0.26134, 0.233387, 0.29178], 
              [0.290984, 0.275267, 0.209712, 0.224037], 
              [0.268702, 0.258853, 0.211602, 0.260843]
            ]
          }, {
            "db": 0,
            "id": "filter2",
            "len": 19,
            "nsites": 19,
            "evalue": "1.0e+000",
            "pwm": [
              [0.204261, 0.224656, 0.433876, 0.137207], 
              [0.168628, 0.226126, 0.305707, 0.299539], 
              [0.537984, 0.133712, 0.283623, 0.0446806], 
              [0.0097644, 0.0402042, 0.00767539, 0.942356], 
              [0.0108586, 0.00658115, 0.775037, 0.207524], 
              [0.930618, 0.0309529, 0.0177225, 0.0207068], 
              [0.045377, 0.495707, 0.404089, 0.0548272], 
              [0.0189162, 0.00727749, 0.0209058, 0.952901], 
              [0.142366, 0.826267, 0.0067801, 0.0245864], 
              [0.946037, 0.0158325, 0.0294607, 0.00867016], 
              [0.0207087, 0.397265, 0.137904, 0.444123], 
              [0.211801, 0.372058, 0.147141, 0.269], 
              [0.227916, 0.327592, 0.276162, 0.16833], 
              [0.114613, 0.439503, 0.132021, 0.313864], 
              [0.17967, 0.27099, 0.304314, 0.245026], 
              [0.239455, 0.32401, 0.263827, 0.172707], 
              [0.22963, 0.229929, 0.373587, 0.166854], 
              [0.214288, 0.271089, 0.229607, 0.285016], 
              [0.216554, 0.287176, 0.279119, 0.217151]
            ]
          }, {
            "db": 0,
            "id": "filter20",
            "len": 19,
            "nsites": 19,
            "evalue": "1.0e+000",
            "pwm": [
              [0.157785, 0.318639, 0.284021, 0.239555], 
              [0.107141, 0.533554, 0.202927, 0.156377], 
              [0.638754, 0.0610942, 0.222346, 0.0778063], 
              [0.0161309, 0.929026, 0.0269738, 0.0278691], 
              [0.0577064, 0.0210033, 0.802611, 0.118679], 
              [0.147454, 0.12318, 0.0421978, 0.687168], 
              [0.0966169, 0.440939, 0.411292, 0.0511516], 
              [0.491728, 0.167136, 0.205733, 0.135403], 
              [0.228735, 0.40592, 0.128751, 0.236594], 
              [0.0519424, 0.335649, 0.547634, 0.0647749], 
              [0.319733, 0.279346, 0.193298, 0.207623], 
              [0.0904398, 0.579665, 0.147838, 0.182058], 
              [0.231895, 0.126152, 0.384094, 0.257859], 
              [0.0573197, 0.774915, 0.0166298, 0.151135], 
              [0.106963, 0.0412029, 0.788744, 0.0630899], 
              [0.136497, 0.408963, 0.216775, 0.237764], 
              [0.196959, 0.136782, 0.378585, 0.287673], 
              [0.286408, 0.428361, 0.11889, 0.16634], 
              [0.153707, 0.384691, 0.345398, 0.116204]
            ]
          }, {
            "db": 0,
            "id": "filter21",
            "len": 19,
            "nsites": 19,
            "evalue": "1.0e+000",
            "pwm": [
              [0.345731, 0.134123, 0.332201, 0.187945], 
              [0.105063, 0.315356, 0.108545, 0.471037], 
              [0.0325445, 0.0735288, 0.826665, 0.0672618], 
              [0.218565, 0.705304, 0.0566178, 0.0195131], 
              [0.030356, 0.184047, 0.0186178, 0.766979], 
              [0.0223979, 0.0139424, 0.850639, 0.113021], 
              [0.929822, 0.0418953, 0.00727749, 0.0210052], 
              [0.0577177, 0.549976, 0.33031, 0.0619956], 
              [0.0758168, 0.0570157, 0.0885497, 0.778618], 
              [0.125841, 0.660871, 0.0512411, 0.162047], 
              [0.459949, 0.0606904, 0.373115, 0.106246], 
              [0.066466, 0.114115, 0.61488, 0.204539], 
              [0.0724346, 0.709183, 0.14167, 0.076712], 
              [0.385426, 0.149345, 0.281363, 0.183866], 
              [0.313764, 0.160272, 0.221749, 0.304215], 
              [0.3323, 0.122284, 0.143176, 0.402239], 
              [0.364633, 0.14825, 0.125368, 0.361748], 
              [0.287204, 0.139581, 0.116503, 0.456712], 
              [0.19688, 0.249204, 0.149827, 0.404089]
            ]
          }, {
            "db": 0,
            "id": "filter22",
            "len": 19,
            "nsites": 19,
            "evalue": "1.0e+000",
            "pwm": [
              [0.224158, 0.414376, 0.242165, 0.1193], 
              [0.0101614, 0.822206, 0.0715322, 0.0961005], 
              [0.0545341, 0.756908, 0.138799, 0.0497588], 
              [0.242539, 0.0268743, 0.0379162, 0.69267], 
              [0.0851675, 0.0606963, 0.00857068, 0.845565], 
              [0.249403, 0.00787435, 0.0170262, 0.725696], 
              [0.0246859, 0.229209, 0.00598429, 0.74012], 
              [0.642634, 0.24622, 0.0549267, 0.0562199], 
              [0.317612, 0.210189, 0.0200086, 0.452191], 
              [0.0293641, 0.264649, 0.689854, 0.0161324], 
              [0.0116545, 0.00608377, 0.972597, 0.00966492], 
              [0.183468, 0.0515495, 0.614941, 0.150041], 
              [0.85989, 0.0909372, 0.0360262, 0.0131466], 
              [0.908625, 0.00658168, 0.0610007, 0.0237928], 
              [0.408963, 0.0456754, 0.0987958, 0.446565], 
              [0.288568, 0.334621, 0.170302, 0.206508], 
              [0.180764, 0.515801, 0.18922, 0.114215], 
              [0.192223, 0.405622, 0.181678, 0.220477], 
              [0.0699476, 0.261838, 0.260346, 0.407869]
            ]
          }, {
            "db": 0,
            "id": "filter23",
            "len": 19,
            "nsites": 19,
            "evalue": "1.0e+000",
            "pwm": [
              [0.146346, 0.437115, 0.249801, 0.166738], 
              [0.207623, 0.233089, 0.364199, 0.195089], 
              [0.212597, 0.304613, 0.284419, 0.198372], 
              [0.19877, 0.225728, 0.363503, 0.212], 
              [0.253084, 0.353853, 0.175592, 0.217471], 
              [0.229585, 0.350337, 0.21178, 0.208299], 
              [0.220356, 0.512021, 0.0691518, 0.198471], 
              [0.67367, 0.0630838, 0.0637801, 0.199466], 
              [0.841487, 0.0080733, 0.0243874, 0.126052], 
              [0.646414, 0.00608377, 0.0129476, 0.334555], 
              [0.333162, 0.00837173, 0.00489005, 0.653576], 
              [0.130615, 0.0310494, 0.0105593, 0.827776], 
              [0.299738, 0.0285654, 0.293969, 0.377728], 
              [0.0437853, 0.00827225, 0.91301, 0.0349319], 
              [0.152329, 0.617926, 0.108854, 0.120892], 
              [0.135204, 0.136099, 0.374644, 0.354052], 
              [0.197695, 0.153921, 0.502919, 0.145465], 
              [0.428859, 0.208021, 0.289393, 0.0737277], 
              [0.0635812, 0.300534, 0.26701, 0.368874]
            ]
          }, {
            "db": 0,
            "id": "filter24",
            "len": 19,
            "nsites": 19,
            "evalue": "1.0e+000",
            "pwm": [
              [0.0914346, 0.285016, 0.226424, 0.397126], 
              [0.332565, 0.128937, 0.306403, 0.232094], 
              [0.194672, 0.27136, 0.451494, 0.0824736], 
              [0.158581, 0.420801, 0.359325, 0.0612932], 
              [0.0655707, 0.607021, 0.103073, 0.224335], 
              [0.0314472, 0.15956, 0.740942, 0.0680509], 
              [0.153806, 0.138785, 0.286209, 0.421199], 
              [0.0530366, 0.013445, 0.625424, 0.308094], 
              [0.00956545, 0.0114555, 0.28611, 0.692869], 
              [0.123565, 0.0371204, 0.715749, 0.123565], 
              [0.778739, 0.188306, 0.00777422, 0.0251809], 
              [0.636068, 0.232094, 0.0109581, 0.12088], 
              [0.0206073, 0.629503, 0.0308534, 0.319037], 
              [0.0960105, 0.443681, 0.203147, 0.257162], 
              [0.656759, 0.113419, 0.0592042, 0.170618], 
              [0.102168, 0.294835, 0.509483, 0.0935143], 
              [0.195307, 0.148847, 0.466806, 0.18904], 
              [0.157089, 0.171016, 0.520974, 0.150921], 
              [0.0645759, 0.524356, 0.297848, 0.11322]
            ]
          }, {
            "db": 0,
            "id": "filter25",
            "len": 19,
            "nsites": 19,
            "evalue": "1.0e+000",
            "pwm": [
              [0.166042, 0.313466, 0.265618, 0.254874], 
              [0.0969058, 0.168628, 0.186136, 0.54833], 
              [0.436319, 0.0300576, 0.484068, 0.049555], 
              [0.0378168, 0.121277, 0.0355288, 0.805377], 
              [0.10955, 0.34394, 0.460538, 0.0859718], 
              [0.570016, 0.137393, 0.155099, 0.137492], 
              [0.0557225, 0.322319, 0.256864, 0.365094], 
              [0.180466, 0.468948, 0.206827, 0.143759], 
              [0.333361, 0.10188, 0.107848, 0.456911], 
              [0.0758168, 0.219859, 0.315953, 0.388372], 
              [0.77392, 0.0270759, 0.173719, 0.0252851], 
              [0.00359686, 0.194194, 0.0189162, 0.783293], 
              [0.685508, 0.118393, 0.119387, 0.076712], 
              [0.122372, 0.206131, 0.0742251, 0.597272], 
              [0.114414, 0.107848, 0.645518, 0.13222], 
              [0.27288, 0.0181204, 0.560068, 0.148932], 
              [0.224512, 0.241421, 0.289065, 0.245002], 
              [0.0587011, 0.688225, 0.0942106, 0.158864], 
              [0.274001, 0.18894, 0.234008, 0.303051]
            ]
          }, {
            "db": 0,
            "id": "filter26",
            "len": 19,
            "nsites": 19,
            "evalue": "1.0e+000",
            "pwm": [
              [0.215183, 0.219859, 0.31466, 0.250298], 
              [0.534051, 0.171297, 0.161052, 0.133599], 
              [0.0962094, 0.577178, 0.295759, 0.0308534], 
              [0.182058, 0.164649, 0.0273717, 0.625921], 
              [0.0710419, 0.22533, 0.302623, 0.401005], 
              [0.941759, 0.019712, 0.0244869, 0.0140419], 
              [0.00508863, 0.0314472, 0.0254793, 0.937985], 
              [0.522665, 0.274173, 0.155696, 0.047466], 
              [0.630037, 0.0204065, 0.127134, 0.222423], 
              [0.0738272, 0.453131, 0.391654, 0.0813874], 
              [0.17589, 0.209115, 0.243335, 0.37166], 
              [0.176487, 0.35266, 0.181958, 0.288895], 
              [0.288867, 0.234757, 0.214167, 0.26221], 
              [0.234604, 0.233112, 0.244951, 0.287332], 
              [0.226799, 0.25087, 0.190793, 0.331538], 
              [0.284319, 0.233586, 0.231895, 0.250199], 
              [0.150409, 0.362273, 0.308362, 0.178956], 
              [0.172508, 0.373948, 0.180366, 0.273178], 
              [0.327094, 0.196183, 0.353257, 0.123466]
            ]
          }, {
            "db": 0,
            "id": "filter27",
            "len": 19,
            "nsites": 19,
            "evalue": "1.0e+000",
            "pwm": [
              [0.258654, 0.251791, 0.24622, 0.243335], 
              [0.206906, 0.390123, 0.175574, 0.227396], 
              [0.359822, 0.282827, 0.0843717, 0.272979], 
              [0.451937, 0.140277, 0.200759, 0.207026], 
              [0.294963, 0.117298, 0.0956126, 0.492126], 
              [0.336312, 0.0150353, 0.605966, 0.042687], 
              [0.00926781, 0.146261, 0.0240913, 0.82038], 
              [0.298813, 0.195865, 0.178956, 0.326365], 
              [0.225805, 0.267382, 0.302692, 0.204121], 
              [0.912613, 0.0162304, 0.0674607, 0.00369634], 
              [0.0862533, 0.751983, 0.00966409, 0.1521], 
              [0.576581, 0.0962094, 0.0968063, 0.230403], 
              [0.177084, 0.182555, 0.195586, 0.444775], 
              [0.338335, 0.0901414, 0.163257, 0.408267], 
              [0.143063, 0.196084, 0.436419, 0.224435], 
              [0.287304, 0.264126, 0.237665, 0.210906], 
              [0.319335, 0.197775, 0.248508, 0.234382], 
              [0.219759, 0.375937, 0.181759, 0.222545], 
              [0.243435, 0.233387, 0.222047, 0.301131]
            ]
          }, {
            "db": 0,
            "id": "filter28",
            "len": 19,
            "nsites": 19,
            "evalue": "1.0e+000",
            "pwm": [
              [0.221948, 0.215382, 0.315555, 0.247115], 
              [0.191209, 0.39444, 0.203942, 0.210408], 
              [0.376932, 0.15311, 0.320529, 0.149429], 
              [0.172425, 0.195307, 0.0784109, 0.553856], 
              [0.20245, 0.0971047, 0.498691, 0.201754], 
              [0.374246, 0.147738, 0.377031, 0.100984], 
              [0.327027, 0.127856, 0.375975, 0.169142], 
              [0.124063, 0.387079, 0.173005, 0.315853], 
              [0.0144398, 0.933801, 0.00658115, 0.045178], 
              [0.892319, 0.011356, 0.066267, 0.0300576], 
              [0.0105593, 0.731194, 0.0127475, 0.245499], 
              [0.210906, 0.0338377, 0.714058, 0.041199], 
              [0.0574192, 0.214906, 0.0396112, 0.688063], 
              [0.133599, 0.084065, 0.755464, 0.0268718], 
              [0.113717, 0.205136, 0.418911, 0.262236], 
              [0.151916, 0.273775, 0.178079, 0.39623], 
              [0.110623, 0.481732, 0.108036, 0.299609], 
              [0.214586, 0.17778, 0.253681, 0.353953], 
              [0.323911, 0.258058, 0.192602, 0.225429]
            ]
          }, {
            "db": 0,
            "id": "filter29",
            "len": 19,
            "nsites": 19,
            "evalue": "1.0e+000",
            "pwm": [
              [0.294097, 0.323844, 0.206848, 0.175211], 
              [0.252387, 0.213194, 0.280937, 0.253482], 
              [0.253183, 0.220455, 0.224435, 0.301927], 
              [0.257162, 0.311775, 0.217571, 0.213492], 
              [0.397126, 0.170717, 0.292476, 0.139681], 
              [0.18751, 0.381967, 0.198253, 0.23227], 
              [0.181262, 0.0513455, 0.165843, 0.60155], 
              [0.21777, 0.0290628, 0.0530366, 0.700131], 
              [0.0301571, 0.858696, 0.0765131, 0.0346335], 
              [0.069656, 0.908824, 0.0136452, 0.007875], 
              [0.00498916, 0.00459129, 0.952706, 0.0377136], 
              [0.0193141, 0.134209, 0.817513, 0.0289634], 
              [0.656162, 0.0615916, 0.0543298, 0.227916], 
              [0.597511, 0.135987, 0.0824736, 0.184029], 
              [0.222445, 0.16077, 0.454026, 0.162759], 
              [0.135616, 0.26057, 0.201376, 0.402438], 
              [0.212696, 0.228414, 0.302126, 0.256764], 
              [0.279147, 0.262733, 0.227021, 0.231099], 
              [0.200083, 0.296883, 0.264152, 0.238882]
            ]
          }, {
            "db": 0,
            "id": "filter3",
            "len": 19,
            "nsites": 19,
            "evalue": "1.0e+000",
            "pwm": [
              [0.178992, 0.0637864, 0.693734, 0.0634879], 
              [0.0883508, 0.695555, 0.00717801, 0.208916], 
              [0.0908287, 0.0416923, 0.81027, 0.0572091], 
              [0.136099, 0.338435, 0.388173, 0.137293], 
              [0.260346, 0.519482, 0.0183194, 0.201853], 
              [0.167634, 0.519283, 0.211602, 0.101482], 
              [0.222545, 0.0564188, 0.485859, 0.235178], 
              [0.224832, 0.457707, 0.0843717, 0.233089], 
              [0.232791, 0.188325, 0.335052, 0.243832], 
              [0.205136, 0.0703455, 0.475613, 0.248906], 
              [0.253258, 0.332333, 0.235155, 0.179254], 
              [0.22523, 0.230602, 0.341916, 0.202251], 
              [0.140178, 0.283822, 0.438209, 0.137791], 
              [0.244827, 0.0996911, 0.480984, 0.174497], 
              [0.197675, 0.60722, 0.0722356, 0.122869], 
              [0.195288, 0.0629843, 0.600654, 0.141073], 
              [0.340126, 0.352162, 0.0688534, 0.238859], 
              [0.245499, 0.229386, 0.355609, 0.169507], 
              [0.349974, 0.155796, 0.218864, 0.275366]
            ]
          }, {
            "db": 0,
            "id": "filter4",
            "len": 19,
            "nsites": 19,
            "evalue": "1.0e+000",
            "pwm": [
              [0.0245864, 0.852827, 0.0373194, 0.085267], 
              [0.0148377, 0.43801, 0.019911, 0.527241], 
              [0.783592, 0.0496545, 0.0270733, 0.139681], 
              [0.299241, 0.043288, 0.0288639, 0.628607], 
              [0.498194, 0.0832775, 0.066267, 0.352262], 
              [0.378685, 0.0634755, 0.0306515, 0.527188], 
              [0.617963, 0.024089, 0.0293613, 0.328586], 
              [0.134408, 0.0360262, 0.049356, 0.780209], 
              [0.546937, 0.0352304, 0.406476, 0.011356], 
              [0.0696492, 0.0315497, 0.845466, 0.0533351], 
              [0.300136, 0.433236, 0.107152, 0.159476], 
              [0.21178, 0.325968, 0.228093, 0.23416], 
              [0.189717, 0.305508, 0.169524, 0.335251], 
              [0.192005, 0.272283, 0.222942, 0.31277], 
              [0.268005, 0.21001, 0.295958, 0.226026], 
              [0.211901, 0.234979, 0.315058, 0.238063], 
              [0.220654, 0.258157, 0.273079, 0.24811], 
              [0.227021, 0.309586, 0.274969, 0.188424], 
              [0.214366, 0.315524, 0.221627, 0.248483]
            ]
          }, {
            "db": 0,
            "id": "filter5",
            "len": 19,
            "nsites": 19,
            "evalue": "1.0e+000",
            "pwm": [
              [0.233785, 0.218864, 0.212497, 0.334853], 
              [0.204738, 0.197277, 0.256764, 0.34122], 
              [0.311377, 0.0647749, 0.365592, 0.258257], 
              [0.512916, 0.0822827, 0.257759, 0.147042], 
              [0.0930262, 0.179571, 0.0768115, 0.650592], 
              [0.098, 0.464471, 0.194293, 0.243236], 
              [0.805675, 0.0175236, 0.0144398, 0.162361], 
              [0.175791, 0.0253822, 0.0562199, 0.742607], 
              [0.0693576, 0.0122524, 0.0330451, 0.885345], 
              [0.354848, 0.00568586, 0.617764, 0.0217016], 
              [0.460791, 0.0913351, 0.219063, 0.228812], 
              [0.139183, 0.125853, 0.0490576, 0.685906], 
              [0.0402081, 0.595442, 0.0779134, 0.286437], 
              [0.394579, 0.125468, 0.270121, 0.209832], 
              [0.364895, 0.209911, 0.216079, 0.209115], 
              [0.277356, 0.210508, 0.151021, 0.361115], 
              [0.178576, 0.201257, 0.254277, 0.36589], 
              [0.246096, 0.186416, 0.24898, 0.318508], 
              [0.223937, 0.278351, 0.246916, 0.250796]
            ]
          }, {
            "db": 0,
            "id": "filter6",
            "len": 19,
            "nsites": 19,
            "evalue": "1.0e+000",
            "pwm": [
              [0.135788, 0.307268, 0.0946085, 0.462336], 
              [0.136511, 0.146857, 0.525602, 0.191029], 
              [0.107649, 0.53888, 0.257262, 0.0962094], 
              [0.133029, 0.475063, 0.104277, 0.287631], 
              [0.216277, 0.326995, 0.334654, 0.122073], 
              [0.403949, 0.204419, 0.165429, 0.226203], 
              [0.183251, 0.320927, 0.325204, 0.170618], 
              [0.145052, 0.222942, 0.586628, 0.045377], 
              [0.0410995, 0.0519424, 0.0506492, 0.856309], 
              [0.143162, 0.759419, 0.0254817, 0.0719372], 
              [0.611199, 0.0461728, 0.281733, 0.0608953], 
              [0.0331414, 0.0122513, 0.85044, 0.104168], 
              [0.00727808, 0.962248, 0.0183211, 0.0121529], 
              [0.750267, 0.0239895, 0.163257, 0.0624869], 
              [0.319068, 0.218388, 0.15989, 0.302653], 
              [0.325204, 0.0573141, 0.0785026, 0.538979], 
              [0.400707, 0.0548272, 0.0372199, 0.507246], 
              [0.219262, 0.123466, 0.072534, 0.584738], 
              [0.194075, 0.230778, 0.154388, 0.420759]
            ]
          }, {
            "db": 0,
            "id": "filter7",
            "len": 19,
            "nsites": 19,
            "evalue": "1.0e+000",
            "pwm": [
              [0.359758, 0.251617, 0.247637, 0.140988], 
              [0.203843, 0.247016, 0.236073, 0.313068], 
              [0.283026, 0.302225, 0.258356, 0.156393], 
              [0.0343351, 0.409361, 0.272382, 0.283921], 
              [0.192702, 0.37912, 0.325602, 0.102576], 
              [0.228314, 0.0163298, 0.658749, 0.0966073], 
              [0.0151347, 0.964642, 0.0142395, 0.00598383], 
              [0.0356248, 0.65729, 0.148818, 0.158267], 
              [0.597869, 0.0426911, 0.29934, 0.0600995], 
              [0.634277, 0.150623, 0.0972042, 0.117895], 
              [0.0405982, 0.396788, 0.0522357, 0.510378], 
              [0.0956126, 0.378026, 0.0845707, 0.441791], 
              [0.29556, 0.0105602, 0.642634, 0.0512461], 
              [0.051649, 0.101392, 0.810929, 0.0360297], 
              [0.227021, 0.341021, 0.0784031, 0.353555], 
              [0.198253, 0.211581, 0.480936, 0.10923], 
              [0.109031, 0.133798, 0.609845, 0.147326], 
              [0.13033, 0.528832, 0.135702, 0.205136], 
              [0.347487, 0.267806, 0.209613, 0.175094]
            ]
          }, {
            "db": 0,
            "id": "filter8",
            "len": 19,
            "nsites": 19,
            "evalue": "1.0e+000",
            "pwm": [
              [0.269398, 0.314063, 0.171414, 0.245126], 
              [0.168031, 0.0773089, 0.614382, 0.140277], 
              [0.0739267, 0.200262, 0.254576, 0.471236], 
              [0.452887, 0.0860544, 0.297122, 0.163937], 
              [0.692739, 0.0957215, 0.0413024, 0.170237], 
              [0.0112565, 0.425974, 0.550717, 0.0120524], 
              [0.456712, 0.0238901, 0.0130471, 0.506351], 
              [0.0277696, 0.418314, 0.371162, 0.182754], 
              [0.42144, 0.0982086, 0.196501, 0.28385], 
              [0.13033, 0.343607, 0.150225, 0.375838], 
              [0.311377, 0.232791, 0.279246, 0.176586], 
              [0.175475, 0.367942, 0.309953, 0.146629], 
              [0.203246, 0.153408, 0.229309, 0.414037], 
