<!DOCTYPE HTML>
<html>
  <head>
    <meta charset="UTF-8">
    <title>TOMTOM</title>
    <script>
      // @JSON_VAR data
      var data = {
        "program": "Tomtom",
        "version": "4.12.0",
        "release": "Tue Jun 27 16:22:50 2017 -0700",
        "cmd": [
          "tomtom", "-evalue", "-thresh", "0.1", "-o",
          "../results/invivo/conv_filters/cnn_50_2",
          "../results/invivo/conv_filters/cnn_50_2_clip.meme",
          "../data/JASPAR_CORE_2016_vertebrates.meme"
        ],
        "options": {
          "strands": "both",
          "distance_measure": "ed",
          "threshold_type": "evalue",
          "threshold_value": 0.1,
          "background_source": "first_target"
        },
        "alphabet": {
          "name": "DNA",
          "like": "dna",
          "ncore": 4,
          "symbols": [
            {
              "symbol": "A",
              "name": "Adenine",
              "colour": "CC0000",
              "complement": "T"
            }, {
              "symbol": "C",
              "name": "Cytosine",
              "colour": "0000CC",
              "complement": "G"
            }, {
              "symbol": "G",
              "name": "Guanine",
              "colour": "FFB300",
              "complement": "C"
            }, {
              "symbol": "T",
              "aliases": "U",
              "name": "Thymine",
              "colour": "008000",
              "complement": "A"
            }, {
              "symbol": "N",
              "aliases": "X.",
              "name": "Any base",
              "equals": "ACGT"
            }, {
              "symbol": "V",
              "name": "Not T",
              "equals": "ACG"
            }, {
              "symbol": "H",
              "name": "Not G",
              "equals": "ACT"
            }, {
              "symbol": "D",
              "name": "Not C",
              "equals": "AGT"
            }, {
              "symbol": "B",
              "name": "Not A",
              "equals": "CGT"
            }, {
              "symbol": "M",
              "name": "Amino",
              "equals": "AC"
            }, {
              "symbol": "R",
              "name": "Purine",
              "equals": "AG"
            }, {
              "symbol": "W",
              "name": "Weak",
              "equals": "AT"
            }, {
              "symbol": "S",
              "name": "Strong",
              "equals": "CG"
            }, {
              "symbol": "Y",
              "name": "Pyrimidine",
              "equals": "CT"
            }, {
              "symbol": "K",
              "name": "Keto",
              "equals": "GT"
            }
          ]
        },
        "background": [0.25, 0.25, 0.25, 0.25],
        "query_dbs": [
          {
            "source": "../results/invivo/conv_filters/cnn_50_2_clip.meme",
            "name": "cnn 50 2 clip",
            "loaded": 30,
            "excluded": 0,
            "last_modified": "Tue Oct  2 10:09:11 2018"
          }
        ],
        "target_dbs": [
          {
            "source": "../data/JASPAR_CORE_2016_vertebrates.meme",
            "name": "JASPAR CORE 2016 vertebrates",
            "loaded": 519,
            "excluded": 0,
            "last_modified": "Mon May 14 20:20:31 2018"
          }
        ],
        "queries": [
          {
            "db": 0,
            "id": "filter0",
            "len": 19,
            "nsites": 19,
            "evalue": "1.0e+000",
            "pwm": [
              [0.540028, 0.0676663, 0.135914, 0.256392], 
              [0.685539, 0.038012, 0.0806832, 0.195766], 
              [0.641838, 0.0254817, 0.0315497, 0.301131], 
              [0.517691, 0.0972042, 0.0507487, 0.334356], 
              [0.125567, 0.180782, 0.0736355, 0.620015], 
              [0.10179, 0.12318, 0.569575, 0.205455], 
              [0.0794974, 0.489141, 0.339827, 0.091534], 
              [0.358167, 0.343741, 0.0380194, 0.260073], 
              [0.153508, 0.458801, 0.182754, 0.204937], 
              [0.386421, 0.352496, 0.121289, 0.139794], 
              [0.480037, 0.158895, 0.207146, 0.153921], 
              [0.303817, 0.155497, 0.531319, 0.00936649], 
              [0.0013089, 0.00240314, 0.00270157, 0.993586], 
              [0.0366195, 0.960365, 0.0013089, 0.00170677], 
              [0.982246, 0.0013089, 0.0129476, 0.00349738], 
              [0.00210471, 0.0013089, 0.925246, 0.0713403], 
              [0.0013089, 0.992293, 0.00508901, 0.0013089], 
              [0.84089, 0.0107592, 0.0715393, 0.0768115], 
              [0.275991, 0.275891, 0.211922, 0.236196]
            ]
          }, {
            "db": 0,
            "id": "filter1",
            "len": 13,
            "nsites": 13,
            "evalue": "1.0e+000",
            "pwm": [
              [0.10442, 0.406397, 0.225786, 0.263397], 
              [0.111168, 0.561702, 0.141137, 0.185992], 
              [0.667654, 0.0844815, 0.204471, 0.0433935], 
              [0.00260312, 0.8066, 0.0270178, 0.16378], 
              [0.0369389, 0.0019084, 0.00369466, 0.957458], 
              [0.0019084, 0.0019084, 0.0019084, 0.994275], 
              [0.0019084, 0.994275, 0.0019084, 0.0019084], 
              [0.0019084, 0.994275, 0.0019084, 0.0019084], 
              [0.0019084, 0.0019084, 0.742511, 0.253672], 
              [0.00369484, 0.107606, 0.847787, 0.0409123], 
              [0.0360458, 0.316588, 0.174878, 0.472489], 
              [0.109679, 0.298229, 0.249504, 0.342588], 
              [0.174779, 0.320458, 0.280069, 0.224695]
            ]
          }, {
            "db": 0,
            "id": "filter10",
            "len": 19,
            "nsites": 19,
            "evalue": "1.0e+000",
            "pwm": [
              [0.187031, 0.630099, 0.141073, 0.0417958], 
              [0.0013089, 0.996073, 0.0013089, 0.0013089], 
              [0.777645, 0.121067, 0.0198097, 0.0814789], 
              [0.411749, 0.476707, 0.0847696, 0.0267749], 
              [0.359858, 0.0634879, 0.044685, 0.531969], 
              [0.0743246, 0.322717, 0.419209, 0.183749], 
              [0.559216, 0.15399, 0.246494, 0.0402998], 
              [0.179887, 0.303051, 0.478346, 0.0387158], 
              [0.22722, 0.273576, 0.17977, 0.319435], 
              [0.156094, 0.150126, 0.455717, 0.238063], 
              [0.0627853, 0.624927, 0.208717, 0.103571], 
              [0.0642775, 0.140775, 0.0553246, 0.739623], 
              [0.113518, 0.207921, 0.598366, 0.0801937], 
              [0.81433, 0.0499529, 0.0500524, 0.0856649], 
              [0.0350314, 0.0860628, 0.135204, 0.743702], 
              [0.0707435, 0.0130471, 0.108743, 0.807466], 
              [0.0013089, 0.0013089, 0.99488, 0.00250262], 
              [0.0215026, 0.0908377, 0.859691, 0.0279686], 
              [0.171215, 0.195885, 0.152215, 0.480686]
            ]
          }, {
            "db": 0,
            "id": "filter11",
            "len": 11,
            "nsites": 11,
            "evalue": "1.0e+000",
            "pwm": [
              [0.153081, 0.423027, 0.239495, 0.184396], 
              [0.0173153, 0.245739, 0.0874775, 0.649468], 
              [0.0330721, 0.170126, 0.618649, 0.178153], 
              [0.96936, 0.00225225, 0.0261351, 0.00225225], 
              [0.00354054, 0.00532432, 0.0081982, 0.982937], 
              [0.0667658, 0.00225225, 0.00254955, 0.928432], 
              [0.00294595, 0.00294595, 0.991559, 0.00254955], 
              [0.00324314, 0.0109721, 0.983533, 0.00225225], 
              [0.0816227, 0.488483, 0.0792446, 0.35065], 
              [0.0125596, 0.310977, 0.0334716, 0.642992], 
              [0.449486, 0.173, 0.310946, 0.0665676]
            ]
          }, {
            "db": 0,
            "id": "filter12",
            "len": 12,
            "nsites": 12,
            "evalue": "1.0e+000",
            "pwm": [
              [0.236413, 0.218066, 0.269339, 0.276182], 
              [0.235742, 0.166215, 0.376484, 0.221559], 
              [0.420678, 0.243752, 0.304843, 0.0307273], 
              [0.00206612, 0.00206612, 0.00206612, 0.993802], 
              [0.00206612, 0.00206612, 0.922595, 0.0732727], 
              [0.993802, 0.00206612, 0.00206612, 0.00206612], 
              [0.0459008, 0.467884, 0.443686, 0.0425289], 
              [0.00226446, 0.00206612, 0.00206612, 0.993603], 
              [0.0660331, 0.929835, 0.00206612, 0.00206612], 
              [0.993603, 0.00206612, 0.00226446, 0.00206612], 
              [0.0353884, 0.300777, 0.267157, 0.396678], 
              [0.221934, 0.38438, 0.171653, 0.222033]
            ]
          }, {
            "db": 0,
            "id": "filter13",
            "len": 13,
            "nsites": 13,
            "evalue": "1.0e+000",
            "pwm": [
              [0.125954, 0.651214, 0.0125267, 0.210305], 
              [0.753031, 0.00746565, 0.111168, 0.128336], 
              [0.0287023, 0.0121298, 0.900992, 0.0581756], 
              [0.0019084, 0.973038, 0.0119313, 0.0131221], 
              [0.796973, 0.0089549, 0.0684036, 0.125669], 
              [0.428527, 0.117221, 0.160588, 0.293664], 
              [0.42674, 0.00577863, 0.00587786, 0.561603], 
              [0.24613, 0.0019084, 0.0019084, 0.750053], 
              [0.146794, 0.0251298, 0.0019084, 0.826168], 
              [0.0797099, 0.12774, 0.00518321, 0.787366], 
              [0.138359, 0.235511, 0.101641, 0.524489], 
              [0.265977, 0.24216, 0.158107, 0.333756], 
              [0.324229, 0.186588, 0.191649, 0.297534]
            ]
          }, {
            "db": 0,
            "id": "filter14",
            "len": 18,
            "nsites": 18,
            "evalue": "1.0e+000",
            "pwm": [
              [0.0570718, 0.395989, 0.440442, 0.106497], 
              [0.0634365, 0.407624, 0.418464, 0.110475], 
              [0.0407624, 0.369934, 0.502099, 0.0872044], 
              [0.0123204, 0.722077, 0.245028, 0.0205746], 
              [0.0839309, 0.47082, 0.360522, 0.0847266], 
              [0.0848177, 0.209227, 0.661215, 0.0447403], 
              [0.0848177, 0.365956, 0.534519, 0.0147072], 
              [0.0261436, 0.481116, 0.446807, 0.0459337], 
              [0.0449349, 0.71405, 0.136517, 0.104498], 
              [0.0723867, 0.583746, 0.286895, 0.0569724], 
              [0.0678122, 0.333536, 0.528851, 0.0698011], 
              [0.0339006, 0.229116, 0.681304, 0.0556796], 
              [0.0520994, 0.51284, 0.400663, 0.0343978], 
              [0.136431, 0.444122, 0.356409, 0.0630387], 
              [0.0546904, 0.405377, 0.472312, 0.0676199], 
              [0.077558, 0.420155, 0.364762, 0.137525], 
              [0.100431, 0.313945, 0.491459, 0.0941657], 
              [0.0463315, 0.353326, 0.594486, 0.00585635]
            ]
          }, {
            "db": 0,
            "id": "filter15",
            "len": 14,
            "nsites": 14,
            "evalue": "1.0e+000",
            "pwm": [
              [0.300241, 0.229149, 0.148823, 0.321787], 
              [0.274426, 0.152099, 0.356936, 0.216539], 
              [0.357333, 0.0910355, 0.476582, 0.0750496], 
              [0.0356278, 0.0324508, 0.0192465, 0.912675], 
              [0.0176596, 0.308681, 0.246227, 0.427433], 
              [0.675195, 0.00435435, 0.220985, 0.0994654], 
              [0.00197163, 0.841872, 0.00177305, 0.154383], 
              [0.57234, 0.00683637, 0.374076, 0.0467473], 
              [0.207801, 0.00177305, 0.00187234, 0.788553], 
              [0.00177305, 0.701008, 0.293361, 0.00385795], 
              [0.942553, 0.0106099, 0.0306667, 0.0161702], 
              [0.00862411, 0.473007, 0.114667, 0.403702], 
              [0.236175, 0.323939, 0.11813, 0.321755], 
              [0.296369, 0.211574, 0.183574, 0.308482]
            ]
          }, {
            "db": 0,
            "id": "filter16",
            "len": 14,
            "nsites": 14,
            "evalue": "1.0e+000",
            "pwm": [
              [0.249702, 0.276411, 0.234809, 0.239078], 
              [0.297858, 0.116156, 0.268071, 0.317915], 
              [0.427035, 0.110199, 0.408965, 0.0538014], 
              [0.0101135, 0.0124965, 0.0158723, 0.961518], 
              [0.0088227, 0.00673759, 0.295972, 0.688468], 
              [0.350979, 0.0111064, 0.528908, 0.109007], 
              [0.108511, 0.427333, 0.0556879, 0.408468], 
              [0.071078, 0.00286525, 0.911177, 0.0148794], 
              [0.00365957, 0.965688, 0.00177305, 0.0288794], 
              [0.992596, 0.00177305, 0.00385816, 0.00177305], 
              [0.994681, 0.00177305, 0.00177305, 0.00177305], 
              [0.00991489, 0.279887, 0.106624, 0.603574], 
              [0.363453, 0.337938, 0.130242, 0.168366], 
              [0.255759, 0.210582, 0.190326, 0.343333]
            ]
          }, {
            "db": 0,
            "id": "filter17",
            "len": 13,
            "nsites": 13,
            "evalue": "1.0e+000",
            "pwm": [
              [0.14858, 0.279275, 0.36571, 0.206435], 
              [0.351618, 0.254168, 0.349832, 0.0443817], 
              [0.5958, 0.0263231, 0.29151, 0.0863672], 
              [0.0019084, 0.991298, 0.00220611, 0.00458779], 
              [0.00379408, 0.988419, 0.00558052, 0.00220614], 
              [0.982366, 0.0019084, 0.0019084, 0.0138168], 
              [0.992092, 0.0019084, 0.00389313, 0.00210687], 
              [0.0019084, 0.0048855, 0.0019084, 0.991298], 
              [0.09409, 0.695999, 0.165136, 0.0447743], 
              [0.759854, 0.0558985, 0.177575, 0.00667223], 
              [0.166046, 0.117023, 0.64645, 0.0704809], 
              [0.333293, 0.442762, 0.11634, 0.107606], 
              [0.490351, 0.0488473, 0.274611, 0.186191]
            ]
          }, {
            "db": 0,
            "id": "filter18",
            "len": 16,
            "nsites": 16,
            "evalue": "1.0e+000",
            "pwm": [
              [0.333379, 0.132932, 0.379888, 0.153801], 
              [0.070018, 0.368025, 0.362958, 0.198999], 
              [0.0801615, 0.402745, 0.186894, 0.330199], 
              [0.146348, 0.0276894, 0.690348, 0.135615], 
              [0.0371269, 0.944962, 0.00850862, 0.00940294], 
              [0.0015528, 0.995342, 0.0015528, 0.0015528], 
              [0.553757, 0.335996, 0.0752993, 0.0349474], 
              [0.0138745, 0.708165, 0.0836315, 0.194329], 
              [0.0137764, 0.834348, 0.00691925, 0.144957], 
              [0.43395, 0.0245093, 0.0177516, 0.523789], 
              [0.166323, 0.0210311, 0.778099, 0.0345466], 
              [0.169106, 0.167416, 0.651689, 0.0117888], 
              [0.0411056, 0.0939752, 0.295814, 0.569106], 
              [0.0015528, 0.0015528, 0.995342, 0.0015528], 
              [0.0201366, 0.00771429, 0.92995, 0.0421988], 
              [0.141081, 0.674944, 0.0536273, 0.130348]
            ]
          }, {
            "db": 0,
            "id": "filter19",
            "len": 14,
            "nsites": 14,
            "evalue": "1.0e+000",
            "pwm": [
              [0.324667, 0.204823, 0.206809, 0.263702], 
              [0.165123, 0.122423, 0.339296, 0.373158], 
              [0.613007, 0.114965, 0.26817, 0.00385816], 
              [0.00177305, 0.00177305, 0.00177305, 0.994681], 
              [0.00177305, 0.00177305, 0.00177305, 0.994681], 
              [0.00286525, 0.00177305, 0.993291, 0.00207092], 
              [0.00475177, 0.933518, 0.00316312, 0.0585674], 
              [0.504681, 0.0612482, 0.323574, 0.110496], 
              [0.182582, 0.407972, 0.0275887, 0.381858], 
              [0.572596, 0.409064, 0.00177305, 0.0165674], 
              [0.984752, 0.00504965, 0.00564539, 0.00455319], 
              [0.0542979, 0.378085, 0.129163, 0.438454], 
              [0.29763, 0.269931, 0.114655, 0.317784], 
              [0.231433, 0.241759, 0.269957, 0.256851]
            ]
          }, {
            "db": 0,
            "id": "filter2",
            "len": 12,
            "nsites": 12,
            "evalue": "1.0e+000",
            "pwm": [
              [0.269438, 0.21638, 0.328248, 0.185934], 
              [0.280744, 0.199421, 0.32557, 0.194264], 
              [0.189405, 0.353438, 0.298496, 0.158661], 
              [0.021998, 0.973771, 0.00216528, 0.00206612], 
              [0.876689, 0.00206612, 0.070489, 0.0507555], 
              [0.00206612, 0.735157, 0.00206612, 0.260711], 
              [0.241372, 0.00206612, 0.754496, 0.00206612], 
              [0.048876, 0.0764463, 0.00256198, 0.872116], 
              [0.00206612, 0.00206612, 0.964347, 0.0315207], 
              [0.171752, 0.278562, 0.355917, 0.193769], 
              [0.192975, 0.339851, 0.198331, 0.268843], 
              [0.201504, 0.328843, 0.20805, 0.261603]
            ]
          }, {
            "db": 0,
            "id": "filter20",
            "len": 10,
            "nsites": 10,
            "evalue": "1.0e+000",
            "pwm": [
              [0.193069, 0.309505, 0.350693, 0.146733], 
              [0.122277, 0.476337, 0.337327, 0.0640594], 
              [0.099604, 0.416337, 0.387525, 0.0965347], 
              [0.0566337, 0.139406, 0.729406, 0.0745545], 
              [0.00247525, 0.992574, 0.00247525, 0.00247525], 
              [0.00247525, 0.00356436, 0.991485, 0.00247525], 
              [0.0244554, 0.83198, 0.0794059, 0.0641584], 
              [0.0553465, 0.40604, 0.393465, 0.145149], 
              [0.0328713, 0.376139, 0.454158, 0.136832], 
              [0.0734653, 0.406337, 0.272772, 0.247426]
            ]
          }, {
            "db": 0,
            "id": "filter21",
            "len": 15,
            "nsites": 15,
            "evalue": "1.0e+000",
            "pwm": [
              [0.381026, 0.0267881, 0.0683113, 0.523874], 
              [0.0340365, 0.116479, 0.719498, 0.129987], 
              [0.0788411, 0.89351, 0.0254967, 0.00215232], 
              [0.474901, 0.00165563, 0.00165563, 0.521788], 
              [0.00334437, 0.0704967, 0.903543, 0.0226159], 
              [0.217219, 0.46, 0.203212, 0.11957], 
              [0.383449, 0.0764644, 0.195781, 0.344306], 
              [0.121755, 0.538675, 0.215232, 0.124338], 
              [0.392649, 0.108543, 0.162384, 0.336424], 
              [0.0401987, 0.53053, 0.416987, 0.0122848], 
              [0.501673, 0.0377188, 0.0452693, 0.415339], 
              [0.0169536, 0.228245, 0.741523, 0.0132781], 
              [0.219702, 0.176887, 0.107351, 0.49606], 
              [0.15394, 0.280199, 0.487219, 0.0786424], 
              [0.286656, 0.279007, 0.122947, 0.311391]
            ]
          }, {
            "db": 0,
            "id": "filter22",
            "len": 11,
            "nsites": 11,
            "evalue": "1.0e+000",
            "pwm": [
              [0.187072, 0.324324, 0.226613, 0.261991], 
              [0.269523, 0.106009, 0.432441, 0.192027], 
              [0.231789, 0.581445, 0.137437, 0.049329], 
              [0.0512072, 0.935568, 0.00225225, 0.010973], 
              [0.0082973, 0.00225225, 0.987198, 0.00225225], 
              [0.230676, 0.373477, 0.260901, 0.134946], 
              [0.546757, 0.24279, 0.00879345, 0.20166], 
              [0.745694, 0.0697387, 0.0984775, 0.0860901], 
              [0.591892, 0.0906486, 0.299054, 0.0184054], 
              [0.204691, 0.461927, 0.311708, 0.0216737], 
              [0.393357, 0.157426, 0.426156, 0.023061]
            ]
          }, {
            "db": 0,
            "id": "filter23",
            "len": 10,
            "nsites": 10,
            "evalue": "1.0e+000",
            "pwm": [
              [0.259802, 0.240792, 0.191089, 0.308317], 
              [0.533465, 0.0659406, 0.0205941, 0.38], 
              [0.13495, 0.00623762, 0.604455, 0.254356], 
              [0.992574, 0.00247525, 0.00247525, 0.00247525], 
              [0.00247525, 0.00247525, 0.00247525, 0.992574], 
              [0.844158, 0.00742574, 0.00247525, 0.145941], 
              [0.770693, 0.00732673, 0.106139, 0.115842], 
              [0.298317, 0.144356, 0.335743, 0.221584], 
              [0.400297, 0.184752, 0.244851, 0.170099], 
              [0.385941, 0.189901, 0.18802, 0.236139]
            ]
          }, {
            "db": 0,
            "id": "filter24",
            "len": 16,
            "nsites": 16,
            "evalue": "1.0e+000",
            "pwm": [
              [0.24108, 0.254199, 0.233924, 0.270797], 
              [0.220683, 0.273851, 0.34759, 0.157876], 
              [0.651292, 0.202596, 0.141081, 0.00503106], 
              [0.0015528, 0.00701863, 0.0015528, 0.989876], 
              [0.0015528, 0.0015528, 0.987292, 0.00960248], 
              [0.995342, 0.0015528, 0.0015528, 0.0015528], 
              [0.0261988, 0.769851, 0.117627, 0.086323], 
              [0.173776, 0.0297764, 0.0275901, 0.768857], 
              [0.176261, 0.610745, 0.0677391, 0.145255], 
              [0.653512, 0.0063225, 0.1674, 0.172765], 
              [0.0265963, 0.0015528, 0.961453, 0.0103975], 
              [0.0015528, 0.981429, 0.0129814, 0.00403727], 
              [0.843406, 0.0133777, 0.0479581, 0.0952577], 
              [0.404037, 0.17487, 0.20995, 0.211143], 
              [0.374323, 0.0722112, 0.0975528, 0.455913], 
              [0.316019, 0.09796, 0.0632733, 0.522748]
            ]
          }, {
            "db": 0,
            "id": "filter25",
            "len": 14,
            "nsites": 14,
            "evalue": "1.0e+000",
            "pwm": [
              [0.199064, 0.222695, 0.190723, 0.387518], 
              [0.102355, 0.050227, 0.0103121, 0.837106], 
              [0.00346099, 0.0142837, 0.980482, 0.00177305], 
              [0.00763121, 0.975418, 0.00177305, 0.0151773], 
              [0.170965, 0.132142, 0.0115035, 0.68539], 
              [0.13383, 0.0833901, 0.611121, 0.17166], 
              [0.781305, 0.0179574, 0.0259007, 0.174837], 
              [0.0704823, 0.0871631, 0.830553, 0.0118014], 
              [0.00177305, 0.00177305, 0.00177305, 0.994681], 
              [0.00614184, 0.990312, 0.00177305, 0.00177305], 
              [0.991106, 0.00177305, 0.00534752, 0.00177305], 
              [0.00177305, 0.185244, 0.148609, 0.664373], 
              [0.152184, 0.320167, 0.302495, 0.225155], 
              [0.235778, 0.282539, 0.255138, 0.226545]
            ]
          }, {
            "db": 0,
            "id": "filter26",
            "len": 16,
            "nsites": 16,
            "evalue": "1.0e+000",
            "pwm": [
              [0.263714, 0.143665, 0.298894, 0.293727], 
              [0.211938, 0.385652, 0.21641, 0.186], 
              [0.252783, 0.471217, 0.150919, 0.125081], 
              [0.884932, 0.00532919, 0.0970559, 0.0126832], 
              [0.810478, 0.0812626, 0.0184489, 0.0898101], 
              [0.459238, 0.166041, 0.318404, 0.056316], 
              [0.995342, 0.0015528, 0.0015528, 0.0015528], 
              [0.0015528, 0.0015528, 0.0015528, 0.995342], 
              [0.0015528, 0.0015528, 0.995342, 0.0015528], 
              [0.0015528, 0.0015528, 0.991466, 0.00542857], 
              [0.0838385, 0.870919, 0.00224845, 0.0429938], 
              [0.049354, 0.132932, 0.556186, 0.261528], 
              [0.0754907, 0.109379, 0.724932, 0.0901988], 
              [0.142373, 0.747789, 0.0284845, 0.081354], 
              [0.137304, 0.408311, 0.25318, 0.201205], 
              [0.196435, 0.277627, 0.359118, 0.16682]
            ]
          }, {
            "db": 0,
            "id": "filter27",
            "len": 18,
            "nsites": 18,
            "evalue": "1.0e+000",
            "pwm": [
              [0.441337, 0.0648287, 0.016895, 0.476939], 
              [0.443978, 0.0703909, 0.0429461, 0.442685], 
              [0.480818, 0.0399669, 0.0340994, 0.445116], 
              [0.602243, 0.0354917, 0.0307182, 0.331547], 
              [0.411163, 0.0202744, 0.0319085, 0.536654], 
              [0.405536, 0.0533923, 0.025547, 0.515525], 
              [0.448552, 0.0655184, 0.0369799, 0.44895], 
              [0.460431, 0.0684088, 0.0554807, 0.41568], 
              [0.491956, 0.0704972, 0.0880994, 0.349448], 
              [0.385746, 0.00605525, 0.0816354, 0.526564], 
              [0.600055, 0.00814365, 0.0180884, 0.373713], 
              [0.567337, 0.0144088, 0.0227624, 0.395492], 
              [0.335624, 0.0126188, 0.00625414, 0.645503], 
              [0.484597, 0.0153039, 0.0101326, 0.489967], 
              [0.50021, 0.0281326, 0.0389724, 0.432685], 
              [0.463713, 0.00774586, 0.0505083, 0.478033], 
              [0.528055, 0.0330055, 0.0723867, 0.366552], 
              [0.360785, 0.0754696, 0.101624, 0.462122]
            ]
          }, {
            "db": 0,
            "id": "filter28",
            "len": 13,
            "nsites": 13,
            "evalue": "1.0e+000",
            "pwm": [
              [0.29287, 0.132802, 0.348244, 0.226084], 
              [0.592962, 0.0976718, 0.303389, 0.0059771], 
              [0.0019084, 0.00468702, 0.0019084, 0.991496], 
              [0.0019084, 0.0019084, 0.905458, 0.0907252], 
              [0.791336, 0.0233435, 0.0725649, 0.112756], 
              [0.0438855, 0.038626, 0.0698855, 0.847603], 
              [0.0019084, 0.0019084, 0.994275, 0.0019084], 
              [0.319863, 0.586908, 0.0019084, 0.0913206], 
              [0.988519, 0.00766412, 0.0019084, 0.0019084], 
              [0.994275, 0.0019084, 0.0019084, 0.0019084], 
              [0.0274122, 0.237198, 0.133397, 0.601992], 
              [0.335244, 0.38516, 0.123672, 0.155924], 
              [0.324626, 0.221618, 0.175176, 0.27858]
            ]
          }, {
            "db": 0,
            "id": "filter29",
            "len": 17,
            "nsites": 17,
            "evalue": "1.0e+000",
            "pwm": [
              [0.205064, 0.259842, 0.340965, 0.194129], 
              [0.165298, 0.381228, 0.26024, 0.193234], 
              [0.208544, 0.237673, 0.377649, 0.176135], 
              [0.0826842, 0.0375497, 0.748965, 0.130801], 
              [0.123544, 0.657304, 0.144819, 0.0743333], 
              [0.248012, 0.539895, 0.155953, 0.0561404], 
              [0.0306901, 0.00146199, 0.886953, 0.0808947], 
              [0.00345029, 0.993626, 0.00146199, 0.00146199], 
              [0.00146199, 0.995614, 0.00146199, 0.00146199], 
              [0.995614, 0.00146199, 0.00146199, 0.00146199], 
              [0.00146199, 0.00146199, 0.00146199, 0.995614], 
              [0.0666784, 0.323567, 0.176532, 0.433222], 
              [0.0930234, 0.0140877, 0.0623041, 0.830585], 
              [0.0204503, 0.114099, 0.0115029, 0.853947], 
              [0.163708, 0.163608, 0.435608, 0.237076], 
              [0.202678, 0.193135, 0.377749, 0.226439], 
              [0.267868, 0.317372, 0.16727, 0.24749]
            ]
          }, {
            "db": 0,
            "id": "filter3",
            "len": 10,
            "nsites": 10,
            "evalue": "1.0e+000",
            "pwm": [
              [0.0497972, 0.402237, 0.0263342, 0.521631], 
              [0.378119, 0.0029703, 0.574653, 0.0442574], 
              [0.326139, 0.00247525, 0.660594, 0.0107921], 
              [0.00247525, 0.992574, 0.00247525, 0.00247525], 
              [0.245149, 0.124554, 0.346733, 0.283564], 
              [0.00326733, 0.00247525, 0.984653, 0.00960396], 
              [0.0164342, 0.70587, 0.00336625, 0.274329], 
              [0.113454, 0.355113, 0.0669242, 0.464508], 
              [0.154867, 0.11922, 0.462224, 0.263689], 
              [0.0801068, 0.330132, 0.3738, 0.215962]
            ]
          }, {
            "db": 0,
            "id": "filter4",
            "len": 13,
            "nsites": 13,
            "evalue": "1.0e+000",
            "pwm": [
              [0.178649, 0.283542, 0.0281069, 0.509702], 
              [0.130916, 0.111962, 0.428527, 0.328595], 
              [0.0473588, 0.585221, 0.104023, 0.263397], 
              [0.00587826, 0.201196, 0.062548, 0.730378], 
              [0.118401, 0.18131, 0.58685, 0.113439], 
              [0.992687, 0.0019084, 0.00240458, 0.003], 
              [0.00260298, 0.0111365, 0.0019084, 0.984352], 
              [0.00508397, 0.0019084, 0.0019084, 0.991099], 
              [0.00746565, 0.0213588, 0.961031, 0.010145], 
              [0.00925191, 0.0019084, 0.982366, 0.00647328], 
              [0.172116, 0.237917, 0.0199713, 0.569996], 
              [0.127939, 0.319267, 0.285427, 0.267366], 
              [0.165153, 0.337924, 0.327107, 0.169817]
            ]
          }, {
            "db": 0,
            "id": "filter5",
            "len": 12,
            "nsites": 12,
            "evalue": "1.0e+000",
            "pwm": [
              [0.601669, 0.0163471, 0.0238843, 0.358099], 
              [0.537405, 0.0300331, 0.0222975, 0.410264], 
              [0.298694, 0.164909, 0.119785, 0.416612], 
              [0.0532346, 0.03836, 0.021403, 0.887002], 
              [0.00206612, 0.00315702, 0.992711, 0.00206612], 
              [0.0655372, 0.930331, 0.00206612, 0.00206612], 
              [0.00206612, 0.0102967, 0.00315692, 0.98448], 
              [0.00206612, 0.00206612, 0.957306, 0.038562], 
              [0.992017, 0.00206612, 0.00206612, 0.00385124], 
              [0.0184281, 0.596255, 0.258702, 0.126616], 
              [0.251463, 0.188395, 0.129194, 0.430949], 
              [0.194364, 0.310595, 0.130397, 0.364645]
            ]
          }, {
            "db": 0,
            "id": "filter6",
            "len": 15,
            "nsites": 15,
            "evalue": "1.0e+000",
            "pwm": [
              [0.272053, 0.197748, 0.279106, 0.251093], 
              [0.210981, 0.0664303, 0.329404, 0.393185], 
              [0.642185, 0.0887748, 0.261722, 0.00731788], 
              [0.00165563, 0.0018543, 0.00165563, 0.994834], 
              [0.00165563, 0.00165563, 0.0911589, 0.90553], 
              [0.227351, 0.00165563, 0.325596, 0.445397], 
              [0.0445652, 0.82409, 0.0542, 0.0771448], 
              [0.358775, 0.133874, 0.413808, 0.093543], 
              [0.225364, 0.435066, 0.00175497, 0.337815], 
              [0.694934, 0.301755, 0.00165563, 0.00165563], 
              [0.995033, 0.00165563, 0.00165563, 0.00165563], 
              [0.00463576, 0.247318, 0.0725828, 0.675464], 
              [0.403874, 0.23798, 0.125728, 0.232417], 
              [0.249131, 0.223002, 0.207603, 0.320264], 
              [0.212351, 0.25149, 0.119669, 0.41649]
            ]
          }, {
            "db": 0,
            "id": "filter7",
            "len": 11,
            "nsites": 11,
            "evalue": "1.0e+000",
            "pwm": [
              [0.156649, 0.27755, 0.202829, 0.362973], 
              [0.101758, 0.310679, 0.192542, 0.395021], 
              [0.0746937, 0.543036, 0.159324, 0.222946], 
              [0.0234595, 0.0545766, 0.00294595, 0.919018], 
              [0.0585405, 0.00225225, 0.00225225, 0.936955], 
              [0.993243, 0.00225225, 0.00225225, 0.00225225], 
              [0.00225225, 0.00225225, 0.00225225, 0.993243], 
              [0.00225225, 0.993243, 0.00225225, 0.00225225], 
              [0.327562, 0.00433313, 0.0315827, 0.636522], 
              [0.195317, 0.2305, 0.351116, 0.223067], 
              [0.226117, 0.234937, 0.213036, 0.32591]
            ]
          }, {
            "db": 0,
            "id": "filter8",
            "len": 11,
            "nsites": 11,
            "evalue": "1.0e+000",
            "pwm": [
              [0.261621, 0.255178, 0.309292, 0.173909], 
              [0.328685, 0.229883, 0.326108, 0.115324], 
              [0.483973, 0.160811, 0.326604, 0.0286126], 
              [0.0583423, 0.803667, 0.131775, 0.00621622], 
              [0.268928, 0.726568, 0.00225225, 0.00225225], 
              [0.00225225, 0.00225225, 0.993243, 0.00225225], 
              [0.00225225, 0.00225225, 0.993243, 0.00225225], 
              [0.993243, 0.00225225, 0.00225225, 0.00225225], 
              [0.952414, 0.00383784, 0.00225225, 0.0414955], 
              [0.151, 0.0384234, 0.808324, 0.00225225], 
              [0.0387171, 0.168722, 0.0769655, 0.715595]
            ]
          }, {
            "db": 0,
            "id": "filter9",
            "len": 19,
            "nsites": 19,
            "evalue": "1.0e+000",
            "pwm": [
              [0.550021, 0.0712408, 0.041199, 0.337539], 
              [0.460446, 0.026275, 0.0494507, 0.463828], 
              [0.332267, 0.196382, 0.148037, 0.323314], 
              [0.0694503, 0.0362251, 0.00280105, 0.891524], 
              [0.00867016, 0.00180628, 0.98712, 0.00240314], 
              [0.0339372, 0.929623, 0.00389529, 0.0325445], 
              [0.133798, 0.163937, 0.00528756, 0.696978], 
              [0.146047, 0.0447801, 0.653079, 0.156094], 
              [0.754743, 0.0509476, 0.116403, 0.0779058], 
              [0.0961005, 0.413001, 0.384852, 0.106047], 
              [0.107063, 0.108953, 0.0606028, 0.723381], 
              [0.182853, 0.57499, 0.0656702, 0.176487], 
              [0.628843, 0.00707796, 0.197158, 0.166921], 
              [0.0496545, 0.00419372, 0.882173, 0.0639791], 
              [0.0151361, 0.92634, 0.0372199, 0.0213037], 
              [0.756832, 0.0568168, 0.045377, 0.140974], 
              [0.410953, 0.125157, 0.213194, 0.250696], 
              [0.461433, 0.0409045, 0.0411035, 0.456559], 
              [0.392013, 0.0304526, 0.0364206, 0.541114]
            ]
          }
        ],
        "targets": [
          {
            "db": 0,
            "id": "MA0004.1",
            "alt": "Arnt",
            "len": 6,
            "nsites": 20,
            "url": "http://jaspar.genereg.net?ID=MA0004.1&rm=present&collection=CORE",
            "pwm": [
              [0.200249, 0.797264, 0.00124378, 0.00124378], 
              [0.946517, 0.00124378, 0.050995, 0.00124378], 
              [0.00124378, 0.996269, 0.00124378, 0.00124378], 
              [0.00124378, 0.00124378, 0.996269, 0.00124378], 
              [0.00124378, 0.00124378, 0.00124378, 0.996269], 
              [0.00124378, 0.00124378, 0.996269, 0.00124378]
            ]
          }, {
            "db": 0,
            "id": "MA0018.2",
            "alt": "CREB1",
            "len": 8,
            "nsites": 11,
            "url": "http://jaspar.genereg.net?ID=MA0018.2&rm=present&collection=CORE",
            "pwm": [
              [0.00225225, 0.0923423, 0.0923423, 0.813063], 
              [0.00225225, 0.0923423, 0.903153, 0.00225225], 
              [0.993243, 0.00225225, 0.00225225, 0.00225225], 
              [0.00225225, 0.813063, 0.182432, 0.00225225], 
              [0.0923423, 0.00225225, 0.903153, 0.00225225], 
              [0.00225225, 0.272522, 0.00225225, 0.722973], 
              [0.182432, 0.632883, 0.0923423, 0.0923423], 
              [0.722973, 0.00225225, 0.0923423, 0.182432]
            ]
          }, {
            "db": 0,
            "id": "MA0019.1",
            "alt": "Ddit3::Cebpa",
            "len": 12,
            "nsites": 39,
            "url": "http://jaspar.genereg.net?ID=MA0019.1&rm=present&collection=CORE",
            "pwm": [
              [0.358695, 0.179667, 0.307544, 0.154092], 
              [0.281969, 0.179667, 0.358695, 0.179667], 
              [0.460997, 0.0773657, 0.384271, 0.0773657], 
              [0.000639386, 0.0262148, 0.000639386, 0.972506], 
              [0.000639386, 0.000639386, 0.972506, 0.0262148], 
              [0.102941, 0.844629, 0.000639386, 0.0517902], 
              [0.972506, 0.0262148, 0.000639386, 0.000639386], 
              [0.921356, 0.0517902, 0.0262148, 0.000639386], 
              [0.000639386, 0.154092, 0.000639386, 0.844629], 
              [0.358695, 0.435422, 0.128516, 0.0773657], 
              [0.102941, 0.588875, 0.230818, 0.0773657], 
              [0.000639386, 0.665601, 0.154092, 0.179667]
            ]
          }, {
            "db": 0,
            "id": "MA0025.1",
            "alt": "NFIL3",
            "len": 11,
            "nsites": 23,
            "url": "http://jaspar.genereg.net?ID=MA0025.1&rm=present&collection=CORE",
            "pwm": [
              [0.044372, 0.00108225, 0.00108225, 0.953463], 
              [0.00108225, 0.00108225, 0.0876628, 0.910173], 
              [0.953463, 0.00108225, 0.00108225, 0.044372], 
              [0.00108225, 0.347403, 0.00108225, 0.650433], 
              [0.0876628, 0.00108225, 0.910173, 0.00108225], 
              [0.00108225, 0.00108225, 0.00108225, 0.996753], 
              [0.996753, 0.00108225, 0.00108225, 0.00108225], 
              [0.953463, 0.00108225, 0.044372, 0.00108225], 
              [0.00108225, 0.477273, 0.174242, 0.347403], 
              [0.304113, 0.217532, 0.304113, 0.174242], 
              [0.217532, 0.217532, 0.130953, 0.433983]
            ]
          }, {
            "db": 0,
            "id": "MA0028.2",
            "alt": "ELK1",
            "len": 10,
            "nsites": 50057,
            "url": "http://jaspar.genereg.net?ID=MA0028.2&rm=present&collection=CORE",
            "pwm": [
              [0.681306, 0.0409024, 0.192745, 0.0850463], 
              [0.0249704, 0.939861, 0.0303254, 0.00484249], 
              [0.00776348, 0.990506, 0.0012765, 0.000454499], 
              [4.9943e-07, 0.000458499, 0.998974, 0.000567498], 
              [8.64993e-05, 0.000880498, 0.983721, 0.0153125], 
              [0.993062, 0.00505149, 0.0013445, 0.000542498], 
              [0.94711, 0.00688549, 0.0012415, 0.0447644], 
              [0.0585884, 0.0458644, 0.889835, 0.00571149], 
              [0.0169145, 0.116499, 0.0207375, 0.845849], 
              [0.289781, 0.145676, 0.377082, 0.18746]
            ]
          }, {
            "db": 0,
            "id": "MA0035.3",
            "alt": "Gata1",
            "len": 11,
            "nsites": 17955,
            "url": "http://jaspar.genereg.net?ID=MA0035.3&rm=present&collection=CORE",
            "pwm": [
              [0.11334, 0.240657, 0.140909, 0.505095], 
              [0.0281832, 0.35678, 0.155501, 0.459537], 
              [1.39236e-06, 0.828123, 0.0243403, 0.147537], 
              [1.39236e-06, 0.0388202, 1.39236e-06, 0.961177], 
              [1.39236e-06, 1.39236e-06, 1.39236e-06, 0.999996], 
              [0.999996, 1.39236e-06, 1.39236e-06, 1.39236e-06], 
              [1.39236e-06, 1.39236e-06, 1.39236e-06, 0.999996], 
              [1.39236e-06, 0.999996, 1.39236e-06, 1.39236e-06], 
              [0.120636, 1.39236e-06, 1.39236e-06, 0.879361], 
              [0.139349, 0.343413, 0.37243, 0.144807], 
              [0.105041, 0.282484, 0.0890009, 0.523473]
            ]
          }, {
            "db": 0,
            "id": "MA0036.2",
            "alt": "GATA2",
            "len": 14,
            "nsites": 4380,
            "url": "http://jaspar.genereg.net?ID=MA0036.2&rm=present&collection=CORE",
            "pwm": [
              [0.358217, 0.129455, 0.172148, 0.340181], 
              [0.256849, 0.175344, 0.39018, 0.177628], 
              [0.355021, 0.16644, 0.278538, 0.200001], 
              [0.239954, 0.119866, 0.0974925, 0.542687], 
              [0.00731154, 0.241324, 0.17466, 0.576705], 
              [0.00206066, 0.688346, 0.208677, 0.100916], 
              [5.70763e-06, 0.0438407, 5.70763e-06, 0.956148], 
              [0.0116494, 5.70763e-06, 5.70763e-06, 0.988339], 
              [0.999983, 5.70763e-06, 5.70763e-06, 5.70763e-06], 
              [5.70763e-06, 5.70763e-06, 5.70763e-06, 0.999983], 
              [5.70763e-06, 0.999983, 5.70763e-06, 5.70763e-06], 
              [0.279679, 5.70763e-06, 5.70763e-06, 0.720309], 
              [0.0237492, 0.402965, 0.449082, 0.124204], 
              [0.286757, 0.270548, 0.0511465, 0.39155]
            ]
          }, {
            "db": 0,
            "id": "MA0037.2",
            "alt": "GATA3",
            "len": 8,
            "nsites": 4628,
            "url": "http://jaspar.genereg.net?ID=MA0037.2&rm=present&collection=CORE",
            "pwm": [
