<!DOCTYPE HTML>
<html>
  <head>
    <meta charset="UTF-8">
    <title>TOMTOM</title>
    <script>
      // @JSON_VAR data
      var data = {
        "program": "Tomtom",
        "version": "4.12.0",
        "release": "Tue Jun 27 16:22:50 2017 -0700",
        "cmd": [
          "tomtom", "-evalue", "-thresh", "0.1", "-o",
          "../results/invivo/conv_filters/cnn_25_4",
          "../results/invivo/conv_filters/cnn_25_4.meme",
          "../data/JASPAR_CORE_2016_vertebrates.meme"
        ],
        "options": {
          "strands": "both",
          "distance_measure": "ed",
          "threshold_type": "evalue",
          "threshold_value": 0.1,
          "background_source": "first_target"
        },
        "alphabet": {
          "name": "DNA",
          "like": "dna",
          "ncore": 4,
          "symbols": [
            {
              "symbol": "A",
              "name": "Adenine",
              "colour": "CC0000",
              "complement": "T"
            }, {
              "symbol": "C",
              "name": "Cytosine",
              "colour": "0000CC",
              "complement": "G"
            }, {
              "symbol": "G",
              "name": "Guanine",
              "colour": "FFB300",
              "complement": "C"
            }, {
              "symbol": "T",
              "aliases": "U",
              "name": "Thymine",
              "colour": "008000",
              "complement": "A"
            }, {
              "symbol": "N",
              "aliases": "X.",
              "name": "Any base",
              "equals": "ACGT"
            }, {
              "symbol": "V",
              "name": "Not T",
              "equals": "ACG"
            }, {
              "symbol": "H",
              "name": "Not G",
              "equals": "ACT"
            }, {
              "symbol": "D",
              "name": "Not C",
              "equals": "AGT"
            }, {
              "symbol": "B",
              "name": "Not A",
              "equals": "CGT"
            }, {
              "symbol": "M",
              "name": "Amino",
              "equals": "AC"
            }, {
              "symbol": "R",
              "name": "Purine",
              "equals": "AG"
            }, {
              "symbol": "W",
              "name": "Weak",
              "equals": "AT"
            }, {
              "symbol": "S",
              "name": "Strong",
              "equals": "CG"
            }, {
              "symbol": "Y",
              "name": "Pyrimidine",
              "equals": "CT"
            }, {
              "symbol": "K",
              "name": "Keto",
              "equals": "GT"
            }
          ]
        },
        "background": [0.25, 0.25, 0.25, 0.25],
        "query_dbs": [
          {
            "source": "../results/invivo/conv_filters/cnn_25_4.meme",
            "name": "cnn 25 4",
            "loaded": 30,
            "excluded": 0,
            "last_modified": "Mon Feb 26 20:58:47 2018"
          }
        ],
        "target_dbs": [
          {
            "source": "../data/JASPAR_CORE_2016_vertebrates.meme",
            "name": "JASPAR CORE 2016 vertebrates",
            "loaded": 519,
            "excluded": 0,
            "last_modified": "Tue Sep 13 01:13:30 2016"
          }
        ],
        "queries": [
          {
            "db": 0,
            "id": "filter0",
            "len": 19,
            "nsites": 19,
            "evalue": "1.0e+000",
            "pwm": [
              [0.180565, 0.234183, 0.0771099, 0.508141], 
              [0.188026, 0.17022, 0.371063, 0.270691], 
              [0.326629, 0.300265, 0.195805, 0.1773], 
              [0.0163283, 0.930326, 0.0183177, 0.035028], 
              [0.00896935, 0.868233, 0.0886579, 0.0341394], 
              [0.453972, 0.044685, 0.115121, 0.386222], 
              [0.208618, 0.0283665, 0.0123508, 0.750665], 
              [0.862974, 0.0234921, 0.0529372, 0.0605969], 
              [0.0836672, 0.042687, 0.0164278, 0.857218], 
              [0.783791, 0.00827225, 0.0171257, 0.190812], 
              [0.495806, 0.0653717, 0.0559215, 0.382901], 
              [0.0257801, 0.0853665, 0.877199, 0.0116545], 
              [0.0385168, 0.0106606, 0.903949, 0.0468737], 
              [0.220953, 0.210508, 0.253979, 0.31456], 
              [0.254476, 0.398618, 0.181162, 0.165743], 
              [0.475561, 0.0962189, 0.211822, 0.216398], 
              [0.215503, 0.204261, 0.209633, 0.370602], 
              [0.285414, 0.182754, 0.307199, 0.224634], 
              [0.293869, 0.224634, 0.255372, 0.226126]
            ]
          }, {
            "db": 0,
            "id": "filter1",
            "len": 19,
            "nsites": 19,
            "evalue": "1.0e+000",
            "pwm": [
              [0.267137, 0.273802, 0.210927, 0.248135], 
              [0.330277, 0.239754, 0.262634, 0.167335], 
              [0.258183, 0.25281, 0.247538, 0.241469], 
              [0.24622, 0.182257, 0.288995, 0.282529], 
              [0.142466, 0.149927, 0.366984, 0.340623], 
              [0.0409005, 0.863571, 0.0270733, 0.0684555], 
              [0.0153351, 0.388869, 0.0159319, 0.579864], 
              [0.798911, 0.0520419, 0.0252827, 0.123764], 
              [0.355346, 0.0205079, 0.0543298, 0.569817], 
              [0.572843, 0.0145379, 0.048456, 0.364163], 
              [0.379182, 0.0400014, 0.0126481, 0.568168], 
              [0.56544, 0.0412984, 0.0230942, 0.370168], 
              [0.153309, 0.0252827, 0.0437853, 0.777623], 
              [0.573398, 0.0272723, 0.391455, 0.00787435], 
              [0.0686545, 0.0348325, 0.843974, 0.0525393], 
              [0.317743, 0.389565, 0.163853, 0.128838], 
              [0.283623, 0.34301, 0.136, 0.237366], 
              [0.226601, 0.295531, 0.188505, 0.289364], 
              [0.218466, 0.256665, 0.208618, 0.316251]
            ]
          }, {
            "db": 0,
            "id": "filter10",
            "len": 19,
            "nsites": 19,
            "evalue": "1.0e+000",
            "pwm": [
              [0.294665, 0.253482, 0.263728, 0.188126], 
              [0.224335, 0.330675, 0.234084, 0.210906], 
              [0.181262, 0.249801, 0.329681, 0.239257], 
              [0.235377, 0.259351, 0.256864, 0.248408], 
              [0.195904, 0.356177, 0.224855, 0.223064], 
              [0.379817, 0.195487, 0.222346, 0.202351], 
              [0.218267, 0.381707, 0.285911, 0.114115], 
              [0.159791, 0.0905482, 0.208539, 0.541122], 
              [0.254874, 0.0364241, 0.117796, 0.590906], 
              [0.132021, 0.655565, 0.163455, 0.0489581], 
              [0.0328461, 0.94643, 0.00996422, 0.0107601], 
              [0.0159319, 0.00558639, 0.957974, 0.0205079], 
              [0.0247853, 0.146942, 0.663524, 0.164749], 
              [0.686733, 0.104655, 0.0304526, 0.17816], 
              [0.576681, 0.174995, 0.0965079, 0.151817], 
              [0.209414, 0.170419, 0.423586, 0.196581], 
              [0.154801, 0.233188, 0.162461, 0.44955], 
              [0.28601, 0.158482, 0.346691, 0.208817], 
              [0.266812, 0.213791, 0.238759, 0.280639]
            ]
          }, {
            "db": 0,
            "id": "filter11",
            "len": 19,
            "nsites": 19,
            "evalue": "1.0e+000",
            "pwm": [
              [0.0496545, 0.238361, 0.381209, 0.330775], 
              [0.178757, 0.151603, 0.333428, 0.336213], 
              [0.16256, 0.0592042, 0.341021, 0.437215], 
              [0.160969, 0.0238901, 0.800702, 0.0144398], 
              [0.29934, 0.0266754, 0.644723, 0.0292618], 
              [0.0887487, 0.0530366, 0.290785, 0.567429], 
              [0.0155326, 0.102566, 0.0993829, 0.782519], 
              [0.00419372, 0.0266754, 0.833628, 0.135503], 
              [0.134408, 0.022, 0.835319, 0.00827225], 
              [0.264298, 0.0345307, 0.303687, 0.397484], 
              [0.0257801, 0.900277, 0.0605969, 0.0133455], 
              [0.0999994, 0.841471, 0.0103622, 0.048167], 
              [0.800583, 0.0340399, 0.0266779, 0.1387], 
              [0.798314, 0.0251832, 0.0503508, 0.126152], 
              [0.0456754, 0.266016, 0.197277, 0.491031], 
              [0.041, 0.606623, 0.0982984, 0.254079], 
              [0.420801, 0.32033, 0.0986963, 0.160173], 
              [0.466262, 0.385885, 0.0998901, 0.0479634], 
              [0.244429, 0.546042, 0.0932251, 0.116304]
            ]
          }, {
            "db": 0,
            "id": "filter12",
            "len": 19,
            "nsites": 19,
            "evalue": "1.0e+000",
            "pwm": [
              [0.243335, 0.270094, 0.231696, 0.254874], 
              [0.214466, 0.277428, 0.25286, 0.255247], 
              [0.284817, 0.259251, 0.24801, 0.207921], 
              [0.263131, 0.208021, 0.307895, 0.220953], 
              [0.22523, 0.279445, 0.284419, 0.210906], 
              [0.229707, 0.119487, 0.295958, 0.354848], 
              [0.509534, 0.153209, 0.312272, 0.0249843], 
              [0.0108586, 0.0223979, 0.0229948, 0.943749], 
              [0.0226963, 0.0260785, 0.273178, 0.678047], 
              [0.393445, 0.0105602, 0.433534, 0.162461], 
              [0.0637801, 0.705403, 0.0591047, 0.171712], 
              [0.0870576, 0.0414974, 0.838602, 0.0328429], 
              [0.145848, 0.632188, 0.0145393, 0.207424], 
              [0.811843, 0.154403, 0.0252827, 0.0084712], 
              [0.973589, 0.00638271, 0.0156349, 0.00439298], 
              [0.026377, 0.279346, 0.150524, 0.543754], 
              [0.329514, 0.339264, 0.15223, 0.178992], 
              [0.197675, 0.229508, 0.329482, 0.243335], 
              [0.220356, 0.275764, 0.199963, 0.303916]
            ]
          }, {
            "db": 0,
            "id": "filter13",
            "len": 19,
            "nsites": 19,
            "evalue": "1.0e+000",
            "pwm": [
              [0.216974, 0.253084, 0.248806, 0.281136], 
              [0.23237, 0.22302, 0.30687, 0.237741], 
              [0.250895, 0.211403, 0.26134, 0.276361], 
              [0.196899, 0.313, 0.280567, 0.209534], 
              [0.225529, 0.298147, 0.195089, 0.281236], 
              [0.563948, 0.119686, 0.193099, 0.123267], 
              [0.480737, 0.146928, 0.112512, 0.259822], 
              [0.418074, 0.142452, 0.22859, 0.210885], 
              [0.913707, 0.0110576, 0.013445, 0.0617906], 
              [0.00986387, 0.0300576, 0.0205079, 0.939571], 
              [0.0279686, 0.0330419, 0.832932, 0.106058], 
              [0.0300576, 0.0610942, 0.810948, 0.0979005], 
              [0.0929175, 0.740942, 0.0475608, 0.11858], 
              [0.0574136, 0.301827, 0.481283, 0.159476], 
              [0.136199, 0.181361, 0.486654, 0.195785], 
              [0.255596, 0.479639, 0.121488, 0.143276], 
              [0.169723, 0.345398, 0.208916, 0.275963], 
              [0.201157, 0.290487, 0.338037, 0.170319], 
              [0.313665, 0.275366, 0.205435, 0.205534]
            ]
          }, {
            "db": 0,
            "id": "filter14",
            "len": 19,
            "nsites": 19,
            "evalue": "1.0e+000",
            "pwm": [
              [0.262136, 0.244927, 0.223141, 0.269796], 
              [0.218366, 0.281534, 0.248309, 0.251791], 
              [0.247414, 0.238162, 0.343707, 0.170717], 
              [0.166539, 0.151916, 0.513513, 0.168031], 
              [0.123068, 0.529827, 0.22155, 0.125555], 
              [0.131822, 0.657257, 0.159178, 0.0517435], 
              [0.0378168, 0.0153351, 0.872126, 0.0747225], 
              [0.136597, 0.799209, 0.0217016, 0.0424921], 
              [0.0164293, 0.924351, 0.0204084, 0.0388115], 
              [0.959168, 0.0121518, 0.019712, 0.00896859], 
              [0.0210052, 0.0159319, 0.00787435, 0.955188], 
              [0.234084, 0.206628, 0.200361, 0.358927], 
              [0.202649, 0.0586073, 0.16266, 0.576084], 
              [0.122969, 0.162461, 0.0720366, 0.642534], 
              [0.301857, 0.226546, 0.244155, 0.227441], 
              [0.188424, 0.237665, 0.314759, 0.259152], 
              [0.306503, 0.199267, 0.203246, 0.290984], 
              [0.23667, 0.27855, 0.186634, 0.298147], 
              [0.234856, 0.277826, 0.261016, 0.226302]
            ]
          }, {
            "db": 0,
            "id": "filter15",
            "len": 19,
            "nsites": 19,
            "evalue": "1.0e+000",
            "pwm": [
              [0.497597, 0.150723, 0.184942, 0.166738], 
              [0.0338377, 0.455817, 0.129435, 0.380911], 
              [0.0291623, 0.00648168, 0.041, 0.923356], 
              [0.0820838, 0.0196126, 0.0165288, 0.881775], 
              [0.163754, 0.810749, 0.0154346, 0.0100628], 
              [0.00508901, 0.872723, 0.0354293, 0.0867592], 
              [0.0924293, 0.320131, 0.499984, 0.0874555], 
              [0.0754114, 0.0642712, 0.850554, 0.00976355], 
              [0.00866942, 0.0832693, 0.674001, 0.23406], 
              [0.802691, 0.0473665, 0.0310524, 0.11889], 
              [0.820579, 0.110048, 0.0110586, 0.0583146], 
              [0.428162, 0.157487, 0.333958, 0.0803927], 
              [0.112512, 0.311147, 0.19119, 0.38515], 
              [0.196979, 0.280141, 0.415728, 0.107152], 
              [0.239654, 0.213094, 0.370665, 0.176586], 
              [0.169424, 0.312471, 0.266215, 0.25189], 
              [0.280042, 0.255073, 0.202251, 0.262634], 
              [0.217272, 0.258257, 0.231796, 0.292675], 
              [0.188604, 0.270366, 0.359289, 0.181741]
            ]
          }, {
            "db": 0,
            "id": "filter16",
            "len": 19,
            "nsites": 19,
            "evalue": "1.0e+000",
            "pwm": [
              [0.393843, 0.089445, 0.180068, 0.336644], 
              [0.189518, 0.12655, 0.227319, 0.456613], 
              [0.137876, 0.190793, 0.172889, 0.498442], 
              [0.309586, 0.0402042, 0.538382, 0.111827], 
              [0.796643, 0.0406976, 0.0542251, 0.108434], 
              [0.199187, 0.0101632, 0.0621946, 0.728455], 
              [0.0376178, 0.48178, 0.0733298, 0.407272], 
              [0.704309, 0.0295602, 0.0716387, 0.194492], 
              [0.427764, 0.101183, 0.13978, 0.331272], 
              [0.304613, 0.0610942, 0.104565, 0.529728], 
              [0.184346, 0.118094, 0.328686, 0.368874], 
              [0.418115, 0.143461, 0.188623, 0.249801], 
              [0.215482, 0.186236, 0.229309, 0.368974], 
              [0.224236, 0.323314, 0.167932, 0.284518], 
              [0.263204, 0.248185, 0.229286, 0.259325], 
              [0.273874, 0.236869, 0.192403, 0.296853], 
              [0.249503, 0.171215, 0.293073, 0.286209], 
              [0.257063, 0.225131, 0.175492, 0.342314], 
              [0.307765, 0.274842, 0.124846, 0.292547]
            ]
          }, {
            "db": 0,
            "id": "filter17",
            "len": 19,
            "nsites": 19,
            "evalue": "1.0e+000",
            "pwm": [
              [0.176288, 0.227618, 0.194293, 0.401801], 
              [0.274571, 0.146445, 0.140277, 0.438707], 
              [0.69463, 0.0330451, 0.201575, 0.0707504], 
              [0.506103, 0.0767196, 0.0985071, 0.31867], 
              [0.231, 0.20444, 0.0104607, 0.554099], 
              [0.308324, 0.377168, 0.205455, 0.109053], 
              [0.476806, 0.226424, 0.0879529, 0.208817], 
              [0.616433, 0.040606, 0.134521, 0.20844], 
              [0.121576, 0.13789, 0.108644, 0.63189], 
              [0.524356, 0.110435, 0.183351, 0.181859], 
              [0.355545, 0.276162, 0.301628, 0.0666649], 
              [0.243932, 0.581953, 0.0568168, 0.117298], 
              [0.278378, 0.495557, 0.115519, 0.110545], 
              [0.314529, 0.204221, 0.199546, 0.281705], 
              [0.373848, 0.161366, 0.305508, 0.159277], 
              [0.11123, 0.171016, 0.583246, 0.134508], 
              [0.171829, 0.142281, 0.549777, 0.136113], 
              [0.155, 0.244628, 0.330377, 0.269995], 
              [0.133215, 0.485859, 0.10556, 0.275366]
            ]
          }, {
            "db": 0,
            "id": "filter18",
            "len": 19,
            "nsites": 19,
            "evalue": "1.0e+000",
            "pwm": [
              [0.201058, 0.199864, 0.255272, 0.343806], 
              [0.0878447, 0.446819, 0.0853581, 0.379978], 
              [0.208817, 0.188424, 0.53878, 0.0639791], 
              [0.539079, 0.0397068, 0.338733, 0.0824817], 
              [0.653809, 0.211084, 0.0629781, 0.072129], 
              [0.0576069, 0.591145, 0.167318, 0.183929], 
              [0.268005, 0.0323455, 0.372953, 0.326696], 
              [0.0371204, 0.108942, 0.0313508, 0.822586], 
              [0.0101623, 0.472927, 0.0653717, 0.451539], 
              [0.137194, 0.0379162, 0.768571, 0.0563194], 
              [0.687497, 0.12456, 0.125853, 0.062089], 
              [0.290586, 0.390759, 0.0500524, 0.268602], 
              [0.0574192, 0.554851, 0.226845, 0.160885], 
              [0.136484, 0.251567, 0.147326, 0.464624], 
              [0.230503, 0.192801, 0.226822, 0.349874], 
              [0.219461, 0.293471, 0.25, 0.237068], 
              [0.281662, 0.225452, 0.346427, 0.14646], 
              [0.218267, 0.160372, 0.336942, 0.284419], 
              [0.261539, 0.308393, 0.256168, 0.173901]
            ]
          }, {
            "db": 0,
            "id": "filter19",
            "len": 19,
            "nsites": 19,
            "evalue": "1.0e+000",
            "pwm": [
              [0.240351, 0.31456, 0.233387, 0.211702], 
              [0.29752, 0.21367, 0.170899, 0.317911], 
              [0.258654, 0.232393, 0.250597, 0.258356], 
              [0.198869, 0.276361, 0.234581, 0.290188], 
              [0.172028, 0.25281, 0.340756, 0.234406], 
              [0.38489, 0.23866, 0.225728, 0.150723], 
              [0.273178, 0.156393, 0.265916, 0.304513], 
              [0.115408, 0.665314, 0.102874, 0.116403], 
              [0.0186161, 0.56051, 0.150509, 0.270366], 
              [0.311706, 0.0905482, 0.36324, 0.234505], 
              [0.96772, 0.007875, 0.0206093, 0.00379606], 
              [0.00578534, 0.0401047, 0.0185183, 0.935592], 
              [0.12456, 0.143461, 0.0614921, 0.670487], 
              [0.207623, 0.0315497, 0.742806, 0.0180209], 
              [0.0504503, 0.0663665, 0.848948, 0.0342356], 
              [0.19292, 0.243956, 0.167153, 0.395971], 
              [0.110236, 0.285314, 0.174398, 0.430052], 
              [0.23856, 0.207524, 0.384094, 0.169822], 
              [0.2161, 0.21232, 0.386122, 0.185458]
            ]
          }, {
            "db": 0,
            "id": "filter2",
            "len": 19,
            "nsites": 19,
            "evalue": "1.0e+000",
            "pwm": [
              [0.101293, 0.496652, 0.15412, 0.247936], 
              [0.070644, 0.39066, 0.363702, 0.174995], 
              [0.223141, 0.313864, 0.305707, 0.157288], 
              [0.150111, 0.460048, 0.240924, 0.148917], 
              [0.136199, 0.411948, 0.255372, 0.196482], 
              [0.0321466, 0.406675, 0.053534, 0.507644], 
              [0.0222984, 0.363105, 0.176785, 0.437812], 
              [0.135105, 0.0623874, 0.0655707, 0.736937], 
              [0.0360262, 0.653277, 0.261141, 0.049555], 
              [0.599262, 0.034534, 0.104267, 0.261937], 
              [0.0843717, 0.126848, 0.0181204, 0.77066], 
              [0.157372, 0.0208043, 0.0149358, 0.806888], 
              [0.019911, 0.256963, 0.508738, 0.214387], 
              [0.00489005, 0.0185183, 0.887843, 0.0887487], 
              [0.0589058, 0.43055, 0.0501518, 0.460393], 
              [0.197775, 0.304115, 0.0821832, 0.415927], 
              [0.486555, 0.270492, 0.187728, 0.0552251], 
              [0.389068, 0.188325, 0.312471, 0.110136], 
              [0.208539, 0.18894, 0.227143, 0.375378]
            ]
          }, {
            "db": 0,
            "id": "filter20",
            "len": 19,
            "nsites": 19,
            "evalue": "1.0e+000",
            "pwm": [
              [0.195785, 0.366885, 0.279346, 0.157984], 
              [0.219759, 0.345895, 0.17788, 0.256466], 
              [0.363304, 0.237267, 0.239555, 0.159874], 
              [0.189537, 0.330609, 0.315885, 0.163969], 
              [0.350934, 0.13718, 0.417178, 0.0947079], 
              [0.159958, 0.320198, 0.211283, 0.308561], 
              [0.0388115, 0.694063, 0.203246, 0.0638796], 
              [0.659843, 0.0273717, 0.25945, 0.0533351], 
              [0.0133455, 0.547634, 0.00548691, 0.433534], 
              [0.145649, 0.0170262, 0.820497, 0.0168272], 
              [0.361115, 0.0619895, 0.0141414, 0.562754], 
              [0.0449747, 0.295531, 0.630534, 0.0289606], 
              [0.155597, 0.111827, 0.357236, 0.37534], 
              [0.171215, 0.497398, 0.0718377, 0.25955], 
              [0.348084, 0.212696, 0.273576, 0.165644], 
              [0.167335, 0.408466, 0.140277, 0.283921], 
              [0.243609, 0.157869, 0.379083, 0.219439], 
              [0.248508, 0.23866, 0.270194, 0.242639], 
              [0.162958, 0.305408, 0.282827, 0.248806]
            ]
          }, {
            "db": 0,
            "id": "filter21",
            "len": 19,
            "nsites": 19,
            "evalue": "1.0e+000",
            "pwm": [
              [0.244628, 0.189618, 0.243435, 0.322319], 
              [0.354052, 0.219859, 0.189518, 0.236571], 
              [0.354948, 0.205435, 0.278948, 0.16067], 
              [0.278124, 0.221528, 0.166025, 0.334323], 
              [0.281435, 0.169325, 0.176686, 0.372555], 
              [0.285513, 0.140277, 0.251293, 0.322916], 
              [0.267435, 0.237191, 0.211225, 0.284149], 
              [0.265618, 0.176188, 0.353356, 0.204838], 
              [0.152031, 0.110246, 0.480833, 0.256889], 
              [0.381707, 0.303618, 0.258455, 0.0562199], 
              [0.201058, 0.220157, 0.0228953, 0.55589], 
              [0.115508, 0.110236, 0.61488, 0.159377], 
              [0.720595, 0.0320502, 0.111341, 0.136013], 
              [0.0531361, 0.396728, 0.486555, 0.0635812], 
              [0.106654, 0.0097644, 0.0105602, 0.873021], 
              [0.0248848, 0.500681, 0.17022, 0.304215], 
              [0.915199, 0.00548691, 0.0418953, 0.0374188], 
              [0.0130471, 0.104168, 0.123665, 0.75912], 
              [0.370727, 0.483025, 0.0743173, 0.0719301]
            ]
          }, {
            "db": 0,
            "id": "filter22",
            "len": 19,
            "nsites": 19,
            "evalue": "1.0e+000",
            "pwm": [
              [0.267209, 0.298545, 0.218366, 0.21588], 
              [0.215382, 0.391157, 0.183749, 0.209712], 
              [0.127047, 0.348482, 0.33545, 0.189021], 
              [0.202649, 0.231099, 0.205236, 0.361016], 
              [0.101979, 0.166539, 0.506848, 0.224634], 
              [0.324806, 0.140775, 0.269199, 0.26522], 
              [0.34301, 0.119885, 0.0968063, 0.440298], 
              [0.163555, 0.0666649, 0.0428901, 0.72689], 
              [0.206608, 0.15767, 0.069145, 0.566577], 
              [0.117398, 0.444079, 0.10944, 0.329084], 
              [0.113717, 0.261639, 0.325901, 0.298743], 
              [0.234306, 0.166158, 0.234604, 0.364932], 
              [0.515403, 0.0182199, 0.412147, 0.0542304], 
              [0.630398, 0.0154346, 0.313963, 0.0402042], 
              [0.869042, 0.00568586, 0.120482, 0.00479058], 
              [0.848948, 0.0132461, 0.0782042, 0.0596021], 
              [0.609569, 0.0706509, 0.147156, 0.172624], 
              [0.306771, 0.29762, 0.167816, 0.227794], 
              [0.0297563, 0.438365, 0.380276, 0.151603]
            ]
          }, {
            "db": 0,
            "id": "filter23",
            "len": 19,
            "nsites": 19,
            "evalue": "1.0e+000",
            "pwm": [
              [0.232592, 0.25, 0.249403, 0.268005], 
              [0.163356, 0.34122, 0.166241, 0.329183], 
              [0.0944282, 0.374084, 0.215006, 0.316482], 
              [0.387416, 0.157801, 0.407313, 0.0474706], 
              [0.457553, 0.0858723, 0.360256, 0.0963184], 
              [0.0337382, 0.942356, 0.00896859, 0.0149372], 
              [0.0611877, 0.867463, 0.0516389, 0.0197102], 
              [0.789042, 0.0474706, 0.0564244, 0.107063], 
              [0.826483, 0.0415928, 0.115894, 0.0160299], 
              [0.0706509, 0.110545, 0.0340399, 0.784764], 
              [0.232492, 0.460492, 0.22145, 0.0855654], 
              [0.605927, 0.137393, 0.168429, 0.0882513], 
              [0.254277, 0.299141, 0.312969, 0.133613], 
              [0.419309, 0.180267, 0.312571, 0.0878534], 
              [0.39229, 0.107361, 0.267336, 0.233013], 
              [0.235178, 0.261241, 0.251691, 0.25189], 
              [0.161267, 0.31456, 0.247016, 0.277157], 
              [0.331372, 0.277654, 0.262634, 0.12834], 
              [0.310382, 0.191309, 0.256366, 0.241942]
            ]
          }, {
            "db": 0,
            "id": "filter24",
            "len": 19,
            "nsites": 19,
            "evalue": "1.0e+000",
            "pwm": [
              [0.123565, 0.368277, 0.324906, 0.183251], 
              [0.0548326, 0.50481, 0.405522, 0.0348358], 
              [0.0186178, 0.325503, 0.637063, 0.0188168], 
              [0.241047, 0.0580105, 0.59956, 0.101382], 
              [0.779513, 0.0225969, 0.140476, 0.0574136], 
              [0.294665, 0.24622, 0.0536335, 0.405482], 
              [0.0552251, 0.264723, 0.567429, 0.112623], 
              [0.028466, 0.34112, 0.619754, 0.0106597], 
              [0.0979005, 0.343209, 0.500183, 0.0587068], 
              [0.45522, 0.0283665, 0.453031, 0.0633822], 
              [0.24055, 0.189717, 0.0421937, 0.527539], 
              [0.0447845, 0.184065, 0.0783114, 0.692839], 
              [0.0344346, 0.453728, 0.154403, 0.357435], 
              [0.15223, 0.582309, 0.150439, 0.115022], 
              [0.0739267, 0.304414, 0.410953, 0.210707], 
              [0.159361, 0.377491, 0.24898, 0.214167], 
              [0.260916, 0.371921, 0.156974, 0.210189], 
              [0.190433, 0.236296, 0.453574, 0.119698], 
              [0.128738, 0.440099, 0.376733, 0.0544293]
            ]
          }, {
            "db": 0,
            "id": "filter25",
            "len": 19,
            "nsites": 19,
            "evalue": "1.0e+000",
            "pwm": [
              [0.31277, 0.293869, 0.183251, 0.21011], 
              [0.401005, 0.194293, 0.216775, 0.187927], 
              [0.407969, 0.124162, 0.153707, 0.314162], 
              [0.283026, 0.182157, 0.161267, 0.37355], 
              [0.276063, 0.0753194, 0.488445, 0.160173], 
              [0.0381115, 0.0625803, 0.0110566, 0.888252], 
              [0.0266754, 0.315455, 0.641738, 0.0161309], 
              [0.411749, 0.555592, 0.0192147, 0.013445], 
              [0.00867016, 0.0388115, 0.468351, 0.484168], 
              [0.0123508, 0.415728, 0.532613, 0.0393089], 
              [0.957779, 0.00906729, 0.00906729, 0.0240867], 
              [0.091534, 0.488246, 0.192304, 0.227916], 
              [0.242615, 0.148121, 0.279915, 0.329349], 
              [0.202072, 0.129646, 0.0998999, 0.568381], 
              [0.267581, 0.201634, 0.266188, 0.264597], 
              [0.248906, 0.125157, 0.284618, 0.341319], 
              [0.161466, 0.253283, 0.274173, 0.311079], 
              [0.292874, 0.363204, 0.194791, 0.149131], 
              [0.378661, 0.184065, 0.207942, 0.229332]
            ]
          }, {
            "db": 0,
            "id": "filter26",
            "len": 19,
            "nsites": 19,
            "evalue": "1.0e+000",
            "pwm": [
              [0.194194, 0.261639, 0.331969, 0.212199], 
              [0.288668, 0.248583, 0.270863, 0.191887], 
              [0.23677, 0.244031, 0.314361, 0.204838], 
              [0.181859, 0.348382, 0.289293, 0.180466], 
              [0.202948, 0.177581, 0.365094, 0.254377], 
              [0.501775, 0.106654, 0.334754, 0.0568168], 
              [0.015237, 0.0474706, 0.00668117, 0.930611], 
              [0.0483613, 0.0190157, 0.794435, 0.138188], 
              [0.946534, 0.0384136, 0.00747644, 0.00757592], 
              [0.0578172, 0.458847, 0.445814, 0.0375219], 
              [0.0220995, 0.0124503, 0.0192147, 0.946236], 
              [0.10766, 0.835502, 0.00847192, 0.048366], 
              [0.868545, 0.00757592, 0.110335, 0.0135445], 
              [0.0457749, 0.341518, 0.117597, 0.49511], 
              [0.229232, 0.346626, 0.209036, 0.215105], 
              [0.187927, 0.297251, 0.318639, 0.196183], 
              [0.190115, 0.281932, 0.241147, 0.286806], 
              [0.205613, 0.324873, 0.26032, 0.209194], 
              [0.214984, 0.279644, 0.316251, 0.18912]
            ]
          }, {
            "db": 0,
            "id": "filter27",
            "len": 19,
            "nsites": 19,
            "evalue": "1.0e+000",
            "pwm": [
              [0.321026, 0.249801, 0.186435, 0.242738], 
              [0.274101, 0.205455, 0.145465, 0.37498], 
              [0.368476, 0.203843, 0.128937, 0.298743], 
              [0.334257, 0.15301, 0.221749, 0.290984], 
              [0.297918, 0.161649, 0.305776, 0.234657], 
              [0.307826, 0.147056, 0.327425, 0.217692], 
              [0.30899, 0.113916, 0.263728, 0.313366], 
              [0.205832, 0.273775, 0.147539, 0.372853], 
              [0.303289, 0.352923, 0.0498485, 0.293939], 
              [0.522414, 0.105152, 0.1149, 0.257535], 
              [0.507496, 0.127259, 0.170734, 0.194511], 
              [0.269796, 0.0462723, 0.0756178, 0.608314], 
              [0.543555, 0.0080733, 0.390859, 0.0575131], 
              [0.0568168, 0.0532356, 0.0434869, 0.846461], 
              [0.289691, 0.15689, 0.104764, 0.448654], 
              [0.269624, 0.208838, 0.111042, 0.410496], 
              [0.716815, 0.0636869, 0.152031, 0.0674673], 
              [0.253183, 0.342712, 0.0576126, 0.346492], 
              [0.399712, 0.177482, 0.0678586, 0.354948]
            ]
          }, {
            "db": 0,
            "id": "filter28",
            "len": 19,
            "nsites": 19,
            "evalue": "1.0e+000",
            "pwm": [
              [0.373351, 0.319932, 0.197377, 0.10934], 
              [0.233188, 0.308492, 0.11322, 0.345099], 
              [0.238958, 0.191209, 0.412246, 0.157586], 
              [0.177183, 0.0860628, 0.206529, 0.530225], 
              [0.104366, 0.0835759, 0.736241, 0.0758168], 
              [0.0700471, 0.351665, 0.15301, 0.425277], 
              [0.833827, 0.0712408, 0.0486597, 0.0462723], 
              [0.00568586, 0.953398, 0.0189162, 0.022], 
              [0.618262, 0.0500524, 0.22155, 0.110136], 
              [0.117995, 0.312869, 0.235576, 0.33356], 
              [0.267137, 0.104874, 0.300265, 0.327724], 
              [0.151817, 0.0541309, 0.739424, 0.0546283], 
              [0.13212, 0.197576, 0.0795969, 0.590707], 
              [0.161963, 0.297948, 0.246618, 0.293471], 
              [0.180565, 0.373052, 0.266613, 0.17977], 
              [0.35823, 0.376136, 0.12655, 0.139084], 
              [0.300037, 0.34699, 0.184942, 0.168031], 
              [0.242066, 0.235997, 0.24316, 0.278776], 
              [0.238835, 0.213272, 0.208299, 0.339594]
            ]
          }, {
            "db": 0,
            "id": "filter29",
            "len": 19,
            "nsites": 19,
            "evalue": "1.0e+000",
            "pwm": [
              [0.143461, 0.193099, 0.306403, 0.357037], 
              [0.0934333, 0.248433, 0.585294, 0.0728396], 
              [0.139794, 0.5647, 0.0741329, 0.221373], 
              [0.174082, 0.318508, 0.178956, 0.328454], 
              [0.266016, 0.114215, 0.468749, 0.151021], 
              [0.42991, 0.217847, 0.204121, 0.148121], 
              [0.156974, 0.301399, 0.492972, 0.048655], 
              [0.05921, 0.0512511, 0.0538377, 0.835701], 
              [0.152016, 0.752754, 0.0119529, 0.0832775], 
              [0.525995, 0.0661611, 0.347154, 0.0606904], 
              [0.0447801, 0.00658115, 0.896298, 0.0523403], 
              [0.00956627, 0.920563, 0.0339404, 0.0359302], 
              [0.652979, 0.0171257, 0.265518, 0.064377], 
              [0.459696, 0.11501, 0.130429, 0.294864], 
              [0.448058, 0.0334398, 0.045377, 0.473126], 
              [0.435225, 0.053534, 0.0358272, 0.475414], 
              [0.195387, 0.145251, 0.0627853, 0.596576], 
              [0.179471, 0.239356, 0.106754, 0.474419], 
              [0.251691, 0.239356, 0.21777, 0.291183]
            ]
          }, {
            "db": 0,
            "id": "filter3",
            "len": 19,
            "nsites": 19,
            "evalue": "1.0e+000",
            "pwm": [
              [0.441747, 0.210885, 0.283595, 0.0637739], 
              [0.313168, 0.171712, 0.0298586, 0.485262], 
              [0.106654, 0.714058, 0.164251, 0.0150366], 
              [0.165743, 0.060199, 0.598466, 0.175592], 
              [0.18128, 0.678214, 0.00578579, 0.13472], 
              [0.0237906, 0.228414, 0.686105, 0.0616911], 
              [0.269895, 0.0281675, 0.615377, 0.0865602], 
              [0.0631832, 0.54445, 0.0607958, 0.331571], 
              [0.152896, 0.124846, 0.589852, 0.132406], 
              [0.209414, 0.0679581, 0.540869, 0.181759], 
              [0.0413979, 0.835319, 0.00946597, 0.113817], 
              [0.124262, 0.0687539, 0.762801, 0.0441832], 
              [0.333063, 0.360419, 0.112921, 0.193597], 
              [0.126239, 0.0610883, 0.322088, 0.490585], 
              [0.197974, 0.705204, 0.0618901, 0.0349319], 
              [0.0627915, 0.0699545, 0.538535, 0.328719], 
              [0.302921, 0.316351, 0.151021, 0.229707], 
              [0.203545, 0.192403, 0.431545, 0.172508], 
              [0.357932, 0.196183, 0.352162, 0.0937225]
            ]
          }, {
            "db": 0,
            "id": "filter4",
            "len": 19,
            "nsites": 19,
            "evalue": "1.0e+000",
            "pwm": [
              [0.0104607, 0.0146387, 0.0310524, 0.943848], 
              [0.017623, 0.0100628, 0.813733, 0.158581], 
              [0.928721, 0.011755, 0.0180226, 0.0415014], 
              [0.106654, 0.379618, 0.347984, 0.165743], 
              [0.0118534, 0.0497539, 0.0139424, 0.92445], 
              [0.20068, 0.740393, 0.0447845, 0.0141426], 
              [0.896995, 0.0248848, 0.00777487, 0.0703455], 
              [0.193298, 0.403492, 0.183649, 0.21956], 
              [0.108058, 0.256491, 0.140192, 0.495259], 
              [0.26589, 0.20989, 0.383459, 0.140761], 
              [0.225927, 0.323115, 0.145649, 0.305309], 
              [0.175012, 0.176504, 0.365529, 0.282955], 
              [0.180846, 0.23794, 0.350834, 0.23038], 
              [0.286437, 0.209434, 0.295391, 0.208738], 
              [0.256665, 0.207424, 0.227717, 0.308194], 
              [0.180963, 0.222843, 0.400309, 0.195885], 
              [0.185322, 0.327758, 0.234757, 0.252163], 
              [0.169225, 0.269497, 0.359424, 0.201853], 
              [0.281136, 0.360319, 0.138089, 0.220455]
            ]
          }, {
            "db": 0,
            "id": "filter5",
            "len": 19,
            "nsites": 19,
            "evalue": "1.0e+000",
            "pwm": [
              [0.245647, 0.31678, 0.195506, 0.242066], 
              [0.24244, 0.337241, 0.116602, 0.303717], 
              [0.292874, 0.206429, 0.214188, 0.286508], 
              [0.251268, 0.150708, 0.321492, 0.276533], 
              [0.0510471, 0.553105, 0.120681, 0.275168], 
              [0.0300576, 0.527639, 0.363702, 0.0786021], 
              [0.939173, 0.00429319, 0.0114555, 0.0450785], 
              [0.548429, 0.00837173, 0.0125497, 0.430649], 
              [0.029762, 0.00558682, 0.00489041, 0.959761], 
              [0.0666715, 0.33807, 0.562512, 0.0327466], 
              [0.320827, 0.12078, 0.48755, 0.0708429], 
              [0.281733, 0.269298, 0.146246, 0.302723], 
              [0.304513, 0.17589, 0.225529, 0.294068], 
              [0.247886, 0.197656, 0.312042, 0.242416], 
              [0.246145, 0.198491, 0.263257, 0.292108], 
              [0.242042, 0.307497, 0.238361, 0.212099], 
              [0.295859, 0.180168, 0.303319, 0.220654], 
              [0.298574, 0.263754, 0.188144, 0.249527], 
              [0.20444, 0.280738, 0.264723, 0.250099]
            ]
          }, {
            "db": 0,
            "id": "filter6",
            "len": 19,
            "nsites": 19,
            "evalue": "1.0e+000",
            "pwm": [
              [0.226623, 0.288298, 0.20255, 0.282529], 
              [0.25567, 0.266314, 0.286607, 0.191408], 
              [0.185024, 0.259027, 0.355708, 0.200242], 
              [0.23289, 0.19111, 0.30899, 0.26701], 
              [0.267336, 0.236893, 0.295192, 0.20058], 
              [0.103969, 0.191806, 0.228613, 0.475613], 
              [0.453927, 0.0672618, 0.443183, 0.0356283], 
              [0.124349, 0.00876889, 0.0117529, 0.855129], 
              [0.0258796, 0.0547277, 0.00379581, 0.915597], 
              [0.0415014, 0.0232954, 0.870223, 0.0649802], 
              [0.0143416, 0.912007, 0.0231959, 0.0504552], 
              [0.49501, 0.0376178, 0.421398, 0.0459738], 
              [0.43423, 0.246021, 0.0313508, 0.288398], 
              [0.336644, 0.349178, 0.0383141, 0.275864], 
              [0.800025, 0.070836, 0.0517384, 0.0774008], 
              [0.141969, 0.294764, 0.174995, 0.388272], 
              [0.334356, 0.279743, 0.171712, 0.214188], 
              [0.198253, 0.338699, 0.209592, 0.253456], 
              [0.214863, 0.314728, 0.198451, 0.271957]
            ]
          }, {
            "db": 0,
            "id": "filter7",
            "len": 19,
            "nsites": 19,
            "evalue": "1.0e+000",
            "pwm": [
              [0.115906, 0.427764, 0.207723, 0.248607], 
              [0.066174, 0.00618373, 0.898179, 0.0294635], 
              [0.0404031, 0.831639, 0.055623, 0.0723351], 
              [0.0212062, 0.89211, 0.0729391, 0.0137447], 
              [0.191527, 0.172823, 0.617826, 0.0178236], 
              [0.0396073, 0.431644, 0.0657696, 0.462979], 
              [0.0468737, 0.649662, 0.0911451, 0.21232], 
              [0.114911, 0.300335, 0.202749, 0.382005], 
              [0.199088, 0.0110586, 0.778198, 0.0116555], 
              [0.395037, 0.0830785, 0.489241, 0.032644], 
              [0.244529, 0.140775, 0.171812, 0.442885], 
              [0.00628322, 0.170336, 0.815506, 0.007875], 
              [0.0265759, 0.0238901, 0.843178, 0.106356], 
              [0.0852754, 0.674334, 0.05145, 0.18894], 
              [0.148236, 0.588319, 0.11899, 0.144455], 
              [0.364199, 0.144953, 0.457408, 0.0334398], 
              [0.401702, 0.121576, 0.107052, 0.36967], 
              [0.432838, 0.160471, 0.191309, 0.215382], 
              [0.22722, 0.365393, 0.181461, 0.225927]
            ]
          }, {
            "db": 0,
            "id": "filter8",
            "len": 19,
            "nsites": 19,
            "evalue": "1.0e+000",
            "pwm": [
              [0.189817, 0.357435, 0.228414, 0.224335], 
              [0.265194, 0.306969, 0.201237, 0.226601], 
              [0.11511, 0.33545, 0.36012, 0.189319], 
              [0.134309, 0.198471, 0.27477, 0.39245], 
              [0.262011, 0.146132, 0.378088, 0.213769], 
              [0.0786021, 0.31456, 0.220953, 0.385885], 
              [0.345233, 0.0799031, 0.520429, 0.0544346], 
              [0.251293, 0.277555, 0.193398, 0.277754], 
              [0.412147, 0.344403, 0.175293, 0.0681571], 
              [0.0305579, 0.917877, 0.0256831, 0.025882], 
              [0.663723, 0.0283665, 0.247115, 0.0607958], 
              [0.00896782, 0.837126, 0.0448752, 0.109031], 
              [0.192223, 0.015436, 0.710547, 0.0817934], 
