MEME version 4

ALPHABET= ACGT

Background letter frequencies:
A 0.2500 C 0.2500 G 0.2500 T 0.2500 

MOTIF filter0 
letter-probability matrix: alength= 4 w= 3 nsites= 3 
0.0523 0.5829 0.0031 0.3618 
0.3501 0.0029 0.6436 0.0034 
0.0051 0.6353 0.1428 0.2167 

MOTIF filter1 
letter-probability matrix: alength= 4 w= 3 nsites= 3 
0.2390 0.0181 0.1621 0.5808 
0.3790 0.5794 0.0212 0.0204 
0.6193 0.0197 0.2988 0.0621 

MOTIF filter2 
letter-probability matrix: alength= 4 w= 3 nsites= 3 
0.0128 0.9079 0.0102 0.0692 
0.0021 0.0020 0.6393 0.3566 
0.6383 0.0800 0.0067 0.2750 

MOTIF filter3 
letter-probability matrix: alength= 4 w= 3 nsites= 3 
0.3023 0.0114 0.6746 0.0116 
0.6888 0.1031 0.1780 0.0301 
0.4490 0.0455 0.4966 0.0090 

MOTIF filter4 
letter-probability matrix: alength= 4 w= 3 nsites= 3 
0.0076 0.7942 0.0329 0.1652 
0.3735 0.5030 0.0933 0.0301 
0.9477 0.0378 0.0072 0.0073 

MOTIF filter5 
letter-probability matrix: alength= 4 w= 3 nsites= 3 
0.4566 0.0045 0.4204 0.1185 
0.0054 0.5072 0.4430 0.0445 
0.7456 0.0062 0.0440 0.2041 

MOTIF filter6 
letter-probability matrix: alength= 4 w= 3 nsites= 3 
0.1818 0.3120 0.0528 0.4534 
0.0062 0.6538 0.3356 0.0043 
0.0040 0.0257 0.1466 0.8237 

MOTIF filter7 
letter-probability matrix: alength= 4 w= 3 nsites= 3 
0.1249 0.8121 0.0470 0.0161 
0.1572 0.0633 0.2729 0.5066 
0.0499 0.4077 0.5330 0.0094 

MOTIF filter8 
letter-probability matrix: alength= 4 w= 3 nsites= 3 
0.0476 0.0034 0.8886 0.0604 
0.1120 0.7468 0.1086 0.0326 
0.2168 0.7491 0.0215 0.0126 

MOTIF filter9 
letter-probability matrix: alength= 4 w= 3 nsites= 3 
0.0125 0.4625 0.5065 0.0185 
0.1967 0.2459 0.4854 0.0719 
0.3468 0.0571 0.0204 0.5757 

MOTIF filter10 
letter-probability matrix: alength= 4 w= 3 nsites= 3 
0.3722 0.2339 0.3820 0.0118 
0.0203 0.4477 0.0194 0.5126 
0.4474 0.0180 0.5142 0.0205 

MOTIF filter11 
letter-probability matrix: alength= 4 w= 3 nsites= 3 
0.5149 0.0779 0.3290 0.0782 
0.0983 0.3069 0.3088 0.2860 
0.0505 0.4713 0.0462 0.4320 

MOTIF filter12 
letter-probability matrix: alength= 4 w= 3 nsites= 3 
0.0353 0.2434 0.4249 0.2964 
0.6301 0.2324 0.0914 0.0462 
0.0273 0.2587 0.3144 0.3997 

MOTIF filter13 
letter-probability matrix: alength= 4 w= 3 nsites= 3 
0.2430 0.0569 0.6944 0.0056 
0.1753 0.6917 0.0038 0.1291 
0.0037 0.1904 0.2160 0.5900 

MOTIF filter14 
letter-probability matrix: alength= 4 w= 3 nsites= 3 
0.0896 0.0225 0.7891 0.0988 
0.2004 0.0420 0.0400 0.7176 
0.0224 0.8009 0.1443 0.0324 

MOTIF filter15 
letter-probability matrix: alength= 4 w= 3 nsites= 3 
0.0104 0.2551 0.0077 0.7268 
0.0243 0.4954 0.3250 0.1553 
0.0076 0.6589 0.0083 0.3252 

MOTIF filter16 
letter-probability matrix: alength= 4 w= 3 nsites= 3 
0.5986 0.0258 0.3579 0.0177 
0.8546 0.0688 0.0316 0.0450 
0.4388 0.2339 0.0145 0.3128 

MOTIF filter17 
letter-probability matrix: alength= 4 w= 3 nsites= 3 
0.0105 0.6589 0.0526 0.2780 
0.3333 0.0046 0.0067 0.6554 
0.7284 0.0055 0.2602 0.0059 

MOTIF filter18 
letter-probability matrix: alength= 4 w= 3 nsites= 3 
0.0045 0.1655 0.0048 0.8252 
0.1608 0.0035 0.5682 0.2675 
0.5356 0.0401 0.4221 0.0022 

MOTIF filter19 
letter-probability matrix: alength= 4 w= 3 nsites= 3 
0.0648 0.6587 0.2606 0.0159 
0.2107 0.0480 0.0187 0.7226 
0.0226 0.3829 0.1627 0.4319 

MOTIF filter20 
letter-probability matrix: alength= 4 w= 3 nsites= 3 
0.0132 0.6441 0.0125 0.3302 
0.0211 0.1648 0.0317 0.7825 
0.1264 0.0083 0.4744 0.3908 

MOTIF filter21 
letter-probability matrix: alength= 4 w= 3 nsites= 3 
0.2773 0.0443 0.0341 0.6443 
0.0133 0.0238 0.9250 0.0379 
0.0820 0.8920 0.0039 0.0220 

MOTIF filter22 
letter-probability matrix: alength= 4 w= 3 nsites= 3 
0.6339 0.3041 0.0442 0.0178 
0.1201 0.5956 0.2660 0.0183 
0.3973 0.4192 0.0238 0.1597 

MOTIF filter23 
letter-probability matrix: alength= 4 w= 3 nsites= 3 
0.5499 0.3207 0.0217 0.1077 
0.6298 0.0148 0.0495 0.3059 
0.0834 0.0055 0.1533 0.7578 

MOTIF filter24 
letter-probability matrix: alength= 4 w= 3 nsites= 3 
0.2706 0.0022 0.3787 0.3485 
0.0041 0.7103 0.1526 0.1330 
0.0226 0.0308 0.9161 0.0305 

MOTIF filter25 
letter-probability matrix: alength= 4 w= 3 nsites= 3 
0.0195 0.0151 0.1239 0.8416 
0.1125 0.5744 0.0786 0.2345 
0.4927 0.0092 0.0238 0.4744 

MOTIF filter26 
letter-probability matrix: alength= 4 w= 3 nsites= 3 
0.0072 0.1782 0.4982 0.3164 
0.5251 0.1832 0.0138 0.2779 
0.0104 0.0338 0.9245 0.0312 

MOTIF filter27 
letter-probability matrix: alength= 4 w= 3 nsites= 3 
0.6964 0.0836 0.0125 0.2075 
0.1765 0.5851 0.0213 0.2171 
0.0177 0.7359 0.2383 0.0082 

MOTIF filter28 
letter-probability matrix: alength= 4 w= 3 nsites= 3 
0.4940 0.2539 0.2338 0.0184 
0.0485 0.0498 0.5755 0.3262 
0.4896 0.4559 0.0405 0.0140 

MOTIF filter29 
letter-probability matrix: alength= 4 w= 3 nsites= 3 
0.1331 0.0187 0.1553 0.6929 
0.1075 0.0762 0.7798 0.0365 
0.0887 0.0353 0.7748 0.1012 

