MEME version 4

ALPHABET= ACGT

Background letter frequencies:
A 0.2500 C 0.2500 G 0.2500 T 0.2500 

MOTIF filter0 
letter-probability matrix: alength= 4 w= 3 nsites= 3 
0.7811 0.0746 0.0724 0.0719 
0.8316 0.0796 0.0799 0.0089 
0.0720 0.0750 0.7826 0.0704 

MOTIF filter1 
letter-probability matrix: alength= 4 w= 3 nsites= 3 
0.0506 0.0450 0.0494 0.8550 
0.8474 0.0490 0.0536 0.0499 
0.0348 0.0334 0.9030 0.0289 

MOTIF filter2 
letter-probability matrix: alength= 4 w= 3 nsites= 3 
0.0754 0.7789 0.0736 0.0721 
0.0036 0.0688 0.8577 0.0698 
0.7891 0.0717 0.0725 0.0668 

MOTIF filter3 
letter-probability matrix: alength= 4 w= 3 nsites= 3 
0.0614 0.0575 0.8479 0.0332 
0.8280 0.0566 0.0593 0.0560 
0.0447 0.1820 0.7360 0.0372 

MOTIF filter4 
letter-probability matrix: alength= 4 w= 3 nsites= 3 
0.0420 0.0405 0.8757 0.0419 
0.8860 0.0454 0.0363 0.0323 
0.8986 0.0268 0.0366 0.0380 

MOTIF filter5 
letter-probability matrix: alength= 4 w= 3 nsites= 3 
0.0518 0.0514 0.8428 0.0540 
0.0492 0.0478 0.8544 0.0487 
0.8573 0.0447 0.0478 0.0501 

MOTIF filter6 
letter-probability matrix: alength= 4 w= 3 nsites= 3 
0.1089 0.6815 0.1052 0.1044 
0.0965 0.6992 0.0980 0.1063 
0.0039 0.1280 0.1247 0.7434 

MOTIF filter7 
letter-probability matrix: alength= 4 w= 3 nsites= 3 
0.0325 0.9081 0.0284 0.0311 
0.0310 0.0302 0.0324 0.9064 
0.0287 0.9094 0.0337 0.0282 

MOTIF filter8 
letter-probability matrix: alength= 4 w= 3 nsites= 3 
0.0417 0.0405 0.0391 0.8787 
0.0380 0.8810 0.0420 0.0390 
0.0332 0.8984 0.0336 0.0347 

MOTIF filter9 
letter-probability matrix: alength= 4 w= 3 nsites= 3 
0.0310 0.8963 0.0327 0.0400 
0.0415 0.0481 0.8647 0.0456 
0.0408 0.0440 0.0440 0.8712 

MOTIF filter10 
letter-probability matrix: alength= 4 w= 3 nsites= 3 
0.0841 0.7537 0.0856 0.0765 
0.0719 0.0664 0.0712 0.7904 
0.7857 0.0612 0.0789 0.0742 

MOTIF filter11 
letter-probability matrix: alength= 4 w= 3 nsites= 3 
0.8381 0.0568 0.0540 0.0511 
0.0365 0.1309 0.7966 0.0360 
0.0299 0.0336 0.0306 0.9059 

MOTIF filter12 
letter-probability matrix: alength= 4 w= 3 nsites= 3 
0.1039 0.1041 0.6858 0.1061 
0.2031 0.6991 0.0947 0.0031 
0.0923 0.1024 0.6999 0.1054 

MOTIF filter13 
letter-probability matrix: alength= 4 w= 3 nsites= 3 
0.1371 0.5880 0.1376 0.1373 
0.6431 0.1644 0.0024 0.1901 
0.1355 0.1246 0.1268 0.6131 

MOTIF filter14 
letter-probability matrix: alength= 4 w= 3 nsites= 3 
0.0709 0.0638 0.7901 0.0751 
0.2305 0.0612 0.0554 0.6528 
0.0585 0.8201 0.0618 0.0596 

MOTIF filter15 
letter-probability matrix: alength= 4 w= 3 nsites= 3 
0.0600 0.8220 0.0579 0.0601 
0.0687 0.8056 0.0620 0.0637 
0.0386 0.7539 0.0206 0.1868 

MOTIF filter16 
letter-probability matrix: alength= 4 w= 3 nsites= 3 
0.9437 0.0203 0.0182 0.0179 
0.9429 0.0180 0.0200 0.0191 
0.8722 0.0154 0.0137 0.0987 

MOTIF filter17 
letter-probability matrix: alength= 4 w= 3 nsites= 3 
0.0622 0.0549 0.0532 0.8298 
0.8165 0.0572 0.0619 0.0644 
0.0662 0.0541 0.8134 0.0664 

MOTIF filter18 
letter-probability matrix: alength= 4 w= 3 nsites= 3 
0.0649 0.0550 0.0667 0.8134 
0.0723 0.0765 0.0781 0.7731 
0.0706 0.0744 0.7809 0.0741 

MOTIF filter19 
letter-probability matrix: alength= 4 w= 3 nsites= 3 
0.0365 0.8877 0.0391 0.0367 
0.0414 0.0346 0.0201 0.9040 
0.0434 0.0429 0.8696 0.0441 

MOTIF filter20 
letter-probability matrix: alength= 4 w= 3 nsites= 3 
0.0490 0.1736 0.0457 0.7317 
0.0695 0.0693 0.0715 0.7897 
0.0757 0.0750 0.0700 0.7793 

MOTIF filter21 
letter-probability matrix: alength= 4 w= 3 nsites= 3 
0.0239 0.0223 0.0209 0.9329 
0.0103 0.0116 0.9585 0.0196 
0.0192 0.9472 0.0154 0.0182 

MOTIF filter22 
letter-probability matrix: alength= 4 w= 3 nsites= 3 
0.5459 0.3713 0.0067 0.0761 
0.1003 0.6935 0.1010 0.1053 
0.0908 0.7109 0.0958 0.1025 

MOTIF filter23 
letter-probability matrix: alength= 4 w= 3 nsites= 3 
0.0276 0.8853 0.0461 0.0410 
0.8584 0.0428 0.0549 0.0439 
0.0279 0.0361 0.0329 0.9032 

MOTIF filter24 
letter-probability matrix: alength= 4 w= 3 nsites= 3 
0.0885 0.7087 0.1145 0.0883 
0.0367 0.6773 0.1589 0.1272 
0.1084 0.1155 0.6668 0.1093 

MOTIF filter25 
letter-probability matrix: alength= 4 w= 3 nsites= 3 
0.0805 0.0743 0.0809 0.7643 
0.1053 0.6970 0.0963 0.1015 
0.6957 0.1025 0.0996 0.1022 

MOTIF filter26 
letter-probability matrix: alength= 4 w= 3 nsites= 3 
0.1043 0.1097 0.6776 0.1084 
0.1022 0.1087 0.1046 0.6844 
0.0806 0.0858 0.7456 0.0880 

MOTIF filter27 
letter-probability matrix: alength= 4 w= 3 nsites= 3 
0.2267 0.7196 0.0269 0.0268 
0.0449 0.8645 0.0432 0.0474 
0.1591 0.7668 0.0308 0.0433 

MOTIF filter28 
letter-probability matrix: alength= 4 w= 3 nsites= 3 
0.8921 0.0365 0.0338 0.0376 
0.0450 0.0311 0.0347 0.8892 
0.8638 0.0452 0.0465 0.0445 

MOTIF filter29 
letter-probability matrix: alength= 4 w= 3 nsites= 3 
0.0170 0.0190 0.0235 0.9404 
0.0357 0.0374 0.8974 0.0295 
0.0203 0.0166 0.9460 0.0171 

