MEME version 4

ALPHABET= ACGT

Background letter frequencies:
A 0.2500 C 0.2500 G 0.2500 T 0.2500 

MOTIF filter0 
letter-probability matrix: alength= 4 w= 19 nsites= 19 
0.2502 0.2414 0.2464 0.2620 
0.2484 0.2450 0.2437 0.2629 
0.2356 0.2491 0.2459 0.2694 
0.2492 0.2620 0.2353 0.2535 
0.2556 0.2580 0.2407 0.2456 
0.2494 0.2591 0.2460 0.2456 
0.2468 0.2405 0.2787 0.2341 
0.2455 0.2447 0.2586 0.2512 
1.0000 0.0000 0.0000 0.0000 
1.0000 0.0000 0.0000 0.0000 
0.0000 0.0000 1.0000 0.0000 
0.2531 0.2446 0.2462 0.2562 
0.2434 0.2407 0.2539 0.2621 
0.2503 0.2525 0.2553 0.2418 
0.2515 0.2484 0.2586 0.2415 
0.2378 0.2552 0.2485 0.2586 
0.2455 0.2529 0.2488 0.2528 
0.2451 0.2531 0.2517 0.2501 
0.2470 0.2553 0.2481 0.2496 

MOTIF filter1 
letter-probability matrix: alength= 4 w= 19 nsites= 19 
0.2398 0.2353 0.2591 0.2659 
0.2416 0.2816 0.2396 0.2373 
0.2447 0.2333 0.2393 0.2827 
0.2793 0.2358 0.2427 0.2422 
0.2450 0.2377 0.2431 0.2742 
0.2707 0.2395 0.2279 0.2619 
0.2721 0.2407 0.2377 0.2495 
0.2748 0.2390 0.2323 0.2539 
0.0000 0.0000 0.0000 1.0000 
1.0000 0.0000 0.0000 0.0000 
0.0000 0.0000 1.0000 0.0000 
0.2545 0.2532 0.2448 0.2475 
0.2497 0.2485 0.2430 0.2588 
0.2531 0.2537 0.2440 0.2493 
0.2569 0.2472 0.2495 0.2463 
0.2468 0.2509 0.2476 0.2547 
0.2532 0.2454 0.2507 0.2507 
0.2533 0.2474 0.2437 0.2557 
0.2472 0.2515 0.2530 0.2483 

MOTIF filter2 
letter-probability matrix: alength= 4 w= 19 nsites= 19 
0.2533 0.2475 0.2480 0.2511 
0.2472 0.2491 0.2508 0.2529 
0.2507 0.2491 0.2494 0.2507 
0.2553 0.2427 0.2545 0.2475 
0.2537 0.2499 0.2479 0.2485 
0.2517 0.2479 0.2485 0.2519 
0.2516 0.2470 0.2501 0.2513 
0.2514 0.2587 0.2482 0.2418 
0.0000 1.0000 0.0000 0.0000 
0.0000 0.0000 1.0000 0.0000 
1.0000 0.0000 0.0000 0.0000 
0.2551 0.2461 0.2435 0.2553 
0.2442 0.2492 0.2449 0.2617 
0.2507 0.2513 0.2495 0.2485 
0.2519 0.2488 0.2478 0.2515 
0.2481 0.2528 0.2446 0.2545 
0.2443 0.2559 0.2534 0.2464 
0.2560 0.2485 0.2507 0.2448 
0.2531 0.2571 0.2469 0.2429 

MOTIF filter3 
letter-probability matrix: alength= 4 w= 19 nsites= 19 
0.2437 0.2487 0.2490 0.2586 
0.2591 0.2438 0.2482 0.2489 
0.2519 0.2390 0.2585 0.2506 
0.2530 0.2410 0.2446 0.2614 
0.2524 0.2409 0.2589 0.2479 
0.2507 0.2424 0.2637 0.2432 
0.2557 0.2454 0.2576 0.2413 
0.2414 0.2291 0.2558 0.2737 
0.0000 0.0000 1.0000 0.0000 
1.0000 0.0000 0.0000 0.0000 
0.0000 0.0000 1.0000 0.0000 
0.2376 0.2396 0.2567 0.2661 
0.2399 0.2710 0.2438 0.2453 
0.2754 0.2325 0.2482 0.2439 
0.2361 0.2609 0.2553 0.2478 
0.2468 0.2489 0.2510 0.2533 
0.2516 0.2518 0.2473 0.2492 
0.2537 0.2517 0.2440 0.2506 
0.2541 0.2456 0.2449 0.2553 

MOTIF filter4 
letter-probability matrix: alength= 4 w= 19 nsites= 19 
0.2554 0.2479 0.2455 0.2512 
0.2523 0.2418 0.2488 0.2571 
0.2404 0.2383 0.2334 0.2878 
0.2393 0.2330 0.2425 0.2852 
0.2491 0.2767 0.2325 0.2416 
0.2366 0.2756 0.2348 0.2531 
0.2446 0.2642 0.2499 0.2413 
0.2404 0.2312 0.2972 0.2313 
0.0000 0.0000 1.0000 0.0000 
1.0000 0.0000 0.0000 0.0000 
1.0000 0.0000 0.0000 0.0000 
0.2601 0.2439 0.2532 0.2427 
0.2442 0.2561 0.2382 0.2615 
0.2523 0.2421 0.2531 0.2525 
0.2501 0.2521 0.2503 0.2475 
0.2493 0.2564 0.2481 0.2462 
0.2409 0.2568 0.2501 0.2523 
0.2531 0.2553 0.2459 0.2456 
0.2494 0.2468 0.2495 0.2543 

MOTIF filter5 
letter-probability matrix: alength= 4 w= 19 nsites= 19 
0.2530 0.2528 0.2495 0.2447 
0.2591 0.2451 0.2519 0.2439 
0.2527 0.2443 0.2492 0.2539 
0.2401 0.2375 0.2461 0.2763 
0.2443 0.2307 0.2455 0.2796 
0.2456 0.2676 0.2450 0.2418 
0.2300 0.2780 0.2461 0.2459 
0.2407 0.2541 0.2605 0.2448 
0.0000 0.0000 1.0000 0.0000 
0.0000 0.0000 1.0000 0.0000 
1.0000 0.0000 0.0000 0.0000 
0.2932 0.2300 0.2431 0.2337 
0.2531 0.2416 0.2662 0.2390 
0.2491 0.2469 0.2407 0.2633 
0.2504 0.2453 0.2565 0.2478 
0.2461 0.2529 0.2525 0.2485 
0.2502 0.2536 0.2478 0.2484 
0.2480 0.2497 0.2510 0.2512 
0.2527 0.2502 0.2481 0.2490 

MOTIF filter6 
letter-probability matrix: alength= 4 w= 19 nsites= 19 
0.2581 0.2375 0.2515 0.2530 
0.2544 0.2492 0.2471 0.2493 
0.2479 0.2489 0.2564 0.2468 
0.2551 0.2541 0.2465 0.2442 
0.2482 0.2620 0.2485 0.2412 
0.2423 0.2612 0.2426 0.2539 
0.2476 0.2538 0.2468 0.2518 
0.2509 0.2550 0.2412 0.2529 
0.0000 1.0000 0.0000 0.0000 
0.0000 1.0000 0.0000 0.0000 
0.0000 0.0000 0.0000 1.0000 
0.2446 0.2515 0.2493 0.2547 
0.2528 0.2498 0.2506 0.2468 
0.2552 0.2482 0.2378 0.2588 
0.2595 0.2497 0.2388 0.2520 
0.2476 0.2553 0.2391 0.2580 
0.2510 0.2452 0.2539 0.2499 
0.2557 0.2467 0.2511 0.2464 
0.2447 0.2455 0.2475 0.2623 

MOTIF filter7 
letter-probability matrix: alength= 4 w= 19 nsites= 19 
0.2534 0.2463 0.2523 0.2480 
0.2408 0.2507 0.2502 0.2583 
0.2558 0.2528 0.2450 0.2464 
0.2525 0.2520 0.2499 0.2456 
0.2454 0.2519 0.2564 0.2463 
0.2416 0.2490 0.2358 0.2736 
0.2445 0.2475 0.2704 0.2376 
0.2727 0.2458 0.2399 0.2415 
0.0000 1.0000 0.0000 0.0000 
0.0000 0.0000 0.0000 1.0000 
0.0000 1.0000 0.0000 0.0000 
0.2747 0.2493 0.2391 0.2369 
0.2457 0.2462 0.2555 0.2526 
0.2409 0.2657 0.2396 0.2538 
0.2527 0.2506 0.2471 0.2495 
0.2488 0.2511 0.2471 0.2530 
0.2552 0.2495 0.2404 0.2550 
0.2452 0.2489 0.2432 0.2627 
0.2606 0.2478 0.2439 0.2477 

MOTIF filter8 
letter-probability matrix: alength= 4 w= 19 nsites= 19 
0.2489 0.2536 0.2486 0.2489 
0.2555 0.2470 0.2463 0.2511 
0.2504 0.2538 0.2502 0.2455 
0.2473 0.2536 0.2515 0.2476 
0.2528 0.2602 0.2378 0.2492 
0.2608 0.2461 0.2492 0.2439 
0.2362 0.2680 0.2362 0.2596 
0.2354 0.2421 0.2313 0.2912 
0.0000 0.0000 0.0000 1.0000 
0.0000 1.0000 0.0000 0.0000 
0.0000 1.0000 0.0000 0.0000 
0.2458 0.2505 0.2636 0.2400 
0.2432 0.2451 0.2733 0.2385 
0.2450 0.2418 0.2676 0.2456 
0.2775 0.2455 0.2248 0.2523 
0.2800 0.2434 0.2330 0.2437 
0.2513 0.2526 0.2414 0.2546 
0.2445 0.2538 0.2481 0.2536 
0.2504 0.2458 0.2570 0.2469 

MOTIF filter9 
letter-probability matrix: alength= 4 w= 19 nsites= 19 
0.2568 0.2534 0.2448 0.2450 
0.2526 0.2473 0.2464 0.2537 
0.2546 0.2435 0.2480 0.2539 
0.2489 0.2556 0.2476 0.2479 
0.2590 0.2437 0.2543 0.2430 
0.2437 0.2468 0.2549 0.2547 
0.2410 0.2796 0.2359 0.2434 
0.2767 0.2366 0.2477 0.2391 
0.0000 1.0000 0.0000 0.0000 
0.0000 0.0000 1.0000 0.0000 
0.0000 0.0000 0.0000 1.0000 
0.2429 0.2337 0.2826 0.2409 
0.2512 0.2486 0.2498 0.2504 
0.2354 0.2633 0.2414 0.2599 
0.2507 0.2489 0.2510 0.2494 
0.2481 0.2507 0.2501 0.2511 
0.2573 0.2487 0.2439 0.2501 
0.2545 0.2505 0.2474 0.2477 
0.2483 0.2474 0.2413 0.2630 

MOTIF filter10 
letter-probability matrix: alength= 4 w= 19 nsites= 19 
0.2479 0.2529 0.2450 0.2542 
0.2586 0.2434 0.2507 0.2473 
0.2557 0.2411 0.2496 0.2536 
0.2533 0.2456 0.2515 0.2496 
0.2501 0.2504 0.2444 0.2551 
0.2520 0.2519 0.2488 0.2473 
0.2486 0.2514 0.2500 0.2501 
0.2478 0.2422 0.2550 0.2550 
0.0000 1.0000 0.0000 0.0000 
0.0000 0.0000 0.0000 1.0000 
1.0000 0.0000 0.0000 0.0000 
0.2518 0.2351 0.2379 0.2751 
0.2578 0.2422 0.2425 0.2575 
0.2740 0.2382 0.2367 0.2511 
0.2690 0.2447 0.2376 0.2488 
0.2416 0.2373 0.2367 0.2845 
0.2796 0.2453 0.2361 0.2390 
0.2453 0.2315 0.2797 0.2435 
0.2664 0.2570 0.2360 0.2405 

MOTIF filter11 
letter-probability matrix: alength= 4 w= 19 nsites= 19 
0.2512 0.2527 0.2502 0.2459 
0.2503 0.2379 0.2489 0.2629 
0.2568 0.2430 0.2433 0.2569 
0.2526 0.2543 0.2445 0.2486 
0.2523 0.2582 0.2444 0.2452 
0.2539 0.2452 0.2603 0.2406 
0.2430 0.2323 0.2508 0.2740 
0.2548 0.2429 0.2604 0.2419 
1.0000 0.0000 0.0000 0.0000 
0.0000 0.0000 1.0000 0.0000 
0.0000 0.0000 0.0000 1.0000 
0.2413 0.2647 0.2497 0.2442 
0.2799 0.2406 0.2393 0.2402 
0.2349 0.2628 0.2522 0.2502 
0.2428 0.2602 0.2447 0.2523 
0.2596 0.2537 0.2411 0.2455 
0.2585 0.2488 0.2399 0.2528 
0.2535 0.2430 0.2496 0.2539 
0.2487 0.2421 0.2489 0.2604 

MOTIF filter12 
letter-probability matrix: alength= 4 w= 19 nsites= 19 
0.2513 0.2457 0.2521 0.2508 
0.2582 0.2494 0.2479 0.2444 
0.2597 0.2472 0.2455 0.2476 
0.2595 0.2472 0.2465 0.2468 
0.2576 0.2403 0.2541 0.2479 
0.2628 0.2396 0.2606 0.2371 
0.2406 0.2379 0.2531 0.2684 
0.2394 0.2377 0.2619 0.2610 
0.0000 0.0000 1.0000 0.0000 
0.0000 1.0000 0.0000 0.0000 
0.0000 0.0000 1.0000 0.0000 
0.2346 0.2537 0.2616 0.2502 
0.2653 0.2407 0.2523 0.2416 
0.2706 0.2334 0.2475 0.2486 
0.2452 0.2564 0.2477 0.2508 
0.2513 0.2456 0.2441 0.2590 
0.2498 0.2479 0.2489 0.2533 
0.2533 0.2487 0.2452 0.2528 
0.2483 0.2479 0.2488 0.2550 

MOTIF filter13 
letter-probability matrix: alength= 4 w= 19 nsites= 19 
0.2497 0.2510 0.2479 0.2514 
0.2532 0.2485 0.2514 0.2469 
0.2509 0.2479 0.2499 0.2513 
0.2411 0.2402 0.2605 0.2582 
0.2366 0.2363 0.2627 0.2644 
0.2564 0.2444 0.2655 0.2337 
0.2520 0.2556 0.2563 0.2361 
0.2294 0.2898 0.2265 0.2543 
0.0000 1.0000 0.0000 0.0000 
1.0000 0.0000 0.0000 0.0000 
0.0000 0.0000 0.0000 1.0000 
0.2648 0.2442 0.2375 0.2535 
0.2469 0.2260 0.2281 0.2990 
0.2669 0.2402 0.2377 0.2551 
0.2422 0.2342 0.2470 0.2766 
0.2334 0.2539 0.2688 0.2439 
0.2529 0.2442 0.2679 0.2350 
0.2519 0.2411 0.2531 0.2539 
0.2478 0.2681 0.2387 0.2454 

MOTIF filter14 
letter-probability matrix: alength= 4 w= 19 nsites= 19 
0.2518 0.2485 0.2466 0.2531 
0.2602 0.2424 0.2437 0.2538 
0.2487 0.2438 0.2474 0.2602 
0.2607 0.2473 0.2474 0.2446 
0.2568 0.2448 0.2425 0.2559 
0.2534 0.2354 0.2466 0.2647 
0.2459 0.2412 0.2647 0.2482 
0.2592 0.2326 0.2490 0.2592 
0.0000 0.0000 1.0000 0.0000 
0.3381 0.0000 0.0000 0.6619 
0.0000 1.0000 0.0000 0.0000 
0.2638 0.2440 0.2354 0.2567 
0.2448 0.2615 0.2476 0.2461 
0.2534 0.2549 0.2371 0.2546 
0.2569 0.2517 0.2398 0.2516 
0.2480 0.2507 0.2402 0.2611 
0.2581 0.2503 0.2476 0.2440 
0.2483 0.2463 0.2407 0.2647 
0.2483 0.2480 0.2493 0.2544 

MOTIF filter15 
letter-probability matrix: alength= 4 w= 19 nsites= 19 
0.2515 0.2505 0.2506 0.2475 
0.2510 0.2449 0.2560 0.2481 
0.2447 0.2560 0.2528 0.2466 
0.2453 0.2678 0.2388 0.2481 
0.2426 0.2666 0.2437 0.2472 
0.2429 0.2670 0.2405 0.2496 
0.2365 0.2554 0.2462 0.2619 
0.2272 0.2672 0.2619 0.2436 
0.0000 1.0000 0.0000 0.0000 
0.0000 1.0000 0.0000 0.0000 
0.0000 1.0000 0.0000 0.0000 
0.2556 0.2672 0.2419 0.2353 
0.2348 0.2599 0.2577 0.2476 
0.2607 0.2672 0.2351 0.2371 
0.2543 0.2581 0.2306 0.2570 
0.2559 0.2653 0.2351 0.2437 
0.2394 0.2652 0.2362 0.2593 
0.2433 0.2510 0.2562 0.2496 
0.2496 0.2496 0.2524 0.2485 

MOTIF filter16 
letter-probability matrix: alength= 4 w= 19 nsites= 19 
0.2572 0.2404 0.2414 0.2611 
0.2459 0.2370 0.2359 0.2812 
0.2451 0.2463 0.2387 0.2699 
0.2411 0.2593 0.2408 0.2588 
0.2428 0.2678 0.2386 0.2508 
0.2628 0.2401 0.2435 0.2537 
0.2555 0.2424 0.2543 0.2478 
0.2639 0.2404 0.2468 0.2489 
1.0000 0.0000 0.0000 0.0000 
1.0000 0.0000 0.0000 0.0000 
1.0000 0.0000 0.0000 0.0000 
0.2639 0.2339 0.2281 0.2740 
0.2723 0.2324 0.2339 0.2615 
0.2524 0.2326 0.2634 0.2516 
0.2594 0.2461 0.2525 0.2419 
0.2501 0.2451 0.2564 0.2483 
0.2463 0.2540 0.2537 0.2460 
0.2531 0.2465 0.2535 0.2469 
0.2531 0.2486 0.2477 0.2507 

MOTIF filter17 
letter-probability matrix: alength= 4 w= 19 nsites= 19 
0.2398 0.2353 0.2591 0.2659 
0.2416 0.2816 0.2396 0.2373 
0.2447 0.2333 0.2393 0.2827 
0.2793 0.2358 0.2427 0.2422 
0.2450 0.2377 0.2431 0.2742 
0.2707 0.2395 0.2279 0.2619 
0.2721 0.2407 0.2377 0.2495 
0.2748 0.2390 0.2323 0.2539 
0.0000 0.0000 0.0000 1.0000 
1.0000 0.0000 0.0000 0.0000 
0.0000 0.0000 1.0000 0.0000 
0.2545 0.2532 0.2448 0.2475 
0.2497 0.2485 0.2430 0.2588 
0.2531 0.2537 0.2440 0.2493 
0.2569 0.2472 0.2495 0.2463 
0.2468 0.2509 0.2476 0.2547 
0.2532 0.2454 0.2507 0.2507 
0.2533 0.2474 0.2437 0.2557 
0.2472 0.2515 0.2530 0.2483 

MOTIF filter18 
letter-probability matrix: alength= 4 w= 19 nsites= 19 
0.2511 0.2517 0.2405 0.2567 
0.2496 0.2550 0.2444 0.2511 
0.2533 0.2440 0.2576 0.2450 
0.2500 0.2588 0.2481 0.2431 
0.2458 0.2703 0.2419 0.2420 
0.2619 0.2346 0.2390 0.2645 
0.2441 0.2440 0.2563 0.2556 
0.2774 0.2330 0.2443 0.2453 
0.0000 0.0000 0.0000 1.0000 
0.0000 0.0000 0.0000 1.0000 
0.0000 0.0000 1.0000 0.0000 
0.2437 0.2614 0.2595 0.2353 
0.2306 0.2475 0.2563 0.2656 
0.2332 0.2650 0.2469 0.2550 
0.2807 0.2430 0.2374 0.2389 
0.2785 0.2411 0.2396 0.2408 
0.2471 0.2409 0.2460 0.2660 
0.2469 0.2545 0.2424 0.2562 
0.2509 0.2435 0.2466 0.2590 

MOTIF filter19 
letter-probability matrix: alength= 4 w= 19 nsites= 19 
0.2522 0.2482 0.2481 0.2515 
0.2505 0.2478 0.2482 0.2534 
0.2548 0.2431 0.2519 0.2502 
0.2669 0.2411 0.2486 0.2434 
0.2583 0.2449 0.2471 0.2498 
0.2455 0.2433 0.2432 0.2681 
0.2474 0.2393 0.2414 0.2719 
0.2479 0.2458 0.2634 0.2429 
0.0000 1.0000 0.0000 0.0000 
0.0000 0.0000 0.0000 1.0000 
0.0000 0.0000 1.0000 0.0000 
0.2769 0.2453 0.2431 0.2347 
0.2468 0.2564 0.2416 0.2552 
0.2509 0.2339 0.2394 0.2758 
0.2607 0.2591 0.2420 0.2382 
0.2635 0.2441 0.2452 0.2472 
0.2486 0.2434 0.2434 0.2646 
0.2423 0.2522 0.2420 0.2635 
0.2573 0.2447 0.2474 0.2506 

MOTIF filter20 
letter-probability matrix: alength= 4 w= 19 nsites= 19 
0.2457 0.2478 0.2517 0.2547 
0.2442 0.2500 0.2466 0.2592 
0.2491 0.2493 0.2535 0.2481 
0.2475 0.2555 0.2537 0.2433 
0.2397 0.2549 0.2524 0.2531 
0.2521 0.2629 0.2388 0.2462 
0.2588 0.2381 0.2373 0.2658 
0.2742 0.2313 0.2354 0.2592 
0.0000 0.0000 0.0000 1.0000 
0.0000 0.0000 0.0000 1.0000 
0.0000 0.0000 0.0000 1.0000 
0.2502 0.2523 0.2380 0.2596 
0.2565 0.2536 0.2383 0.2516 
0.2517 0.2434 0.2421 0.2627 
0.2483 0.2333 0.2741 0.2444 
0.2540 0.2396 0.2597 0.2468 
0.2623 0.2405 0.2400 0.2572 
0.2775 0.2341 0.2382 0.2502 
0.2642 0.2393 0.2473 0.2491 

MOTIF filter21 
letter-probability matrix: alength= 4 w= 19 nsites= 19 
0.2517 0.2466 0.2540 0.2478 
0.2501 0.2481 0.2501 0.2517 
0.2572 0.2494 0.2482 0.2452 
0.2579 0.2463 0.2476 0.2482 
0.2606 0.2500 0.2417 0.2477 
0.2679 0.2362 0.2404 0.2555 
0.2630 0.2484 0.2477 0.2410 
0.2436 0.2383 0.2526 0.2655 
0.0000 0.0000 0.0000 1.0000 
0.0000 0.0000 1.0000 0.0000 
0.0000 1.0000 0.0000 0.0000 
0.2410 0.2526 0.2514 0.2550 
0.2388 0.2594 0.2595 0.2423 
0.2887 0.2363 0.2246 0.2504 
0.2677 0.2506 0.2336 0.2481 
0.2557 0.2434 0.2376 0.2633 
0.2420 0.2505 0.2420 0.2654 
0.2617 0.2425 0.2375 0.2582 
0.2481 0.2437 0.2416 0.2665 

MOTIF filter22 
letter-probability matrix: alength= 4 w= 19 nsites= 19 
0.2544 0.2466 0.2482 0.2508 
0.2504 0.2433 0.2543 0.2520 
0.2495 0.2509 0.2492 0.2504 
0.2511 0.2525 0.2519 0.2444 
0.2455 0.2579 0.2489 0.2476 
0.2458 0.2608 0.2463 0.2470 
0.2424 0.2506 0.2463 0.2607 
0.2449 0.2558 0.2557 0.2436 
0.5446 0.4554 0.0000 0.0000 
0.0000 1.0000 0.0000 0.0000 
0.0000 1.0000 0.0000 0.0000 
0.2641 0.2530 0.2419 0.2410 
0.2458 0.2531 0.2458 0.2553 
0.2620 0.2538 0.2401 0.2441 
0.2461 0.2557 0.2336 0.2646 
0.2638 0.2533 0.2423 0.2407 
0.2419 0.2559 0.2424 0.2599 
0.2422 0.2473 0.2625 0.2480 
0.2478 0.2481 0.2592 0.2449 

MOTIF filter23 
letter-probability matrix: alength= 4 w= 19 nsites= 19 
0.2497 0.2510 0.2479 0.2514 
0.2532 0.2485 0.2514 0.2469 
0.2509 0.2479 0.2499 0.2513 
0.2411 0.2402 0.2605 0.2582 
0.2366 0.2363 0.2627 0.2644 
0.2564 0.2444 0.2655 0.2337 
0.2520 0.2556 0.2563 0.2361 
0.2294 0.2898 0.2265 0.2543 
0.0000 1.0000 0.0000 0.0000 
1.0000 0.0000 0.0000 0.0000 
0.0000 0.0000 0.0000 1.0000 
0.2648 0.2442 0.2375 0.2535 
0.2469 0.2260 0.2281 0.2990 
0.2669 0.2402 0.2377 0.2551 
0.2422 0.2342 0.2470 0.2766 
0.2334 0.2539 0.2688 0.2439 
0.2529 0.2442 0.2679 0.2350 
0.2519 0.2411 0.2531 0.2539 
0.2478 0.2681 0.2387 0.2454 

MOTIF filter24 
letter-probability matrix: alength= 4 w= 19 nsites= 19 
0.2531 0.2525 0.2469 0.2476 
0.2501 0.2544 0.2486 0.2469 
0.2503 0.2522 0.2550 0.2426 
0.2482 0.2535 0.2468 0.2515 
0.2642 0.2422 0.2475 0.2461 
0.2371 0.2628 0.2436 0.2565 
0.2360 0.2460 0.2452 0.2728 
0.2365 0.2508 0.2468 0.2659 
0.0000 1.0000 0.0000 0.0000 
0.0000 1.0000 0.0000 0.0000 
0.0000 0.0000 1.0000 0.0000 
0.2354 0.2567 0.2779 0.2300 
0.2626 0.2565 0.2390 0.2419 
0.2733 0.2507 0.2303 0.2456 
0.2505 0.2543 0.2511 0.2440 
0.2433 0.2542 0.2424 0.2601 
0.2466 0.2462 0.2499 0.2574 
0.2505 0.2513 0.2499 0.2482 
0.2509 0.2401 0.2566 0.2525 

MOTIF filter25 
letter-probability matrix: alength= 4 w= 19 nsites= 19 
0.2450 0.2521 0.2466 0.2564 
0.2506 0.2478 0.2431 0.2586 
0.2590 0.2440 0.2605 0.2365 
0.2638 0.2439 0.2471 0.2451 
0.2432 0.2441 0.2237 0.2889 
0.2381 0.2373 0.2839 0.2407 
0.3072 0.2256 0.2333 0.2340 
0.2571 0.2567 0.2588 0.2273 
0.0000 0.0000 0.0000 1.0000 
0.0000 1.0000 0.0000 0.0000 
1.0000 0.0000 0.0000 0.0000 
0.2327 0.2559 0.2602 0.2512 
0.2465 0.2663 0.2402 0.2470 
0.2664 0.2449 0.2350 0.2536 
0.2516 0.2407 0.2528 0.2548 
0.2503 0.2438 0.2503 0.2557 
0.2461 0.2508 0.2426 0.2605 
0.2585 0.2502 0.2371 0.2542 
0.2522 0.2466 0.2474 0.2538 

MOTIF filter26 
letter-probability matrix: alength= 4 w= 19 nsites= 19 
0.2527 0.2465 0.2502 0.2505 
0.2574 0.2452 0.2508 0.2465 
0.2502 0.2544 0.2498 0.2456 
0.2597 0.2515 0.2463 0.2425 
0.2519 0.2449 0.2600 0.2432 
0.2416 0.2806 0.2366 0.2412 
0.2891 0.2269 0.2419 0.2420 
0.2440 0.2723 0.2476 0.2361 
0.0000 0.0000 1.0000 0.0000 
0.0000 0.0000 0.0000 1.0000 
0.0000 0.0000 1.0000 0.0000 
0.2545 0.2498 0.2498 0.2459 
0.2355 0.2577 0.2551 0.2517 
0.2470 0.2461 0.2463 0.2606 
0.2488 0.2601 0.2442 0.2469 
0.2638 0.2474 0.2388 0.2500 
0.2508 0.2512 0.2439 0.2540 
0.2440 0.2534 0.2443 0.2584 
0.2564 0.2464 0.2432 0.2540 

MOTIF filter27 
letter-probability matrix: alength= 4 w= 19 nsites= 19 
0.2532 0.2481 0.2491 0.2495 
0.2506 0.2439 0.2549 0.2505 
0.2476 0.2529 0.2506 0.2489 
0.2489 0.2585 0.2468 0.2458 
0.2444 0.2613 0.2469 0.2474 
0.2447 0.2632 0.2441 0.2480 
0.2401 0.2525 0.2463 0.2612 
0.2381 0.2602 0.2581 0.2436 
0.3336 0.6664 0.0000 0.0000 
0.0000 1.0000 0.0000 0.0000 
0.0000 1.0000 0.0000 0.0000 
0.2608 0.2585 0.2419 0.2388 
0.2416 0.2557 0.2504 0.2523 
0.2615 0.2590 0.2381 0.2414 
0.2493 0.2566 0.2324 0.2617 
0.2607 0.2580 0.2395 0.2418 
0.2409 0.2595 0.2400 0.2597 
0.2426 0.2487 0.2601 0.2486 
0.2485 0.2487 0.2566 0.2463 

MOTIF filter28 
letter-probability matrix: alength= 4 w= 19 nsites= 19 
0.2589 0.2462 0.2448 0.2500 
0.2399 0.2318 0.2413 0.2871 
0.2300 0.2600 0.2629 0.2470 
0.2453 0.2350 0.2356 0.2841 
0.2558 0.2668 0.2462 0.2312 
0.2463 0.2720 0.2335 0.2481 
0.2765 0.2626 0.2143 0.2467 
0.2564 0.2509 0.2118 0.2808 
1.0000 0.0000 0.0000 0.0000 
0.0000 0.0000 0.0000 1.0000 
1.0000 0.0000 0.0000 0.0000 
0.2452 0.2146 0.2419 0.2983 
0.2806 0.2234 0.2645 0.2314 
0.2306 0.2206 0.2748 0.2740 
0.2444 0.2375 0.2688 0.2493 
0.2376 0.2576 0.2750 0.2298 
0.2728 0.2347 0.2440 0.2485 
0.2511 0.2615 0.2446 0.2428 
0.2733 0.2432 0.2393 0.2442 

MOTIF filter29 
letter-probability matrix: alength= 4 w= 19 nsites= 19 
0.2593 0.2527 0.2453 0.2427 
0.2439 0.2770 0.2450 0.2341 
0.2464 0.2795 0.2425 0.2317 
0.2712 0.2586 0.2321 0.2381 
0.2457 0.2379 0.2287 0.2877 
0.2952 0.2252 0.2416 0.2380 
0.2644 0.2415 0.2306 0.2634 
0.2818 0.2255 0.2411 0.2516 
0.0000 0.0000 0.0000 1.0000 
0.0000 0.0000 1.0000 0.0000 
0.0000 0.0000 1.0000 0.0000 
0.2376 0.2557 0.2552 0.2514 
0.2506 0.2651 0.2472 0.2371 
0.2704 0.2397 0.2585 0.2314 
0.2562 0.2609 0.2405 0.2423 
0.2496 0.2466 0.2502 0.2536 
0.2470 0.2509 0.2451 0.2570 
0.2484 0.2468 0.2481 0.2568 
0.2505 0.2446 0.2578 0.2471 

