MEME version 4

ALPHABET= ACGT

Background letter frequencies:
A 0.2500 C 0.2500 G 0.2500 T 0.2500 

MOTIF filter0 
letter-probability matrix: alength= 4 w= 19 nsites= 19 
0.2526 0.2489 0.2470 0.2515 
0.2518 0.2483 0.2531 0.2468 
0.2538 0.2497 0.2467 0.2498 
0.2530 0.2497 0.2475 0.2497 
0.2509 0.2478 0.2506 0.2507 
0.2571 0.2442 0.2459 0.2529 
0.2494 0.2524 0.2464 0.2518 
0.2512 0.2512 0.2442 0.2534 
0.0595 0.5276 0.0000 0.4128 
0.4039 0.0000 0.5961 0.0000 
0.0000 0.4613 0.2209 0.3178 
0.2505 0.2485 0.2523 0.2487 
0.2551 0.2458 0.2439 0.2552 
0.2548 0.2471 0.2490 0.2491 
0.2509 0.2494 0.2441 0.2556 
0.2508 0.2467 0.2468 0.2556 
0.2501 0.2475 0.2492 0.2532 
0.2537 0.2461 0.2468 0.2535 
0.2505 0.2502 0.2453 0.2540 

MOTIF filter1 
letter-probability matrix: alength= 4 w= 19 nsites= 19 
0.2529 0.2448 0.2467 0.2556 
0.2484 0.2502 0.2437 0.2577 
0.2538 0.2435 0.2491 0.2536 
0.2574 0.2455 0.2457 0.2514 
0.2470 0.2486 0.2428 0.2616 
0.2509 0.2421 0.2541 0.2529 
0.2654 0.2392 0.2453 0.2501 
0.2590 0.2510 0.2461 0.2439 
0.3177 0.0000 0.1063 0.5760 
0.3760 0.6240 0.0000 0.0000 
0.6787 0.0000 0.3213 0.0000 
0.2519 0.2472 0.2448 0.2561 
0.2516 0.2480 0.2475 0.2529 
0.2581 0.2447 0.2440 0.2532 
0.2504 0.2479 0.2500 0.2517 
0.2521 0.2470 0.2494 0.2515 
0.2467 0.2499 0.2499 0.2534 
0.2522 0.2503 0.2450 0.2526 
0.2523 0.2486 0.2490 0.2501 

MOTIF filter2 
letter-probability matrix: alength= 4 w= 19 nsites= 19 
0.2524 0.2508 0.2468 0.2499 
0.2524 0.2474 0.2489 0.2513 
0.2542 0.2465 0.2487 0.2506 
0.2530 0.2483 0.2510 0.2477 
0.2530 0.2500 0.2484 0.2486 
0.2461 0.2493 0.2471 0.2575 
0.2491 0.2529 0.2514 0.2466 
0.2574 0.2501 0.2487 0.2438 
0.0000 0.8889 0.0000 0.1111 
0.0000 0.0000 0.5802 0.4198 
0.4653 0.2243 0.0000 0.3104 
0.2515 0.2482 0.2488 0.2516 
0.2485 0.2504 0.2424 0.2587 
0.2489 0.2570 0.2433 0.2507 
0.2568 0.2467 0.2461 0.2504 
0.2482 0.2460 0.2462 0.2596 
0.2561 0.2490 0.2450 0.2498 
0.2516 0.2451 0.2532 0.2501 
0.2574 0.2515 0.2415 0.2496 

MOTIF filter3 
letter-probability matrix: alength= 4 w= 19 nsites= 19 
0.2515 0.2480 0.2467 0.2537 
0.2533 0.2455 0.2461 0.2551 
0.2487 0.2425 0.2468 0.2620 
0.2457 0.2451 0.2453 0.2639 
0.2507 0.2514 0.2468 0.2511 
0.2481 0.2526 0.2503 0.2491 
0.2481 0.2507 0.2579 0.2433 
0.2441 0.2394 0.2640 0.2525 
0.2988 0.0000 0.7012 0.0000 
0.6660 0.0910 0.2430 0.0000 
0.4549 0.0000 0.5451 0.0000 
0.2568 0.2416 0.2494 0.2522 
0.2529 0.2477 0.2489 0.2506 
0.2571 0.2396 0.2549 0.2483 
0.2474 0.2502 0.2567 0.2457 
0.2469 0.2497 0.2526 0.2507 
0.2467 0.2531 0.2509 0.2493 
0.2512 0.2512 0.2495 0.2480 
0.2503 0.2490 0.2486 0.2521 

MOTIF filter4 
letter-probability matrix: alength= 4 w= 19 nsites= 19 
0.2511 0.2470 0.2474 0.2545 
0.2547 0.2478 0.2466 0.2509 
0.2606 0.2461 0.2498 0.2434 
0.2503 0.2468 0.2449 0.2580 
0.2422 0.2446 0.2452 0.2679 
0.2469 0.2460 0.2548 0.2523 
0.2659 0.2450 0.2475 0.2417 
0.2512 0.2535 0.2569 0.2383 
0.0000 0.6664 0.0000 0.3336 
0.4021 0.4490 0.1489 0.0000 
1.0000 0.0000 0.0000 0.0000 
0.2491 0.2425 0.2397 0.2687 
0.2520 0.2489 0.2424 0.2567 
0.2558 0.2411 0.2358 0.2673 
0.2596 0.2398 0.2511 0.2494 
0.2480 0.2439 0.2544 0.2537 
0.2409 0.2512 0.2553 0.2526 
0.2499 0.2494 0.2536 0.2472 
0.2496 0.2473 0.2512 0.2519 

MOTIF filter5 
letter-probability matrix: alength= 4 w= 19 nsites= 19 
0.2527 0.2516 0.2472 0.2485 
0.2505 0.2472 0.2470 0.2553 
0.2590 0.2443 0.2459 0.2508 
0.2540 0.2423 0.2466 0.2571 
0.2540 0.2427 0.2437 0.2596 
0.2495 0.2446 0.2528 0.2531 
0.2519 0.2452 0.2496 0.2533 
0.2527 0.2501 0.2516 0.2456 
0.4121 0.0000 0.4130 0.1749 
0.0000 0.5098 0.4902 0.0000 
0.6682 0.0000 0.0000 0.3318 
0.2540 0.2506 0.2477 0.2478 
0.2539 0.2467 0.2454 0.2540 
0.2491 0.2540 0.2435 0.2535 
0.2522 0.2470 0.2490 0.2518 
0.2476 0.2515 0.2491 0.2518 
0.2481 0.2501 0.2465 0.2553 
0.2523 0.2495 0.2461 0.2521 
0.2518 0.2470 0.2485 0.2527 

MOTIF filter6 
letter-probability matrix: alength= 4 w= 19 nsites= 19 
0.2534 0.2481 0.2478 0.2508 
0.2503 0.2496 0.2498 0.2503 
0.2510 0.2504 0.2494 0.2493 
0.2525 0.2516 0.2478 0.2481 
0.2535 0.2476 0.2488 0.2501 
0.2532 0.2487 0.2491 0.2491 
0.2467 0.2518 0.2438 0.2577 
0.2563 0.2443 0.2519 0.2476 
0.2065 0.3099 0.0765 0.4070 
0.0000 0.6099 0.3901 0.0000 
0.0000 0.0000 0.2373 0.7627 
0.2430 0.2518 0.2555 0.2498 
0.2592 0.2496 0.2431 0.2480 
0.2485 0.2548 0.2462 0.2506 
0.2514 0.2512 0.2450 0.2523 
0.2532 0.2509 0.2461 0.2498 
0.2527 0.2456 0.2453 0.2564 
0.2570 0.2464 0.2455 0.2511 
0.2485 0.2448 0.2501 0.2565 

MOTIF filter7 
letter-probability matrix: alength= 4 w= 19 nsites= 19 
0.2526 0.2482 0.2478 0.2514 
0.2516 0.2484 0.2521 0.2479 
0.2563 0.2473 0.2476 0.2488 
0.2582 0.2450 0.2469 0.2499 
0.2484 0.2493 0.2549 0.2474 
0.2487 0.2424 0.2420 0.2669 
0.2454 0.2468 0.2541 0.2536 
0.2453 0.2545 0.2508 0.2494 
0.0000 1.0000 0.0000 0.0000 
0.2690 0.0000 0.3319 0.3991 
0.0000 0.4782 0.5218 0.0000 
0.2613 0.2521 0.2463 0.2403 
0.2592 0.2473 0.2412 0.2523 
0.2477 0.2490 0.2487 0.2546 
0.2524 0.2524 0.2437 0.2515 
0.2507 0.2473 0.2465 0.2555 
0.2499 0.2473 0.2451 0.2577 
0.2463 0.2480 0.2472 0.2585 
0.2557 0.2485 0.2463 0.2494 

MOTIF filter8 
letter-probability matrix: alength= 4 w= 19 nsites= 19 
0.2529 0.2500 0.2473 0.2498 
0.2555 0.2488 0.2462 0.2496 
0.2550 0.2458 0.2520 0.2473 
0.2626 0.2451 0.2478 0.2445 
0.2548 0.2446 0.2467 0.2539 
0.2518 0.2406 0.2519 0.2557 
0.2433 0.2579 0.2468 0.2519 
0.2432 0.2452 0.2492 0.2624 
0.0000 0.0000 0.8546 0.1454 
0.1758 0.6426 0.1816 0.0000 
0.2138 0.7862 0.0000 0.0000 
0.2562 0.2568 0.2451 0.2419 
0.2516 0.2529 0.2465 0.2490 
0.2513 0.2458 0.2438 0.2591 
0.2543 0.2457 0.2401 0.2600 
0.2515 0.2459 0.2420 0.2606 
0.2512 0.2484 0.2495 0.2509 
0.2439 0.2518 0.2470 0.2573 
0.2478 0.2466 0.2550 0.2506 

MOTIF filter9 
letter-probability matrix: alength= 4 w= 19 nsites= 19 
0.2529 0.2484 0.2492 0.2495 
0.2545 0.2493 0.2472 0.2490 
0.2547 0.2464 0.2471 0.2518 
0.2505 0.2447 0.2459 0.2589 
0.2522 0.2439 0.2481 0.2558 
0.2477 0.2497 0.2475 0.2551 
0.2477 0.2573 0.2487 0.2462 
0.2496 0.2499 0.2513 0.2491 
0.0000 0.4889 0.5111 0.0000 
0.2873 0.3127 0.4001 0.0000 
0.4493 0.0000 0.0000 0.5507 
0.2554 0.2420 0.2497 0.2529 
0.2537 0.2443 0.2458 0.2563 
0.2500 0.2500 0.2419 0.2581 
0.2529 0.2445 0.2479 0.2547 
0.2452 0.2533 0.2501 0.2514 
0.2493 0.2491 0.2518 0.2498 
0.2532 0.2484 0.2503 0.2481 
0.2486 0.2498 0.2476 0.2540 

MOTIF filter10 
letter-probability matrix: alength= 4 w= 19 nsites= 19 
0.2541 0.2459 0.2506 0.2494 
0.2522 0.2471 0.2470 0.2537 
0.2509 0.2518 0.2494 0.2480 
0.2557 0.2471 0.2461 0.2511 
0.2549 0.2470 0.2491 0.2490 
0.2476 0.2500 0.2464 0.2559 
0.2566 0.2450 0.2445 0.2540 
0.2497 0.2524 0.2455 0.2525 
0.3573 0.2944 0.3483 0.0000 
0.0000 0.4822 0.0000 0.5178 
0.4884 0.0000 0.5116 0.0000 
0.2530 0.2423 0.2485 0.2562 
0.2504 0.2472 0.2526 0.2498 
0.2525 0.2428 0.2435 0.2613 
0.2535 0.2503 0.2479 0.2483 
0.2512 0.2482 0.2475 0.2531 
0.2520 0.2471 0.2487 0.2521 
0.2469 0.2498 0.2503 0.2529 
0.2555 0.2477 0.2457 0.2511 

MOTIF filter11 
letter-probability matrix: alength= 4 w= 19 nsites= 19 
0.2529 0.2501 0.2486 0.2483 
0.2524 0.2470 0.2465 0.2541 
0.2532 0.2468 0.2453 0.2548 
0.2543 0.2449 0.2522 0.2486 
0.2585 0.2453 0.2487 0.2476 
0.2527 0.2470 0.2519 0.2484 
0.2444 0.2482 0.2452 0.2622 
0.2515 0.2481 0.2512 0.2491 
0.6141 0.0000 0.3859 0.0000 
0.0016 0.3597 0.3588 0.2798 
0.0000 0.5468 0.0000 0.4532 
0.2560 0.2496 0.2460 0.2484 
0.2600 0.2487 0.2427 0.2486 
0.2469 0.2531 0.2452 0.2548 
0.2498 0.2500 0.2420 0.2581 
0.2530 0.2482 0.2472 0.2515 
0.2563 0.2456 0.2465 0.2516 
0.2505 0.2471 0.2476 0.2549 
0.2501 0.2468 0.2500 0.2531 

MOTIF filter12 
letter-probability matrix: alength= 4 w= 19 nsites= 19 
0.2490 0.2443 0.2491 0.2576 
0.2548 0.2489 0.2502 0.2462 
0.2527 0.2430 0.2472 0.2571 
0.2540 0.2475 0.2470 0.2515 
0.2498 0.2463 0.2502 0.2537 
0.2567 0.2467 0.2480 0.2486 
0.2522 0.2514 0.2466 0.2498 
0.2525 0.2436 0.2391 0.2647 
0.0000 0.2707 0.4254 0.3039 
0.9205 0.0795 0.0000 0.0000 
0.0000 0.2671 0.2973 0.4356 
0.2493 0.2438 0.2497 0.2571 
0.2532 0.2445 0.2436 0.2587 
0.2561 0.2457 0.2500 0.2482 
0.2464 0.2475 0.2489 0.2572 
0.2493 0.2499 0.2472 0.2537 
0.2527 0.2469 0.2526 0.2478 
0.2573 0.2468 0.2450 0.2509 
0.2495 0.2496 0.2483 0.2526 

MOTIF filter13 
letter-probability matrix: alength= 4 w= 19 nsites= 19 
0.2516 0.2451 0.2515 0.2518 
0.2557 0.2485 0.2472 0.2485 
0.2549 0.2472 0.2460 0.2518 
0.2562 0.2444 0.2504 0.2490 
0.2565 0.2439 0.2500 0.2496 
0.2543 0.2456 0.2532 0.2470 
0.2458 0.2496 0.2452 0.2593 
0.2479 0.2452 0.2528 0.2542 
0.3004 0.0000 0.6996 0.0000 
0.1914 0.7067 0.0000 0.1019 
0.0000 0.2109 0.2895 0.4996 
0.2467 0.2495 0.2500 0.2537 
0.2581 0.2498 0.2442 0.2480 
0.2516 0.2518 0.2461 0.2505 
0.2454 0.2516 0.2439 0.2591 
0.2506 0.2478 0.2485 0.2531 
0.2523 0.2457 0.2484 0.2536 
0.2535 0.2474 0.2468 0.2523 
0.2502 0.2469 0.2512 0.2518 

MOTIF filter14 
letter-probability matrix: alength= 4 w= 19 nsites= 19 
0.2533 0.2480 0.2456 0.2531 
0.2558 0.2465 0.2463 0.2513 
0.2493 0.2471 0.2488 0.2548 
0.2563 0.2485 0.2511 0.2441 
0.2537 0.2465 0.2489 0.2509 
0.2498 0.2521 0.2455 0.2526 
0.2575 0.2426 0.2537 0.2462 
0.2529 0.2477 0.2450 0.2544 
0.1544 0.0000 0.6839 0.1618 
0.2051 0.0000 0.0000 0.7949 
0.0000 0.8127 0.1873 0.0000 
0.2579 0.2535 0.2360 0.2526 
0.2438 0.2573 0.2512 0.2477 
0.2525 0.2488 0.2475 0.2512 
0.2522 0.2490 0.2478 0.2511 
0.2559 0.2473 0.2402 0.2567 
0.2613 0.2474 0.2452 0.2462 
0.2493 0.2490 0.2424 0.2593 
0.2515 0.2485 0.2457 0.2543 

MOTIF filter15 
letter-probability matrix: alength= 4 w= 19 nsites= 19 
0.2513 0.2483 0.2481 0.2522 
0.2495 0.2487 0.2523 0.2495 
0.2503 0.2515 0.2509 0.2473 
0.2500 0.2545 0.2490 0.2465 
0.2493 0.2544 0.2474 0.2489 
0.2531 0.2520 0.2427 0.2522 
0.2488 0.2524 0.2459 0.2529 
0.2460 0.2477 0.2472 0.2591 
0.0000 0.2951 0.0000 0.7049 
0.0000 0.4706 0.3347 0.1947 
0.0000 0.6047 0.0000 0.3953 
0.2475 0.2583 0.2454 0.2488 
0.2482 0.2516 0.2534 0.2469 
0.2547 0.2481 0.2489 0.2484 
0.2584 0.2464 0.2424 0.2527 
0.2624 0.2468 0.2408 0.2500 
0.2548 0.2463 0.2412 0.2576 
0.2571 0.2457 0.2450 0.2522 
0.2505 0.2472 0.2480 0.2543 

MOTIF filter16 
letter-probability matrix: alength= 4 w= 19 nsites= 19 
0.2532 0.2442 0.2454 0.2571 
0.2570 0.2417 0.2427 0.2585 
0.2449 0.2449 0.2414 0.2688 
0.2447 0.2507 0.2433 0.2614 
0.2526 0.2522 0.2450 0.2503 
0.2542 0.2510 0.2476 0.2472 
0.2511 0.2496 0.2537 0.2456 
0.2548 0.2436 0.2503 0.2514 
0.5598 0.0000 0.4402 0.0000 
1.0000 0.0000 0.0000 0.0000 
0.3790 0.2838 0.0000 0.3372 
0.2529 0.2446 0.2415 0.2610 
0.2589 0.2435 0.2469 0.2506 
0.2540 0.2455 0.2519 0.2486 
0.2496 0.2490 0.2498 0.2516 
0.2448 0.2552 0.2496 0.2504 
0.2528 0.2514 0.2491 0.2468 
0.2553 0.2476 0.2485 0.2486 
0.2503 0.2469 0.2479 0.2549 

MOTIF filter17 
letter-probability matrix: alength= 4 w= 19 nsites= 19 
0.2519 0.2487 0.2441 0.2553 
0.2540 0.2465 0.2490 0.2505 
0.2579 0.2438 0.2499 0.2484 
0.2510 0.2466 0.2443 0.2580 
0.2467 0.2493 0.2473 0.2567 
0.2559 0.2425 0.2467 0.2549 
0.2546 0.2480 0.2450 0.2524 
0.2519 0.2439 0.2522 0.2520 
0.0000 0.6037 0.0000 0.3963 
0.4072 0.0000 0.0000 0.5928 
0.6284 0.0000 0.3716 0.0000 
0.2535 0.2469 0.2420 0.2576 
0.2541 0.2462 0.2438 0.2559 
0.2591 0.2424 0.2427 0.2558 
0.2605 0.2458 0.2470 0.2467 
0.2575 0.2429 0.2442 0.2553 
0.2526 0.2478 0.2438 0.2558 
0.2491 0.2474 0.2528 0.2507 
0.2568 0.2469 0.2480 0.2483 

MOTIF filter18 
letter-probability matrix: alength= 4 w= 19 nsites= 19 
0.2523 0.2492 0.2457 0.2527 
0.2486 0.2561 0.2469 0.2485 
0.2539 0.2496 0.2481 0.2483 
0.2580 0.2472 0.2453 0.2496 
0.2487 0.2497 0.2437 0.2579 
0.2605 0.2388 0.2425 0.2582 
0.2548 0.2431 0.2477 0.2544 
0.2621 0.2457 0.2443 0.2479 
0.0000 0.2500 0.0000 0.7500 
0.2069 0.0000 0.4770 0.3162 
0.5486 0.0000 0.4514 0.0000 
0.2467 0.2508 0.2494 0.2531 
0.2487 0.2453 0.2437 0.2622 
0.2547 0.2533 0.2471 0.2449 
0.2642 0.2454 0.2437 0.2466 
0.2538 0.2466 0.2452 0.2544 
0.2480 0.2508 0.2468 0.2544 
0.2526 0.2477 0.2498 0.2499 
0.2545 0.2491 0.2476 0.2488 

MOTIF filter19 
letter-probability matrix: alength= 4 w= 19 nsites= 19 
0.2497 0.2487 0.2504 0.2512 
0.2518 0.2493 0.2474 0.2516 
0.2516 0.2496 0.2474 0.2514 
0.2534 0.2466 0.2502 0.2498 
0.2496 0.2468 0.2522 0.2514 
0.2490 0.2475 0.2467 0.2568 
0.2528 0.2453 0.2562 0.2457 
0.2532 0.2497 0.2465 0.2506 
0.0000 0.7351 0.2649 0.0000 
0.2400 0.0000 0.0000 0.7600 
0.0000 0.4221 0.1330 0.4449 
0.2615 0.2475 0.2452 0.2459 
0.2419 0.2547 0.2428 0.2606 
0.2480 0.2508 0.2487 0.2525 
0.2473 0.2514 0.2479 0.2534 
0.2509 0.2458 0.2515 0.2518 
0.2557 0.2456 0.2495 0.2491 
0.2495 0.2461 0.2449 0.2595 
0.2568 0.2501 0.2427 0.2504 

MOTIF filter20 
letter-probability matrix: alength= 4 w= 19 nsites= 19 
0.2505 0.2493 0.2478 0.2524 
0.2514 0.2504 0.2464 0.2518 
0.2513 0.2468 0.2536 0.2483 
0.2531 0.2507 0.2502 0.2461 
0.2509 0.2542 0.2463 0.2486 
0.2479 0.2530 0.2440 0.2551 
0.2512 0.2457 0.2459 0.2571 
0.2573 0.2431 0.2481 0.2515 
0.0000 0.6896 0.0000 0.3104 
0.0000 0.2096 0.0000 0.7904 
0.1194 0.0000 0.4536 0.4270 
0.2521 0.2522 0.2486 0.2470 
0.2474 0.2557 0.2440 0.2529 
0.2536 0.2468 0.2428 0.2568 
0.2573 0.2477 0.2494 0.2456 
0.2566 0.2430 0.2471 0.2534 
0.2564 0.2430 0.2460 0.2545 
0.2534 0.2451 0.2482 0.2533 
0.2575 0.2449 0.2454 0.2522 

MOTIF filter21 
letter-probability matrix: alength= 4 w= 19 nsites= 19 
0.2531 0.2509 0.2498 0.2462 
0.2525 0.2457 0.2467 0.2551 
0.2591 0.2487 0.2440 0.2482 
0.2537 0.2471 0.2472 0.2520 
0.2635 0.2456 0.2411 0.2498 
0.2593 0.2399 0.2469 0.2539 
0.2527 0.2425 0.2523 0.2525 
0.2461 0.2543 0.2461 0.2535 
0.3448 0.0000 0.0000 0.6552 
0.0000 0.0000 1.0000 0.0000 
0.2352 0.7648 0.0000 0.0000 
0.2430 0.2562 0.2469 0.2539 
0.2443 0.2514 0.2456 0.2587 
0.2686 0.2498 0.2333 0.2482 
0.2663 0.2419 0.2383 0.2534 
0.2500 0.2476 0.2402 0.2622 
0.2455 0.2500 0.2438 0.2608 
0.2566 0.2461 0.2442 0.2531 
0.2502 0.2479 0.2433 0.2586 

MOTIF filter22 
letter-probability matrix: alength= 4 w= 19 nsites= 19 
0.2536 0.2488 0.2474 0.2502 
0.2504 0.2437 0.2490 0.2569 
0.2539 0.2485 0.2443 0.2532 
0.2498 0.2477 0.2495 0.2530 
0.2528 0.2493 0.2487 0.2492 
0.2489 0.2506 0.2503 0.2502 
0.2470 0.2442 0.2509 0.2579 
0.2515 0.2548 0.2501 0.2436 
0.6616 0.3384 0.0000 0.0000 
0.1354 0.5479 0.3167 0.0000 
0.4468 0.4615 0.0000 0.0917 
0.2565 0.2508 0.2377 0.2550 
0.2551 0.2477 0.2439 0.2534 
0.2514 0.2488 0.2439 0.2559 
0.2510 0.2494 0.2439 0.2557 
0.2501 0.2497 0.2496 0.2506 
0.2461 0.2493 0.2502 0.2544 
0.2475 0.2478 0.2549 0.2498 
0.2493 0.2488 0.2508 0.2511 

MOTIF filter23 
letter-probability matrix: alength= 4 w= 19 nsites= 19 
0.2520 0.2449 0.2465 0.2566 
0.2536 0.2466 0.2470 0.2528 
0.2442 0.2467 0.2436 0.2654 
0.2429 0.2547 0.2509 0.2515 
0.2492 0.2503 0.2497 0.2508 
0.2540 0.2554 0.2491 0.2415 
0.2492 0.2537 0.2482 0.2489 
0.2570 0.2567 0.2366 0.2497 
0.5344 0.3278 0.0000 0.1378 
0.6748 0.0000 0.0000 0.3252 
0.0000 0.0000 0.1245 0.8755 
0.2598 0.2382 0.2486 0.2534 
0.2507 0.2392 0.2495 0.2606 
0.2502 0.2460 0.2524 0.2514 
0.2452 0.2467 0.2525 0.2555 
0.2532 0.2444 0.2549 0.2475 
0.2603 0.2466 0.2518 0.2413 
0.2597 0.2439 0.2445 0.2520 
0.2534 0.2512 0.2423 0.2531 

MOTIF filter24 
letter-probability matrix: alength= 4 w= 19 nsites= 19 
0.2532 0.2477 0.2493 0.2498 
0.2539 0.2530 0.2465 0.2467 
0.2520 0.2524 0.2496 0.2461 
0.2542 0.2508 0.2493 0.2458 
0.2545 0.2455 0.2484 0.2516 
0.2579 0.2427 0.2502 0.2492 
0.2581 0.2406 0.2467 0.2545 
0.2521 0.2486 0.2486 0.2507 
0.3137 0.0000 0.3492 0.3371 
0.0000 0.4161 0.2975 0.2864 
0.0000 0.0000 1.0000 0.0000 
0.2445 0.2501 0.2560 0.2494 
0.2472 0.2494 0.2575 0.2459 
0.2527 0.2480 0.2515 0.2478 
0.2505 0.2526 0.2482 0.2487 
0.2566 0.2463 0.2467 0.2504 
0.2481 0.2502 0.2483 0.2533 
0.2488 0.2509 0.2468 0.2535 
0.2517 0.2489 0.2489 0.2505 

MOTIF filter25 
letter-probability matrix: alength= 4 w= 19 nsites= 19 
0.2499 0.2469 0.2464 0.2567 
0.2451 0.2478 0.2501 0.2570 
0.2528 0.2469 0.2519 0.2485 
0.2509 0.2510 0.2471 0.2509 
0.2463 0.2501 0.2456 0.2580 
0.2477 0.2498 0.2505 0.2520 
0.2618 0.2442 0.2406 0.2534 
0.2662 0.2444 0.2429 0.2465 
0.0000 0.0000 0.0947 0.9053 
0.2271 0.4763 0.0000 0.2966 
0.5517 0.0000 0.0000 0.4483 
0.2551 0.2439 0.2471 0.2539 
0.2522 0.2453 0.2457 0.2568 
0.2559 0.2428 0.2480 0.2533 
0.2494 0.2422 0.2546 0.2539 
0.2637 0.2424 0.2461 0.2477 
0.2507 0.2470 0.2466 0.2557 
0.2658 0.2459 0.2405 0.2479 
0.2534 0.2456 0.2489 0.2521 

MOTIF filter26 
letter-probability matrix: alength= 4 w= 19 nsites= 19 
0.2489 0.2468 0.2485 0.2558 
0.2540 0.2523 0.2477 0.2461 
0.2527 0.2440 0.2508 0.2525 
0.2581 0.2467 0.2457 0.2495 
0.2515 0.2472 0.2505 0.2508 
0.2551 0.2473 0.2452 0.2523 
0.2561 0.2418 0.2482 0.2540 
0.2500 0.2446 0.2495 0.2560 
0.0000 0.2782 0.3878 0.3341 
0.3909 0.2755 0.0000 0.3337 
0.0000 0.0000 1.0000 0.0000 
0.2464 0.2533 0.2537 0.2467 
0.2495 0.2538 0.2463 0.2505 
0.2572 0.2453 0.2442 0.2532 
0.2532 0.2532 0.2465 0.2471 
0.2557 0.2476 0.2437 0.2530 
0.2501 0.2473 0.2464 0.2562 
0.2494 0.2503 0.2448 0.2555 
0.2522 0.2464 0.2486 0.2528 

MOTIF filter27 
letter-probability matrix: alength= 4 w= 19 nsites= 19 
0.2531 0.2466 0.2487 0.2516 
0.2519 0.2477 0.2480 0.2525 
0.2490 0.2513 0.2474 0.2523 
0.2492 0.2512 0.2528 0.2468 
0.2542 0.2512 0.2481 0.2465 
0.2520 0.2524 0.2485 0.2470 
0.2506 0.2502 0.2459 0.2532 
0.2486 0.2547 0.2427 0.2540 
0.6781 0.0981 0.0000 0.2238 
0.1299 0.5419 0.0000 0.3282 
0.0000 0.7707 0.2293 0.0000 
0.2547 0.2522 0.2447 0.2484 
0.2448 0.2490 0.2570 0.2492 
0.2532 0.2496 0.2510 0.2462 
0.2513 0.2497 0.2426 0.2564 
0.2612 0.2501 0.2422 0.2465 
0.2534 0.2506 0.2447 0.2513 
0.2474 0.2487 0.2511 0.2528 
0.2520 0.2498 0.2499 0.2482 

MOTIF filter28 
letter-probability matrix: alength= 4 w= 19 nsites= 19 
0.2529 0.2520 0.2470 0.2481 
0.2501 0.2443 0.2478 0.2579 
0.2512 0.2488 0.2478 0.2522 
0.2523 0.2430 0.2483 0.2564 
0.2562 0.2453 0.2475 0.2510 
0.2507 0.2519 0.2468 0.2506 
0.2489 0.2503 0.2475 0.2534 
0.2527 0.2527 0.2436 0.2510 
0.4101 0.2958 0.2940 0.0000 
0.0000 0.0000 0.5567 0.4433 
0.5077 0.4923 0.0000 0.0000 
0.2618 0.2432 0.2404 0.2547 
0.2553 0.2458 0.2527 0.2462 
0.2504 0.2473 0.2472 0.2551 
0.2510 0.2472 0.2477 0.2541 
0.2470 0.2502 0.2489 0.2540 
0.2551 0.2471 0.2465 0.2513 
0.2476 0.2495 0.2510 0.2519 
0.2559 0.2502 0.2437 0.2503 

MOTIF filter29 
letter-probability matrix: alength= 4 w= 19 nsites= 19 
0.2521 0.2498 0.2480 0.2500 
0.2468 0.2627 0.2484 0.2421 
0.2513 0.2548 0.2470 0.2468 
0.2596 0.2483 0.2480 0.2440 
0.2494 0.2381 0.2445 0.2680 
0.2666 0.2356 0.2459 0.2519 
0.2589 0.2452 0.2437 0.2522 
0.2617 0.2365 0.2496 0.2522 
0.1756 0.0000 0.1998 0.6245 
0.1512 0.0000 0.8488 0.0000 
0.0000 0.0000 0.8532 0.1468 
0.2467 0.2517 0.2530 0.2486 
0.2528 0.2513 0.2512 0.2447 
0.2572 0.2456 0.2572 0.2400 
0.2512 0.2501 0.2517 0.2470 
0.2500 0.2451 0.2533 0.2516 
0.2484 0.2499 0.2495 0.2522 
0.2522 0.2484 0.2486 0.2509 
0.2485 0.2488 0.2529 0.2498 

