MEME version 4

ALPHABET= ACGT

Background letter frequencies:
A 0.2500 C 0.2500 G 0.2500 T 0.2500 

MOTIF filter0 
letter-probability matrix: alength= 4 w= 6 nsites= 6 
0.0943 0.6365 0.1227 0.1464 
0.1347 0.5906 0.1840 0.0908 
0.4737 0.0110 0.2982 0.2170 
0.2378 0.0296 0.1132 0.6195 
0.1636 0.3894 0.0610 0.3860 
0.0088 0.2513 0.4567 0.2832 

MOTIF filter1 
letter-probability matrix: alength= 4 w= 7 nsites= 7 
0.3402 0.2773 0.3662 0.0162 
0.1779 0.0325 0.1950 0.5946 
0.2679 0.2537 0.0718 0.4065 
0.6772 0.0491 0.2333 0.0404 
0.0483 0.7445 0.0465 0.1608 
0.1106 0.0639 0.7337 0.0919 
0.0915 0.2863 0.0304 0.5918 

MOTIF filter2 
letter-probability matrix: alength= 4 w= 8 nsites= 8 
0.1068 0.2216 0.1775 0.4942 
0.1332 0.2976 0.3716 0.1975 
0.1893 0.4742 0.1803 0.1561 
0.0088 0.2353 0.1576 0.5983 
0.1059 0.1059 0.1533 0.6349 
0.1448 0.7133 0.0701 0.0718 
0.3424 0.5264 0.0096 0.1216 
0.0278 0.3948 0.5254 0.0520 

MOTIF filter3 
letter-probability matrix: alength= 4 w= 9 nsites= 9 
0.2519 0.2554 0.3273 0.1654 
0.4125 0.1115 0.3363 0.1397 
0.3075 0.2254 0.1674 0.2997 
0.0082 0.0593 0.4402 0.4923 
0.4688 0.0872 0.4376 0.0064 
0.0397 0.1816 0.7324 0.0463 
0.1535 0.4298 0.2539 0.1628 
0.0408 0.6072 0.1243 0.2277 
0.3255 0.2984 0.2935 0.0827 

MOTIF filter4 
letter-probability matrix: alength= 4 w= 8 nsites= 8 
0.0681 0.5652 0.1081 0.2586 
0.4512 0.2878 0.1221 0.1389 
0.3982 0.2152 0.2027 0.1839 
0.0150 0.0528 0.3952 0.5370 
0.3012 0.2661 0.0182 0.4145 
0.6434 0.0261 0.3221 0.0084 
0.2262 0.1248 0.5861 0.0629 
0.1012 0.4180 0.0808 0.4000 

MOTIF filter5 
letter-probability matrix: alength= 4 w= 9 nsites= 9 
0.0347 0.1597 0.0313 0.7744 
0.0339 0.1332 0.1973 0.6355 
0.5147 0.0036 0.4140 0.0677 
0.1971 0.3201 0.1715 0.3113 
0.0403 0.0666 0.0744 0.8186 
0.0420 0.5902 0.3267 0.0412 
0.8248 0.0060 0.1147 0.0545 
0.4071 0.2600 0.2269 0.1060 
0.0152 0.3777 0.1443 0.4628 

MOTIF filter6 
letter-probability matrix: alength= 4 w= 9 nsites= 9 
0.1231 0.2165 0.3857 0.2747 
0.0489 0.5964 0.1899 0.1648 
0.0781 0.4771 0.1072 0.3376 
0.7671 0.0445 0.0826 0.1058 
0.0454 0.1373 0.0864 0.7309 
0.0864 0.0579 0.1930 0.6627 
0.3232 0.0318 0.0426 0.6023 
0.4055 0.3584 0.0096 0.2265 
0.2236 0.2652 0.0571 0.4541 

MOTIF filter7 
letter-probability matrix: alength= 4 w= 7 nsites= 7 
0.4760 0.1202 0.2235 0.1804 
0.0936 0.6053 0.1166 0.1844 
0.2268 0.1332 0.5044 0.1356 
0.0837 0.0923 0.6459 0.1781 
0.2298 0.5247 0.0136 0.2320 
0.2227 0.2670 0.2849 0.2254 
0.2337 0.0880 0.5547 0.1236 

MOTIF filter8 
letter-probability matrix: alength= 4 w= 9 nsites= 9 
0.2106 0.2521 0.3706 0.1667 
0.3103 0.2042 0.3422 0.1434 
0.1924 0.4681 0.3061 0.0334 
0.1822 0.4764 0.0100 0.3314 
0.4363 0.2464 0.0137 0.3036 
0.3207 0.1300 0.1373 0.4120 
0.1578 0.1854 0.5538 0.1030 
0.0347 0.5607 0.1241 0.2805 
0.4782 0.3183 0.0063 0.1972 

MOTIF filter9 
letter-probability matrix: alength= 4 w= 9 nsites= 9 
0.0590 0.3907 0.4459 0.1044 
0.0602 0.7244 0.1909 0.0244 
0.2053 0.1445 0.0036 0.6466 
0.5197 0.0148 0.4592 0.0063 
0.4625 0.0677 0.0617 0.4081 
0.2923 0.4274 0.1869 0.0934 
0.2032 0.1503 0.0886 0.5579 
0.0225 0.2725 0.4577 0.2473 
0.3433 0.0898 0.5364 0.0306 

MOTIF filter10 
letter-probability matrix: alength= 4 w= 9 nsites= 9 
0.1663 0.4208 0.2597 0.1532 
0.0224 0.2094 0.0425 0.7257 
0.1097 0.2279 0.2773 0.3851 
0.4744 0.4659 0.0509 0.0088 
0.0201 0.2551 0.0666 0.6581 
0.1064 0.1330 0.5496 0.2110 
0.4655 0.0675 0.4484 0.0186 
0.0163 0.2035 0.5512 0.2290 
0.3171 0.2229 0.1651 0.2948 

MOTIF filter11 
letter-probability matrix: alength= 4 w= 7 nsites= 7 
0.1161 0.1388 0.5056 0.2396 
0.2107 0.2186 0.5079 0.0629 
0.2100 0.4835 0.1934 0.1130 
0.0419 0.0496 0.8201 0.0883 
0.0287 0.2734 0.5209 0.1769 
0.5197 0.0213 0.2043 0.2548 
0.0029 0.2426 0.4326 0.3219 

MOTIF filter12 
letter-probability matrix: alength= 4 w= 7 nsites= 7 
0.2787 0.4212 0.1629 0.1372 
0.1892 0.0140 0.5534 0.2434 
0.1366 0.4614 0.3743 0.0277 
0.5000 0.0052 0.1503 0.3446 
0.4681 0.2723 0.0948 0.1648 
0.2912 0.1422 0.2241 0.3425 
0.2106 0.2321 0.0602 0.4970 

MOTIF filter13 
letter-probability matrix: alength= 4 w= 9 nsites= 9 
0.1547 0.6033 0.1678 0.0742 
0.6984 0.0606 0.0297 0.2113 
0.0514 0.2656 0.2689 0.4141 
0.0329 0.4364 0.0460 0.4847 
0.2686 0.4081 0.2752 0.0480 
0.4983 0.0064 0.4003 0.0951 
0.1511 0.1192 0.3709 0.3588 
0.2059 0.3623 0.1652 0.2666 
0.1958 0.2445 0.2538 0.3058 

MOTIF filter14 
letter-probability matrix: alength= 4 w= 8 nsites= 8 
0.1780 0.3772 0.2194 0.2254 
0.1239 0.5214 0.2407 0.1140 
0.3756 0.1098 0.4146 0.1000 
0.0441 0.5320 0.0070 0.4168 
0.0220 0.1769 0.3290 0.4721 
0.2266 0.0192 0.3689 0.3852 
0.1278 0.7131 0.0319 0.1272 
0.0644 0.4597 0.4283 0.0476 

MOTIF filter15 
letter-probability matrix: alength= 4 w= 9 nsites= 9 
0.1735 0.4619 0.1657 0.1989 
0.1380 0.4929 0.3072 0.0618 
0.0169 0.5353 0.1718 0.2759 
0.7426 0.0083 0.0711 0.1781 
0.4934 0.4314 0.0185 0.0568 
0.0330 0.4054 0.5417 0.0199 
0.0260 0.0765 0.0899 0.8077 
0.0529 0.5481 0.3865 0.0125 
0.4546 0.2219 0.1760 0.1475 

MOTIF filter16 
letter-probability matrix: alength= 4 w= 9 nsites= 9 
0.2381 0.3615 0.2105 0.1899 
0.6118 0.0660 0.2975 0.0248 
0.2367 0.5607 0.0114 0.1912 
0.0433 0.5636 0.0079 0.3851 
0.2878 0.0136 0.6250 0.0737 
0.5804 0.0165 0.3701 0.0330 
0.2010 0.3096 0.1745 0.3150 
0.3004 0.2403 0.3223 0.1370 
0.1876 0.2864 0.3896 0.1364 

MOTIF filter17 
letter-probability matrix: alength= 4 w= 9 nsites= 9 
0.3046 0.0666 0.2729 0.3558 
0.2086 0.1381 0.2425 0.4108 
0.2592 0.0836 0.3045 0.3527 
0.1108 0.6535 0.0235 0.2121 
0.7336 0.1752 0.0180 0.0732 
0.0531 0.1701 0.3651 0.4117 
0.8891 0.0243 0.0473 0.0393 
0.0043 0.4398 0.5441 0.0118 
0.1978 0.3063 0.2063 0.2896 

MOTIF filter18 
letter-probability matrix: alength= 4 w= 9 nsites= 9 
0.0605 0.3469 0.1024 0.4902 
0.1512 0.0048 0.1517 0.6923 
0.6239 0.1690 0.1742 0.0330 
0.4253 0.0941 0.3031 0.1774 
0.2995 0.1857 0.0310 0.4838 
0.1542 0.6784 0.0675 0.0998 
0.4739 0.0383 0.1751 0.3127 
0.0185 0.3551 0.1912 0.4352 
0.4232 0.2158 0.2842 0.0768 

MOTIF filter19 
letter-probability matrix: alength= 4 w= 9 nsites= 9 
0.2392 0.5483 0.1968 0.0157 
0.0963 0.7254 0.0603 0.1180 
0.0921 0.5914 0.2464 0.0701 
0.0543 0.0180 0.8251 0.1026 
0.0273 0.0446 0.8608 0.0674 
0.6409 0.0057 0.2472 0.1062 
0.4442 0.2567 0.2890 0.0101 
0.2568 0.2260 0.1744 0.3429 
0.2078 0.3216 0.2529 0.2177 

MOTIF filter20 
letter-probability matrix: alength= 4 w= 9 nsites= 9 
0.3798 0.1617 0.2389 0.2196 
0.0534 0.0405 0.1161 0.7901 
0.2805 0.3618 0.1172 0.2405 
0.1578 0.2867 0.3264 0.2292 
0.0849 0.7086 0.0926 0.1139 
0.1410 0.0212 0.7187 0.1191 
0.0398 0.1533 0.6172 0.1896 
0.7539 0.2295 0.0061 0.0104 
0.7411 0.0483 0.0531 0.1575 

MOTIF filter21 
letter-probability matrix: alength= 4 w= 9 nsites= 9 
0.2745 0.2563 0.2240 0.2452 
0.1234 0.4349 0.2952 0.1464 
0.6336 0.3516 0.0047 0.0101 
0.3441 0.1814 0.0423 0.4322 
0.1089 0.4329 0.2206 0.2376 
0.2174 0.0863 0.5150 0.1813 
0.0495 0.0721 0.0749 0.8035 
0.1250 0.0099 0.7749 0.0902 
0.1021 0.3400 0.3306 0.2274 

MOTIF filter22 
letter-probability matrix: alength= 4 w= 7 nsites= 7 
0.2192 0.3548 0.0100 0.4160 
0.1069 0.6460 0.2149 0.0322 
0.0756 0.7948 0.0441 0.0854 
0.1693 0.0097 0.6452 0.1758 
0.0521 0.5287 0.1817 0.2375 
0.4635 0.2035 0.2960 0.0370 
0.0040 0.3351 0.2510 0.4099 

MOTIF filter23 
letter-probability matrix: alength= 4 w= 9 nsites= 9 
0.1785 0.4025 0.2784 0.1406 
0.5557 0.1566 0.0598 0.2278 
0.0479 0.0075 0.0599 0.8848 
0.0050 0.4300 0.2775 0.2875 
0.5088 0.0189 0.4538 0.0185 
0.3325 0.5375 0.1134 0.0166 
0.3443 0.0134 0.0956 0.5467 
0.2633 0.2373 0.2918 0.2076 
0.2745 0.3605 0.0755 0.2894 

MOTIF filter24 
letter-probability matrix: alength= 4 w= 7 nsites= 7 
0.3248 0.0992 0.3537 0.2224 
0.0984 0.2880 0.1288 0.4848 
0.0021 0.8265 0.1667 0.0047 
0.9091 0.0126 0.0549 0.0235 
0.0936 0.7129 0.1056 0.0879 
0.1350 0.0202 0.0820 0.7628 
0.0734 0.2278 0.3594 0.3394 

MOTIF filter25 
letter-probability matrix: alength= 4 w= 9 nsites= 9 
0.2754 0.0941 0.2518 0.3788 
0.3737 0.2843 0.2080 0.1340 
0.3796 0.0867 0.0358 0.4979 
0.1399 0.1281 0.6134 0.1186 
0.2984 0.4100 0.0183 0.2733 
0.2535 0.2389 0.2728 0.2348 
0.0686 0.2259 0.1583 0.5472 
0.4984 0.1774 0.0118 0.3124 
0.3801 0.0900 0.2933 0.2366 

MOTIF filter26 
letter-probability matrix: alength= 4 w= 9 nsites= 9 
0.1183 0.3934 0.2227 0.2655 
0.5330 0.1489 0.0344 0.2838 
0.1861 0.0262 0.0463 0.7414 
0.1950 0.0323 0.0060 0.7667 
0.2185 0.6140 0.0856 0.0819 
0.8209 0.0985 0.0088 0.0717 
0.1029 0.0330 0.0500 0.8141 
0.2603 0.1370 0.5741 0.0286 
0.0308 0.0162 0.8467 0.1062 

MOTIF filter27 
letter-probability matrix: alength= 4 w= 9 nsites= 9 
0.1759 0.3686 0.1805 0.2750 
0.0963 0.2250 0.1518 0.5269 
0.0171 0.8780 0.0562 0.0487 
0.0141 0.0176 0.0604 0.9079 
0.8427 0.1212 0.0243 0.0118 
0.0277 0.0839 0.8095 0.0789 
0.3523 0.2656 0.2965 0.0856 
0.2934 0.2209 0.2209 0.2648 
0.2393 0.2768 0.2052 0.2788 

MOTIF filter28 
letter-probability matrix: alength= 4 w= 9 nsites= 9 
0.3074 0.5026 0.1798 0.0102 
0.0396 0.3817 0.1348 0.4439 
0.4931 0.2776 0.1503 0.0790 
0.2601 0.3263 0.0329 0.3806 
0.2127 0.1258 0.5491 0.1124 
0.1516 0.0373 0.5761 0.2350 
0.1815 0.1496 0.2847 0.3842 
0.1885 0.2597 0.1520 0.3998 
0.4576 0.1478 0.0971 0.2975 

MOTIF filter29 
letter-probability matrix: alength= 4 w= 7 nsites= 7 
0.2626 0.0297 0.2856 0.4221 
0.2107 0.2515 0.2881 0.2498 
0.1463 0.5013 0.1514 0.2010 
0.4936 0.0149 0.4694 0.0221 
0.2414 0.3800 0.0065 0.3720 
0.3592 0.4053 0.2189 0.0166 
0.6464 0.0909 0.0936 0.1691 

