MEME version 4

ALPHABET= ACGT

Background letter frequencies:
A 0.2500 C 0.2500 G 0.2500 T 0.2500 

MOTIF filter0 
letter-probability matrix: alength= 4 w= 9 nsites= 9 
0.1839 0.2020 0.3472 0.2669 
0.0430 0.4338 0.2594 0.2638 
0.1010 0.5495 0.1610 0.1884 
0.4857 0.1016 0.2991 0.1136 
0.0381 0.6344 0.1449 0.1826 
0.0528 0.0342 0.0494 0.8636 
0.0382 0.0290 0.0371 0.8957 
0.0305 0.9258 0.0073 0.0364 
0.0464 0.8759 0.0398 0.0379 

MOTIF filter1 
letter-probability matrix: alength= 4 w= 9 nsites= 9 
0.4519 0.0585 0.3586 0.1310 
0.0191 0.9408 0.0238 0.0163 
0.0120 0.9580 0.0148 0.0152 
0.9462 0.0157 0.0175 0.0206 
0.9350 0.0203 0.0302 0.0145 
0.0178 0.0212 0.0209 0.9401 
0.1283 0.5309 0.2955 0.0453 
0.6426 0.0607 0.2708 0.0259 
0.1563 0.1882 0.5880 0.0675 

MOTIF filter2 
letter-probability matrix: alength= 4 w= 9 nsites= 9 
0.3928 0.1656 0.3935 0.0481 
0.0157 0.0104 0.0134 0.9605 
0.0209 0.0170 0.8739 0.0883 
0.9420 0.0273 0.0175 0.0131 
0.0623 0.4685 0.4193 0.0499 
0.0167 0.0209 0.0118 0.9506 
0.1141 0.8431 0.0171 0.0257 
0.9260 0.0187 0.0250 0.0302 
0.0696 0.3229 0.2491 0.3583 

MOTIF filter3 
letter-probability matrix: alength= 4 w= 9 nsites= 9 
0.2363 0.0086 0.5691 0.1860 
0.3024 0.0063 0.6837 0.0076 
0.0166 0.0126 0.9516 0.0191 
0.0105 0.0106 0.9710 0.0079 
0.3311 0.4895 0.0052 0.1742 
0.0311 0.0086 0.9506 0.0097 
0.0083 0.0079 0.9751 0.0087 
0.2849 0.0076 0.6630 0.0444 
0.2263 0.0561 0.7125 0.0052 

MOTIF filter4 
letter-probability matrix: alength= 4 w= 9 nsites= 9 
0.0279 0.0418 0.0245 0.9058 
0.0152 0.0120 0.1526 0.8202 
0.3062 0.0185 0.5351 0.1403 
0.0618 0.7112 0.0535 0.1734 
0.1873 0.0639 0.6789 0.0699 
0.1513 0.5579 0.0162 0.2746 
0.8690 0.1038 0.0132 0.0140 
0.9563 0.0237 0.0099 0.0101 
0.0188 0.3534 0.1088 0.5189 

MOTIF filter5 
letter-probability matrix: alength= 4 w= 9 nsites= 9 
0.0253 0.0158 0.0152 0.9437 
0.0294 0.0164 0.8357 0.1185 
0.9412 0.0273 0.0160 0.0154 
0.0487 0.4273 0.4626 0.0614 
0.0236 0.0196 0.0243 0.9326 
0.0519 0.9220 0.0106 0.0155 
0.9448 0.0215 0.0150 0.0187 
0.0628 0.3745 0.1846 0.3781 
0.2299 0.3465 0.1999 0.2236 

MOTIF filter6 
letter-probability matrix: alength= 4 w= 9 nsites= 9 
0.1906 0.0607 0.4740 0.2748 
0.0180 0.9425 0.0080 0.0315 
0.0120 0.8175 0.0374 0.1331 
0.9246 0.0210 0.0392 0.0152 
0.0160 0.0181 0.0237 0.9421 
0.0868 0.3905 0.1920 0.3308 
0.0433 0.0937 0.0411 0.8219 
0.0205 0.0568 0.0116 0.9111 
0.1230 0.1810 0.4587 0.2374 

MOTIF filter7 
letter-probability matrix: alength= 4 w= 9 nsites= 9 
0.0206 0.5509 0.1730 0.2554 
0.0591 0.6279 0.0236 0.2894 
0.0371 0.9154 0.0209 0.0266 
0.0277 0.8883 0.0290 0.0550 
0.2028 0.0119 0.4057 0.3796 
0.0282 0.9069 0.0321 0.0328 
0.0294 0.9287 0.0212 0.0207 
0.0253 0.6258 0.0163 0.3326 
0.2008 0.5515 0.0175 0.2302 

MOTIF filter8 
letter-probability matrix: alength= 4 w= 9 nsites= 9 
0.0706 0.1391 0.5539 0.2364 
0.3596 0.3566 0.1252 0.1586 
0.0159 0.9122 0.0452 0.0268 
0.0170 0.8543 0.0577 0.0709 
0.6562 0.0419 0.0551 0.2469 
0.1067 0.0071 0.0207 0.8655 
0.8980 0.0645 0.0247 0.0129 
0.0110 0.0351 0.0837 0.8702 
0.8237 0.0518 0.0051 0.1194 

MOTIF filter9 
letter-probability matrix: alength= 4 w= 9 nsites= 9 
0.0345 0.7321 0.2244 0.0090 
0.1689 0.7770 0.0376 0.0165 
0.0165 0.0153 0.9492 0.0191 
0.0141 0.0250 0.9482 0.0126 
0.9102 0.0272 0.0440 0.0187 
0.9455 0.0159 0.0133 0.0253 
0.1906 0.0942 0.7008 0.0144 
0.1621 0.3327 0.0776 0.4276 
0.2009 0.1446 0.4846 0.1698 

MOTIF filter10 
letter-probability matrix: alength= 4 w= 9 nsites= 9 
0.0956 0.5405 0.1934 0.1704 
0.0207 0.2910 0.0675 0.6209 
0.0604 0.2812 0.5136 0.1449 
0.9278 0.0284 0.0203 0.0235 
0.0325 0.0359 0.0278 0.9038 
0.0250 0.0248 0.0420 0.9082 
0.0244 0.0271 0.9226 0.0258 
0.0185 0.0286 0.9269 0.0260 
0.1249 0.3997 0.0699 0.4055 

MOTIF filter11 
letter-probability matrix: alength= 4 w= 9 nsites= 9 
0.3088 0.0830 0.5309 0.0773 
0.2090 0.0251 0.5956 0.1702 
0.3316 0.0212 0.6262 0.0211 
0.0334 0.0514 0.8619 0.0533 
0.0386 0.0585 0.8993 0.0037 
0.3102 0.4407 0.0222 0.2269 
0.0873 0.0266 0.8324 0.0537 
0.0333 0.0366 0.8810 0.0491 
0.3050 0.0247 0.5868 0.0834 

MOTIF filter12 
letter-probability matrix: alength= 4 w= 9 nsites= 9 
0.0191 0.0183 0.0187 0.9440 
0.1562 0.7731 0.0267 0.0441 
0.8995 0.0340 0.0365 0.0300 
0.0370 0.0317 0.7160 0.2153 
0.0250 0.9089 0.0347 0.0314 
0.7865 0.0494 0.0289 0.1352 
0.2929 0.1907 0.1991 0.3173 
0.3921 0.1346 0.0820 0.3912 
0.3296 0.1619 0.0939 0.4146 

MOTIF filter13 
letter-probability matrix: alength= 4 w= 9 nsites= 9 
0.0828 0.8377 0.0458 0.0337 
0.9274 0.0241 0.0196 0.0289 
0.0239 0.0260 0.8466 0.1035 
0.0298 0.8579 0.0665 0.0458 
0.8884 0.0529 0.0032 0.0555 
0.3628 0.2174 0.1806 0.2391 
0.4186 0.0819 0.0480 0.4514 
0.4186 0.0989 0.0262 0.4562 
0.2981 0.1201 0.0107 0.5711 

MOTIF filter14 
letter-probability matrix: alength= 4 w= 9 nsites= 9 
0.8412 0.0233 0.1097 0.0258 
0.7406 0.0788 0.1303 0.0503 
0.3119 0.2144 0.3756 0.0982 
0.9505 0.0150 0.0203 0.0141 
0.0171 0.0378 0.0210 0.9241 
0.0387 0.0261 0.9146 0.0206 
0.0428 0.0197 0.9116 0.0258 
0.1861 0.6139 0.0401 0.1599 
0.1750 0.2675 0.3208 0.2366 

MOTIF filter15 
letter-probability matrix: alength= 4 w= 9 nsites= 9 
0.4106 0.1252 0.3280 0.1362 
0.0301 0.6792 0.0953 0.1954 
0.0353 0.0352 0.0473 0.8822 
0.0337 0.0395 0.0304 0.8964 
0.0241 0.9075 0.0337 0.0348 
0.0380 0.9002 0.0392 0.0227 
0.0199 0.0210 0.8410 0.1180 
0.0168 0.2476 0.6740 0.0617 
0.2648 0.2406 0.2577 0.2369 

MOTIF filter16 
letter-probability matrix: alength= 4 w= 9 nsites= 9 
0.8861 0.0508 0.0402 0.0229 
0.2958 0.0316 0.0439 0.6288 
0.4326 0.0275 0.0190 0.5209 
0.5429 0.0212 0.0252 0.4107 
0.6656 0.0225 0.0235 0.2884 
0.0271 0.0296 0.0365 0.9068 
0.9040 0.0423 0.0056 0.0480 
0.2017 0.0280 0.6648 0.1055 
0.3974 0.3088 0.1181 0.1756 

MOTIF filter17 
letter-probability matrix: alength= 4 w= 9 nsites= 9 
0.2722 0.1985 0.1714 0.3579 
0.0721 0.0123 0.0254 0.8903 
0.0091 0.0149 0.9623 0.0137 
0.1128 0.8634 0.0106 0.0133 
0.0110 0.0109 0.0126 0.9655 
0.0167 0.0105 0.8866 0.0862 
0.9532 0.0122 0.0195 0.0151 
0.0878 0.4119 0.2777 0.2225 
0.2241 0.1531 0.1128 0.5100 

MOTIF filter18 
letter-probability matrix: alength= 4 w= 9 nsites= 9 
0.2377 0.0704 0.0315 0.6604 
0.0548 0.0252 0.0272 0.8928 
0.0494 0.0266 0.0280 0.8960 
0.6054 0.0295 0.3182 0.0469 
0.8945 0.0284 0.0281 0.0490 
0.0451 0.0369 0.0422 0.8758 
0.2729 0.2459 0.2251 0.2561 
0.3343 0.3557 0.0096 0.3004 
0.2384 0.2528 0.2543 0.2544 

MOTIF filter19 
letter-probability matrix: alength= 4 w= 9 nsites= 9 
0.0232 0.9617 0.0096 0.0055 
0.8888 0.0178 0.0512 0.0421 
0.0093 0.9013 0.0216 0.0677 
0.0846 0.0128 0.8874 0.0152 
0.0348 0.0503 0.0139 0.9010 
0.0137 0.0114 0.9500 0.0249 
0.1928 0.2682 0.3273 0.2117 
0.1260 0.2224 0.1926 0.4589 
0.2396 0.2152 0.2763 0.2689 

MOTIF filter20 
letter-probability matrix: alength= 4 w= 9 nsites= 9 
0.1094 0.1425 0.1189 0.6292 
0.0955 0.1282 0.1602 0.6161 
0.2162 0.5205 0.1165 0.1468 
0.1446 0.4905 0.0813 0.2837 
0.2291 0.2803 0.2064 0.2842 
0.3333 0.0788 0.4132 0.1747 
0.1034 0.1121 0.5137 0.2708 
0.5740 0.2056 0.1122 0.1082 
0.7226 0.1465 0.0064 0.1245 

MOTIF filter21 
letter-probability matrix: alength= 4 w= 9 nsites= 9 
0.3937 0.2008 0.2569 0.1486 
0.2558 0.3496 0.2554 0.1393 
0.0418 0.9296 0.0027 0.0259 
0.8777 0.0169 0.0638 0.0416 
0.0201 0.8584 0.0175 0.1040 
0.1109 0.0349 0.8403 0.0139 
0.0454 0.0722 0.0164 0.8660 
0.0072 0.0084 0.9535 0.0309 
0.1900 0.2946 0.2654 0.2500 

MOTIF filter22 
letter-probability matrix: alength= 4 w= 9 nsites= 9 
0.3150 0.3343 0.1751 0.1756 
0.0257 0.8437 0.0603 0.0703 
0.0125 0.8885 0.0491 0.0499 
0.6055 0.0394 0.0770 0.2780 
0.1238 0.0067 0.0260 0.8435 
0.9005 0.0044 0.0740 0.0211 
0.0061 0.0481 0.0533 0.8925 
0.7646 0.0527 0.0078 0.1749 
0.2444 0.0301 0.0312 0.6943 

MOTIF filter23 
letter-probability matrix: alength= 4 w= 9 nsites= 9 
0.2527 0.2274 0.2569 0.2630 
0.8197 0.0338 0.0184 0.1282 
0.0303 0.0152 0.0167 0.9378 
0.0493 0.1764 0.0186 0.7557 
0.8970 0.0178 0.0687 0.0165 
0.9403 0.0146 0.0303 0.0149 
0.4420 0.0169 0.0405 0.5005 
0.2586 0.2319 0.2450 0.2644 
0.2194 0.2227 0.2931 0.2648 

MOTIF filter24 
letter-probability matrix: alength= 4 w= 9 nsites= 9 
0.1390 0.8084 0.0249 0.0277 
0.0246 0.0148 0.9439 0.0166 
0.0302 0.0241 0.9119 0.0338 
0.9292 0.0357 0.0154 0.0197 
0.9198 0.0280 0.0225 0.0296 
0.1532 0.0902 0.7362 0.0204 
0.0865 0.2946 0.0767 0.5422 
0.2221 0.2066 0.4249 0.1464 
0.2730 0.2794 0.4048 0.0428 

MOTIF filter25 
letter-probability matrix: alength= 4 w= 9 nsites= 9 
0.5211 0.1098 0.3540 0.0151 
0.0108 0.0109 0.0071 0.9713 
0.0112 0.0153 0.1168 0.8567 
0.2260 0.0120 0.5962 0.1659 
0.0741 0.6406 0.0695 0.2159 
0.1728 0.0566 0.7193 0.0512 
0.1766 0.4334 0.0116 0.3784 
0.7961 0.1796 0.0100 0.0143 
0.9453 0.0102 0.0232 0.0213 

MOTIF filter26 
letter-probability matrix: alength= 4 w= 9 nsites= 9 
0.0424 0.0486 0.0461 0.8630 
0.8989 0.0238 0.0341 0.0432 
0.3087 0.0160 0.0373 0.6380 
0.4300 0.0198 0.0126 0.5376 
0.5378 0.0139 0.0277 0.4206 
0.6302 0.0308 0.0110 0.3280 
0.0404 0.0329 0.0319 0.8947 
0.8705 0.0300 0.0677 0.0318 
0.2272 0.0367 0.5958 0.1404 

MOTIF filter27 
letter-probability matrix: alength= 4 w= 9 nsites= 9 
0.0225 0.0788 0.0211 0.8776 
0.0224 0.0378 0.1235 0.8163 
0.2291 0.6965 0.0458 0.0286 
0.1081 0.5123 0.0204 0.3591 
0.3056 0.1857 0.2947 0.2140 
0.2416 0.0225 0.6644 0.0715 
0.0685 0.0493 0.6929 0.1893 
0.8719 0.0795 0.0255 0.0231 
0.9525 0.0148 0.0179 0.0148 

MOTIF filter28 
letter-probability matrix: alength= 4 w= 9 nsites= 9 
0.6821 0.1297 0.1549 0.0333 
0.1070 0.1163 0.1503 0.6264 
0.5600 0.1475 0.0291 0.2634 
0.2940 0.1371 0.1198 0.4490 
0.0097 0.0103 0.9526 0.0274 
0.0124 0.0118 0.9650 0.0107 
0.2257 0.1553 0.3162 0.3027 
0.2592 0.4162 0.1846 0.1400 
0.4436 0.1353 0.1679 0.2532 

MOTIF filter29 
letter-probability matrix: alength= 4 w= 9 nsites= 9 
0.2441 0.2295 0.2575 0.2690 
0.1262 0.0549 0.6270 0.1920 
0.0929 0.6771 0.1199 0.1100 
0.2761 0.4180 0.1969 0.1089 
0.1688 0.0238 0.6535 0.1540 
0.0107 0.9427 0.0125 0.0341 
0.0401 0.9191 0.0288 0.0120 
0.9281 0.0167 0.0310 0.0243 
0.0228 0.0275 0.0150 0.9347 

