MEME version 4

ALPHABET= ACGT

Background letter frequencies:
A 0.2500 C 0.2500 G 0.2500 T 0.2500 

MOTIF filter0 
letter-probability matrix: alength= 4 w= 9 nsites= 9 
0.0093 0.0162 0.0230 0.9515 
0.0000 0.0000 0.0000 1.0000 
0.0136 0.4303 0.0000 0.5561 
0.0000 0.9603 0.0000 0.0397 
0.0984 0.4666 0.1580 0.2770 
0.2881 0.0459 0.5845 0.0815 
0.1227 0.0000 0.8067 0.0706 
0.3114 0.0822 0.4317 0.1747 
0.0000 0.2788 0.3978 0.3234 

MOTIF filter1 
letter-probability matrix: alength= 4 w= 9 nsites= 9 
0.2111 0.2901 0.2657 0.2331 
0.2173 0.2687 0.2222 0.2918 
0.5747 0.0000 0.4253 0.0000 
0.0000 0.0000 0.0000 1.0000 
0.0000 0.0000 0.0017 0.9983 
0.2225 0.0000 0.7107 0.0668 
0.0000 0.8934 0.0000 0.1066 
0.0548 0.0023 0.9429 0.0000 
0.0553 0.6969 0.0000 0.2478 

MOTIF filter2 
letter-probability matrix: alength= 4 w= 9 nsites= 9 
0.0111 0.4331 0.2933 0.2625 
0.0643 0.6921 0.1259 0.1176 
0.7379 0.0170 0.2002 0.0449 
0.0000 0.9475 0.0046 0.0478 
0.0000 0.0000 0.0000 1.0000 
0.0000 0.0000 0.0000 1.0000 
0.0000 1.0000 0.0000 0.0000 
0.0000 1.0000 0.0000 0.0000 
0.0000 0.0000 0.9702 0.0298 

MOTIF filter3 
letter-probability matrix: alength= 4 w= 9 nsites= 9 
0.9629 0.0151 0.0220 0.0000 
0.4306 0.1256 0.3934 0.0505 
1.0000 0.0000 0.0000 0.0000 
0.0000 0.0000 0.0000 1.0000 
0.0430 0.0000 0.9570 0.0000 
0.0000 0.0000 1.0000 0.0000 
0.0848 0.8718 0.0000 0.0434 
0.1004 0.2255 0.3988 0.2752 
0.0929 0.0834 0.7666 0.0571 

MOTIF filter4 
letter-probability matrix: alength= 4 w= 9 nsites= 9 
0.0000 0.9887 0.0076 0.0037 
0.0000 1.0000 0.0000 0.0000 
0.8006 0.0049 0.0110 0.1836 
0.0149 0.0000 0.0000 0.9851 
0.9941 0.0029 0.0030 0.0000 
0.0000 0.0035 0.0000 0.9965 
0.9845 0.0000 0.0000 0.0155 
0.1417 0.0000 0.0000 0.8583 
0.0084 0.0029 0.9887 0.0000 

MOTIF filter5 
letter-probability matrix: alength= 4 w= 9 nsites= 9 
0.0000 0.0000 0.0000 1.0000 
0.0000 0.0000 0.9828 0.0172 
1.0000 0.0000 0.0000 0.0000 
0.0046 0.5017 0.4836 0.0101 
0.0000 0.0000 0.0000 1.0000 
0.0000 1.0000 0.0000 0.0000 
1.0000 0.0000 0.0000 0.0000 
0.0259 0.3663 0.2103 0.3976 
0.2211 0.3738 0.1794 0.2257 

MOTIF filter6 
letter-probability matrix: alength= 4 w= 9 nsites= 9 
0.2292 0.2460 0.2623 0.2624 
0.2657 0.2786 0.2163 0.2394 
0.2762 0.2072 0.2329 0.2837 
0.6292 0.0000 0.0000 0.3708 
0.0000 0.0000 0.0000 1.0000 
0.0000 0.0036 0.0000 0.9964 
0.9158 0.0000 0.0842 0.0000 
1.0000 0.0000 0.0000 0.0000 
0.3518 0.0000 0.0000 0.6482 

MOTIF filter7 
letter-probability matrix: alength= 4 w= 9 nsites= 9 
0.1262 0.0000 0.7506 0.1232 
0.1971 0.0000 0.8029 0.0000 
0.0000 0.0000 1.0000 0.0000 
0.0000 0.0000 1.0000 0.0000 
0.3361 0.5369 0.0000 0.1270 
0.0000 0.0000 1.0000 0.0000 
0.0000 0.0000 1.0000 0.0000 
0.1897 0.0000 0.8103 0.0000 
0.2344 0.0797 0.6859 0.0000 

MOTIF filter8 
letter-probability matrix: alength= 4 w= 9 nsites= 9 
0.0195 0.0476 0.7459 0.1870 
0.4495 0.4124 0.0509 0.0873 
0.0051 0.9866 0.0083 0.0000 
0.0000 0.9866 0.0066 0.0068 
0.8228 0.0015 0.0211 0.1545 
0.0284 0.0000 0.0045 0.9671 
0.9925 0.0000 0.0075 0.0000 
0.0000 0.0150 0.0126 0.9723 
0.9927 0.0000 0.0000 0.0073 

MOTIF filter9 
letter-probability matrix: alength= 4 w= 9 nsites= 9 
0.2856 0.2505 0.2236 0.2403 
0.1371 0.2194 0.1543 0.4893 
0.0000 0.0000 0.0000 1.0000 
0.0000 0.0000 0.0000 1.0000 
0.0341 0.9659 0.0000 0.0000 
0.0000 0.7775 0.0000 0.2225 
0.2251 0.2220 0.3055 0.2474 
0.2670 0.0000 0.7186 0.0144 
0.0000 0.0000 0.9277 0.0723 

MOTIF filter10 
letter-probability matrix: alength= 4 w= 9 nsites= 9 
0.0253 0.7410 0.1207 0.1130 
0.0000 0.1862 0.0000 0.8138 
0.0068 0.2640 0.6755 0.0537 
1.0000 0.0000 0.0000 0.0000 
0.0000 0.0000 0.0000 1.0000 
0.0000 0.0000 0.0000 1.0000 
0.0000 0.0000 1.0000 0.0000 
0.0000 0.0000 1.0000 0.0000 
0.0537 0.4243 0.0000 0.5220 

MOTIF filter11 
letter-probability matrix: alength= 4 w= 9 nsites= 9 
0.5062 0.0114 0.4131 0.0693 
0.0000 1.0000 0.0000 0.0000 
0.0000 1.0000 0.0000 0.0000 
1.0000 0.0000 0.0000 0.0000 
1.0000 0.0000 0.0000 0.0000 
0.0000 0.0000 0.0000 1.0000 
0.0222 0.7764 0.2015 0.0000 
0.7913 0.0000 0.2087 0.0000 
0.0979 0.1228 0.7663 0.0130 

MOTIF filter12 
letter-probability matrix: alength= 4 w= 9 nsites= 9 
0.1723 0.0000 0.0000 0.8277 
0.1070 0.7070 0.0134 0.1726 
0.5540 0.0000 0.0000 0.4460 
0.0000 0.0000 1.0000 0.0000 
0.0059 0.9941 0.0000 0.0000 
0.5916 0.0000 0.0000 0.4084 
0.1828 0.1047 0.4984 0.2141 
0.7260 0.0000 0.0000 0.2740 
0.2050 0.1920 0.0667 0.5363 

MOTIF filter13 
letter-probability matrix: alength= 4 w= 9 nsites= 9 
0.0735 0.7532 0.0702 0.1031 
0.2684 0.3532 0.2642 0.1141 
0.0439 0.0000 0.8733 0.0827 
0.0000 1.0000 0.0000 0.0000 
0.0000 1.0000 0.0000 0.0000 
1.0000 0.0000 0.0000 0.0000 
0.0000 0.0000 0.0000 1.0000 
0.0313 0.4491 0.1101 0.4094 
0.0000 0.0371 0.0000 0.9629 

MOTIF filter14 
letter-probability matrix: alength= 4 w= 9 nsites= 9 
0.0000 0.7777 0.0000 0.2223 
0.0000 1.0000 0.0000 0.0000 
0.0000 1.0000 0.0000 0.0000 
0.1251 0.0000 0.5558 0.3191 
0.0000 1.0000 0.0000 0.0000 
0.0000 1.0000 0.0000 0.0000 
0.0000 0.7562 0.0000 0.2438 
0.0907 0.7685 0.0000 0.1409 
0.0602 0.5874 0.0728 0.2796 

MOTIF filter15 
letter-probability matrix: alength= 4 w= 9 nsites= 9 
0.7091 0.0090 0.2355 0.0464 
0.0000 0.9670 0.0099 0.0232 
0.0000 0.0000 0.0000 1.0000 
0.0000 0.0000 0.0000 1.0000 
0.0000 1.0000 0.0000 0.0000 
0.0000 1.0000 0.0000 0.0000 
0.0000 0.0000 0.9597 0.0403 
0.0000 0.1722 0.8278 0.0000 
0.2617 0.3252 0.1895 0.2236 

MOTIF filter16 
letter-probability matrix: alength= 4 w= 9 nsites= 9 
0.1544 0.0000 0.8456 0.0000 
0.0000 0.0000 1.0000 0.0000 
1.0000 0.0000 0.0000 0.0000 
1.0000 0.0000 0.0000 0.0000 
0.5626 0.0675 0.3338 0.0362 
0.2522 0.2299 0.1697 0.3481 
0.2467 0.1764 0.3757 0.2012 
0.2689 0.2446 0.2961 0.1904 
0.2322 0.3206 0.2112 0.2361 

MOTIF filter17 
letter-probability matrix: alength= 4 w= 9 nsites= 9 
0.2913 0.1892 0.1538 0.3657 
0.0000 0.0000 0.0000 1.0000 
0.0000 0.0000 1.0000 0.0000 
0.1053 0.8947 0.0000 0.0000 
0.0000 0.0000 0.0000 1.0000 
0.0000 0.0000 0.9965 0.0035 
1.0000 0.0000 0.0000 0.0000 
0.0603 0.4762 0.3003 0.1632 
0.1730 0.1075 0.0707 0.6488 

MOTIF filter18 
letter-probability matrix: alength= 4 w= 9 nsites= 9 
0.0317 0.9683 0.0000 0.0000 
0.0000 0.0000 1.0000 0.0000 
0.0000 0.0000 1.0000 0.0000 
1.0000 0.0000 0.0000 0.0000 
1.0000 0.0000 0.0000 0.0000 
0.0499 0.0096 0.9405 0.0000 
0.0397 0.2823 0.0234 0.6546 
0.1562 0.1078 0.6364 0.0996 
0.2448 0.3276 0.3843 0.0432 

MOTIF filter19 
letter-probability matrix: alength= 4 w= 9 nsites= 9 
0.0072 0.8988 0.0000 0.0940 
0.0000 0.0000 0.0000 1.0000 
1.0000 0.0000 0.0000 0.0000 
0.2771 0.0000 0.0043 0.7186 
0.4787 0.0000 0.0000 0.5213 
0.5796 0.0000 0.0000 0.4204 
0.7444 0.0000 0.0000 0.2556 
0.0000 0.0000 0.0000 1.0000 
1.0000 0.0000 0.0000 0.0000 

MOTIF filter20 
letter-probability matrix: alength= 4 w= 9 nsites= 9 
0.0000 0.0000 0.0000 1.0000 
0.0000 0.0000 0.0386 0.9614 
0.2743 0.0000 0.6373 0.0883 
0.0078 0.9143 0.0000 0.0779 
0.1024 0.0022 0.8938 0.0016 
0.0755 0.7025 0.0000 0.2220 
0.9873 0.0127 0.0000 0.0000 
1.0000 0.0000 0.0000 0.0000 
0.0054 0.3401 0.1031 0.5513 

MOTIF filter21 
letter-probability matrix: alength= 4 w= 9 nsites= 9 
0.4261 0.2075 0.2266 0.1398 
0.2670 0.3005 0.2851 0.1474 
0.0000 1.0000 0.0000 0.0000 
1.0000 0.0000 0.0000 0.0000 
0.0000 1.0000 0.0000 0.0000 
0.0000 0.0000 1.0000 0.0000 
0.0000 0.0000 0.0000 1.0000 
0.0000 0.0000 1.0000 0.0000 
0.1800 0.2971 0.2974 0.2255 

MOTIF filter22 
letter-probability matrix: alength= 4 w= 9 nsites= 9 
0.2288 0.2445 0.2939 0.2328 
0.1501 0.6873 0.0919 0.0708 
1.0000 0.0000 0.0000 0.0000 
0.9532 0.0000 0.0468 0.0000 
0.3811 0.1264 0.4576 0.0348 
1.0000 0.0000 0.0000 0.0000 
0.0000 0.0000 0.0000 1.0000 
0.0000 0.0000 1.0000 0.0000 
0.0000 0.0000 1.0000 0.0000 

MOTIF filter23 
letter-probability matrix: alength= 4 w= 9 nsites= 9 
0.6030 0.0584 0.0973 0.2413 
0.1951 0.3144 0.4470 0.0435 
0.0000 0.0000 0.0000 1.0000 
0.0221 0.9779 0.0000 0.0000 
1.0000 0.0000 0.0000 0.0000 
0.0000 0.0000 0.8640 0.1360 
0.0000 1.0000 0.0000 0.0000 
1.0000 0.0000 0.0000 0.0000 
0.4026 0.1903 0.1050 0.3020 

MOTIF filter24 
letter-probability matrix: alength= 4 w= 9 nsites= 9 
0.4512 0.1919 0.2337 0.1232 
0.2393 0.3381 0.2704 0.1521 
0.0000 1.0000 0.0000 0.0000 
0.9956 0.0000 0.0044 0.0000 
0.0000 0.9497 0.0000 0.0503 
0.0459 0.0000 0.9541 0.0000 
0.0000 0.0114 0.0000 0.9886 
0.0000 0.0000 1.0000 0.0000 
0.1463 0.3291 0.3018 0.2228 

MOTIF filter25 
letter-probability matrix: alength= 4 w= 9 nsites= 9 
0.4958 0.2379 0.1888 0.0774 
0.0000 0.3161 0.0562 0.6276 
0.0463 0.3237 0.3394 0.2907 
0.4643 0.0324 0.5033 0.0000 
0.4756 0.0000 0.4028 0.1216 
0.0000 1.0000 0.0000 0.0000 
0.0000 1.0000 0.0000 0.0000 
1.0000 0.0000 0.0000 0.0000 
1.0000 0.0000 0.0000 0.0000 

MOTIF filter26 
letter-probability matrix: alength= 4 w= 9 nsites= 9 
0.0096 0.0211 0.0076 0.9617 
0.9911 0.0000 0.0041 0.0048 
0.2418 0.0000 0.0054 0.7529 
0.4723 0.0006 0.0000 0.5271 
0.5752 0.0000 0.0032 0.4216 
0.7395 0.0000 0.0000 0.2605 
0.0240 0.0000 0.0088 0.9672 
0.9752 0.0000 0.0248 0.0000 
0.1155 0.0000 0.8670 0.0175 

MOTIF filter27 
letter-probability matrix: alength= 4 w= 9 nsites= 9 
0.2584 0.3777 0.2407 0.1231 
0.1196 0.0000 0.7413 0.1391 
0.0000 1.0000 0.0000 0.0000 
0.0000 1.0000 0.0000 0.0000 
1.0000 0.0000 0.0000 0.0000 
0.0000 0.0000 0.0000 1.0000 
0.0095 0.4341 0.1720 0.3843 
0.0000 0.0065 0.0000 0.9935 
0.0000 0.0000 0.0000 1.0000 

MOTIF filter28 
letter-probability matrix: alength= 4 w= 9 nsites= 9 
0.9806 0.0057 0.0137 0.0000 
0.0000 0.0044 0.0228 0.9727 
0.9480 0.0019 0.0000 0.0501 
0.1646 0.0202 0.0079 0.8074 
0.0000 0.0116 0.9859 0.0026 
0.0000 0.0000 1.0000 0.0000 
0.1256 0.0764 0.3614 0.4367 
0.2257 0.6745 0.0632 0.0366 
0.7802 0.0103 0.0544 0.1551 

MOTIF filter29 
letter-probability matrix: alength= 4 w= 9 nsites= 9 
0.1814 0.0165 0.0000 0.8021 
0.0000 0.0000 1.0000 0.0000 
0.0000 0.3415 0.4521 0.2064 
0.0000 0.9307 0.0000 0.0693 
0.3676 0.0527 0.5556 0.0241 
0.3126 0.2409 0.4225 0.0240 
0.0000 1.0000 0.0000 0.0000 
0.4740 0.1000 0.1280 0.2980 
0.2583 0.0969 0.1205 0.5243 

