MEME version 4

ALPHABET= ACGT

Background letter frequencies:
A 0.2500 C 0.2500 G 0.2500 T 0.2500 

MOTIF filter0 
letter-probability matrix: alength= 4 w= 9 nsites= 9 
0.2153 0.2140 0.1842 0.3865 
0.3490 0.1299 0.3915 0.1296 
0.3323 0.1045 0.3557 0.2076 
0.1660 0.3333 0.4933 0.0074 
0.0656 0.5695 0.3014 0.0635 
0.4887 0.0112 0.2465 0.2536 
0.1842 0.1329 0.0621 0.6208 
0.1540 0.1783 0.0289 0.6388 
0.0857 0.4081 0.1220 0.3842 

MOTIF filter1 
letter-probability matrix: alength= 4 w= 9 nsites= 9 
0.2146 0.2944 0.2445 0.2466 
0.3049 0.1988 0.1562 0.3400 
0.2284 0.1355 0.4350 0.2011 
0.3077 0.0632 0.3286 0.3004 
0.2010 0.2234 0.3804 0.1953 
0.2371 0.1164 0.4038 0.2426 
0.1889 0.5803 0.0512 0.1796 
0.2490 0.2762 0.2634 0.2114 
0.2911 0.3422 0.0109 0.3558 

MOTIF filter2 
letter-probability matrix: alength= 4 w= 9 nsites= 9 
0.2238 0.2822 0.3545 0.1396 
0.1111 0.3126 0.1666 0.4098 
0.2372 0.3115 0.2786 0.1727 
0.2618 0.4234 0.2458 0.0690 
0.0460 0.3226 0.1967 0.4348 
0.1215 0.0588 0.0073 0.8124 
0.0235 0.9559 0.0026 0.0180 
0.2565 0.6664 0.0617 0.0153 
0.0085 0.2294 0.7392 0.0228 

MOTIF filter3 
letter-probability matrix: alength= 4 w= 9 nsites= 9 
0.2914 0.1766 0.3144 0.2175 
0.2461 0.1633 0.3412 0.2494 
0.2728 0.2639 0.4307 0.0326 
0.0173 0.1810 0.5631 0.2386 
0.3548 0.3725 0.2572 0.0155 
0.0123 0.3063 0.3148 0.3666 
0.1578 0.4551 0.2429 0.1442 
0.1397 0.3579 0.2785 0.2239 
0.1833 0.2396 0.3599 0.2173 

MOTIF filter4 
letter-probability matrix: alength= 4 w= 9 nsites= 9 
0.0712 0.7386 0.0731 0.1170 
0.1019 0.6109 0.0564 0.2308 
0.9212 0.0075 0.0178 0.0536 
0.6415 0.0078 0.0461 0.3045 
0.1598 0.2027 0.1644 0.4731 
0.5920 0.1348 0.0535 0.2197 
0.3319 0.0219 0.0366 0.6096 
0.0404 0.0977 0.6380 0.2239 
0.3364 0.1525 0.4173 0.0938 

MOTIF filter5 
letter-probability matrix: alength= 4 w= 9 nsites= 9 
0.0536 0.5145 0.1011 0.3309 
0.0173 0.7762 0.1579 0.0487 
0.3946 0.1203 0.0439 0.4411 
0.2885 0.1197 0.2341 0.3577 
0.0274 0.0536 0.1736 0.7454 
0.0776 0.3480 0.5660 0.0084 
0.5096 0.1097 0.3511 0.0296 
0.3304 0.2989 0.1558 0.2149 
0.2442 0.2594 0.2529 0.2435 

MOTIF filter6 
letter-probability matrix: alength= 4 w= 9 nsites= 9 
0.1161 0.2630 0.2539 0.3671 
0.0321 0.7998 0.0966 0.0715 
0.0156 0.3313 0.2932 0.3599 
0.4841 0.0365 0.3660 0.1134 
0.0617 0.2361 0.1901 0.5122 
0.1867 0.2203 0.2667 0.3263 
0.1825 0.1309 0.0847 0.6019 
0.2702 0.3410 0.0100 0.3788 
0.2061 0.3647 0.1082 0.3210 

MOTIF filter7 
letter-probability matrix: alength= 4 w= 9 nsites= 9 
0.3815 0.3265 0.2811 0.0108 
0.3859 0.1261 0.2122 0.2759 
0.4192 0.3900 0.0249 0.1658 
0.0943 0.6483 0.0275 0.2299 
0.2034 0.1191 0.5692 0.1083 
0.1603 0.0699 0.6609 0.1089 
0.2702 0.2349 0.1878 0.3070 
0.3332 0.2599 0.1770 0.2298 
0.3032 0.1854 0.3254 0.1860 

MOTIF filter8 
letter-probability matrix: alength= 4 w= 9 nsites= 9 
0.1910 0.2274 0.2719 0.3097 
0.2364 0.2563 0.2618 0.2456 
0.2688 0.4174 0.3029 0.0109 
0.0547 0.6391 0.0783 0.2279 
0.1591 0.1461 0.3438 0.3509 
0.1797 0.2800 0.4192 0.1211 
0.4530 0.0650 0.3566 0.1255 
0.0094 0.3623 0.2413 0.3870 
0.2679 0.2966 0.2040 0.2315 

MOTIF filter9 
letter-probability matrix: alength= 4 w= 9 nsites= 9 
0.1010 0.4977 0.2994 0.1019 
0.0276 0.9059 0.0611 0.0054 
0.3609 0.0400 0.0453 0.5538 
0.0126 0.0232 0.5684 0.3958 
0.8999 0.0065 0.0439 0.0497 
0.0159 0.4058 0.0894 0.4888 
0.1110 0.0801 0.0391 0.7698 
0.1711 0.2077 0.4485 0.1726 
0.3511 0.1611 0.3052 0.1826 

MOTIF filter10 
letter-probability matrix: alength= 4 w= 9 nsites= 9 
0.1323 0.3704 0.2259 0.2713 
0.0475 0.1651 0.0569 0.7305 
0.0206 0.1013 0.4505 0.4276 
0.3732 0.5834 0.0357 0.0078 
0.0784 0.4454 0.0250 0.4512 
0.1140 0.0532 0.5806 0.2521 
0.2581 0.0427 0.6781 0.0211 
0.0213 0.1176 0.7044 0.1567 
0.2989 0.2700 0.1904 0.2406 

MOTIF filter11 
letter-probability matrix: alength= 4 w= 9 nsites= 9 
0.2951 0.0350 0.3193 0.3506 
0.0982 0.4615 0.3304 0.1100 
0.0255 0.2838 0.2320 0.4587 
0.2073 0.4453 0.3416 0.0058 
0.4955 0.4368 0.0569 0.0109 
0.0041 0.0032 0.3975 0.5952 
0.0277 0.3420 0.6000 0.0302 
0.7622 0.0605 0.1504 0.0269 
0.0938 0.3425 0.5245 0.0392 

MOTIF filter12 
letter-probability matrix: alength= 4 w= 9 nsites= 9 
0.2989 0.1725 0.1954 0.3332 
0.1770 0.2533 0.3038 0.2659 
0.1602 0.3547 0.1914 0.2936 
0.2547 0.0167 0.6468 0.0817 
0.0799 0.8257 0.0052 0.0892 
0.3394 0.0073 0.0405 0.6127 
0.5217 0.0371 0.2315 0.2097 
0.1207 0.5823 0.1131 0.1839 
0.3142 0.3491 0.0989 0.2377 

MOTIF filter13 
letter-probability matrix: alength= 4 w= 9 nsites= 9 
0.1178 0.4438 0.3289 0.1096 
0.4802 0.3272 0.0565 0.1360 
0.0516 0.1416 0.5181 0.2887 
0.0100 0.2635 0.1579 0.5686 
0.5153 0.4627 0.0124 0.0096 
0.8550 0.0191 0.1130 0.0129 
0.1615 0.1035 0.3275 0.4074 
0.1474 0.4782 0.0885 0.2859 
0.1911 0.2040 0.2644 0.3406 

MOTIF filter14 
letter-probability matrix: alength= 4 w= 9 nsites= 9 
0.2834 0.2081 0.3033 0.2052 
0.1871 0.3371 0.2378 0.2380 
0.1534 0.4408 0.2225 0.1833 
0.4368 0.1533 0.2599 0.1500 
0.0142 0.4351 0.0263 0.5244 
0.0200 0.3132 0.2547 0.4122 
0.1935 0.0084 0.4537 0.3445 
0.0589 0.6963 0.0409 0.2039 
0.1416 0.3459 0.4453 0.0672 

MOTIF filter15 
letter-probability matrix: alength= 4 w= 9 nsites= 9 
0.1410 0.6499 0.0124 0.1967 
0.0789 0.4299 0.4458 0.0454 
0.1046 0.3965 0.3326 0.1663 
0.1631 0.0461 0.6445 0.1463 
0.3672 0.2434 0.2867 0.1027 
0.0085 0.4713 0.3633 0.1569 
0.1269 0.2950 0.2054 0.3728 
0.2101 0.3427 0.2611 0.1861 
0.3084 0.2363 0.2191 0.2362 

MOTIF filter16 
letter-probability matrix: alength= 4 w= 9 nsites= 9 
0.2458 0.2525 0.2620 0.2396 
0.4484 0.1558 0.1462 0.2496 
0.0582 0.1725 0.1683 0.6009 
0.1138 0.3639 0.0093 0.5130 
0.5098 0.0345 0.3793 0.0764 
0.5157 0.1777 0.1690 0.1376 
0.2524 0.1319 0.1679 0.4479 
0.2390 0.2676 0.2574 0.2360 
0.2515 0.2517 0.2520 0.2448 

MOTIF filter17 
letter-probability matrix: alength= 4 w= 9 nsites= 9 
0.2195 0.2211 0.2116 0.3478 
0.3319 0.1155 0.0210 0.5316 
0.1165 0.0303 0.8083 0.0449 
0.2797 0.4516 0.0126 0.2561 
0.2351 0.2996 0.3719 0.0934 
0.1350 0.2903 0.3052 0.2696 
0.3798 0.2327 0.1715 0.2159 
0.3876 0.1437 0.2021 0.2666 
0.2101 0.2355 0.2995 0.2549 

MOTIF filter18 
letter-probability matrix: alength= 4 w= 9 nsites= 9 
0.2364 0.2597 0.2848 0.2192 
0.1991 0.2569 0.2605 0.2835 
0.2907 0.2012 0.4078 0.1003 
0.3321 0.0081 0.3955 0.2644 
0.4369 0.3619 0.0156 0.1856 
0.4338 0.2427 0.0788 0.2447 
0.4299 0.1036 0.2913 0.1752 
0.0758 0.2013 0.1122 0.6107 
0.3441 0.2570 0.2695 0.1294 

MOTIF filter19 
letter-probability matrix: alength= 4 w= 9 nsites= 9 
0.3167 0.4315 0.2437 0.0082 
0.1740 0.4425 0.1713 0.2123 
0.0911 0.2993 0.5690 0.0406 
0.0737 0.0570 0.8079 0.0614 
0.0503 0.0066 0.8644 0.0787 
0.5051 0.2015 0.1665 0.1269 
0.8722 0.0367 0.0590 0.0322 
0.2469 0.2473 0.2605 0.2453 
0.1736 0.2648 0.2411 0.3206 

MOTIF filter20 
letter-probability matrix: alength= 4 w= 9 nsites= 9 
0.3207 0.4224 0.2336 0.0234 
0.0286 0.0357 0.0243 0.9115 
0.0170 0.0195 0.1578 0.8057 
0.1461 0.3229 0.4980 0.0331 
0.0403 0.8008 0.0433 0.1156 
0.0574 0.0183 0.8706 0.0537 
0.0336 0.4162 0.3764 0.1739 
0.7631 0.1295 0.0182 0.0892 
0.6680 0.1061 0.1394 0.0864 

MOTIF filter21 
letter-probability matrix: alength= 4 w= 9 nsites= 9 
0.3334 0.2246 0.2563 0.1857 
0.2374 0.2749 0.2805 0.2073 
0.0942 0.8154 0.0059 0.0845 
0.7389 0.0271 0.1304 0.1035 
0.0955 0.6731 0.0349 0.1964 
0.2279 0.0310 0.6306 0.1104 
0.1048 0.1211 0.1721 0.6019 
0.1075 0.0670 0.7219 0.1036 
0.1941 0.2783 0.2897 0.2379 

MOTIF filter22 
letter-probability matrix: alength= 4 w= 9 nsites= 9 
0.1780 0.3210 0.0065 0.4945 
0.1848 0.6154 0.1583 0.0415 
0.4308 0.4914 0.0129 0.0650 
0.1523 0.0066 0.3848 0.4563 
0.0231 0.3903 0.4916 0.0950 
0.3190 0.3454 0.0788 0.2568 
0.0746 0.3476 0.0754 0.5024 
0.2841 0.2292 0.2953 0.1915 
0.2112 0.3216 0.1316 0.3356 

MOTIF filter23 
letter-probability matrix: alength= 4 w= 9 nsites= 9 
0.2783 0.2770 0.2731 0.1716 
0.4154 0.2317 0.3326 0.0202 
0.0350 0.1173 0.0094 0.8384 
0.1204 0.5117 0.2422 0.1257 
0.6044 0.0143 0.3692 0.0121 
0.1235 0.3805 0.4726 0.0234 
0.0046 0.5272 0.0065 0.4618 
0.1980 0.2840 0.3235 0.1945 
0.2727 0.2581 0.3037 0.1655 

MOTIF filter24 
letter-probability matrix: alength= 4 w= 9 nsites= 9 
0.2175 0.0839 0.3596 0.3390 
0.0785 0.4636 0.2670 0.1908 
0.2698 0.5537 0.1320 0.0445 
0.2574 0.1876 0.5476 0.0074 
0.2714 0.0965 0.4849 0.1472 
0.2098 0.2641 0.2239 0.3021 
0.0075 0.1206 0.3383 0.5336 
0.0180 0.0550 0.6609 0.2661 
0.2597 0.0962 0.5450 0.0991 

MOTIF filter25 
letter-probability matrix: alength= 4 w= 9 nsites= 9 
0.2401 0.2079 0.1904 0.3616 
0.3909 0.2036 0.2550 0.1505 
0.1638 0.0648 0.1380 0.6334 
0.0130 0.6930 0.2479 0.0460 
0.4361 0.0905 0.3327 0.1407 
0.1964 0.2589 0.0617 0.4829 
0.2504 0.3829 0.3555 0.0112 
0.5827 0.0634 0.2618 0.0922 
0.0796 0.4108 0.1372 0.3724 

MOTIF filter26 
letter-probability matrix: alength= 4 w= 9 nsites= 9 
0.0772 0.0064 0.3910 0.5254 
0.7617 0.1167 0.0879 0.0337 
0.2274 0.1735 0.2913 0.3078 
0.3629 0.0541 0.0225 0.5605 
0.1293 0.6792 0.0866 0.1048 
0.6144 0.1320 0.0269 0.2267 
0.0199 0.1783 0.1652 0.6365 
0.5611 0.1494 0.1749 0.1146 
0.1751 0.1273 0.5138 0.1838 

MOTIF filter27 
letter-probability matrix: alength= 4 w= 9 nsites= 9 
0.2090 0.2027 0.3499 0.2384 
0.1915 0.3510 0.3168 0.1407 
0.1939 0.7138 0.0852 0.0072 
0.0398 0.3608 0.1784 0.4211 
0.3222 0.2294 0.3660 0.0823 
0.0068 0.1132 0.7756 0.1044 
0.4433 0.2857 0.1055 0.1655 
0.3082 0.2959 0.1356 0.2603 
0.3772 0.2152 0.2218 0.1858 

MOTIF filter28 
letter-probability matrix: alength= 4 w= 9 nsites= 9 
0.1768 0.4839 0.0894 0.2499 
0.0069 0.2003 0.0371 0.7556 
0.3862 0.0636 0.3521 0.1981 
0.2765 0.3781 0.0489 0.2965 
0.1124 0.0587 0.7263 0.1027 
0.1240 0.1222 0.6128 0.1410 
0.2526 0.1848 0.1540 0.4086 
0.0616 0.3626 0.1686 0.4072 
0.5916 0.1422 0.1038 0.1624 

MOTIF filter29 
letter-probability matrix: alength= 4 w= 9 nsites= 9 
0.1973 0.2944 0.2041 0.3043 
0.1045 0.1311 0.3683 0.3961 
0.4348 0.2328 0.2409 0.0914 
0.1539 0.2614 0.2357 0.3490 
0.3417 0.0108 0.5172 0.1302 
0.3604 0.3399 0.0256 0.2741 
0.3328 0.2812 0.3608 0.0251 
0.4584 0.0885 0.1977 0.2553 
0.0126 0.3061 0.2421 0.4392 

