MEME version 4

ALPHABET= ACGT

Background letter frequencies:
A 0.2500 C 0.2500 G 0.2500 T 0.2500 

MOTIF filter0 
letter-probability matrix: alength= 4 w= 9 nsites= 9 
0.1639 0.2353 0.2142 0.3866 
0.3267 0.1095 0.3889 0.1749 
0.2762 0.1246 0.3323 0.2669 
0.0182 0.8671 0.0407 0.0740 
0.0712 0.7793 0.1287 0.0208 
0.5963 0.0000 0.2493 0.1543 
0.1947 0.0000 0.0370 0.7684 
0.1412 0.4056 0.0112 0.4420 
0.0000 0.2138 0.4695 0.3167 

MOTIF filter1 
letter-probability matrix: alength= 4 w= 9 nsites= 9 
0.2510 0.2467 0.3273 0.1750 
0.4029 0.1606 0.1536 0.2829 
0.3661 0.2620 0.3708 0.0011 
0.1574 0.0068 0.1798 0.6559 
0.2437 0.2838 0.0414 0.4310 
0.7390 0.0134 0.2380 0.0097 
0.0131 0.8439 0.0144 0.1286 
0.0702 0.0262 0.8474 0.0562 
0.0550 0.3034 0.0086 0.6329 

MOTIF filter2 
letter-probability matrix: alength= 4 w= 8 nsites= 8 
0.0698 0.2214 0.1342 0.5746 
0.1182 0.2902 0.4242 0.1673 
0.2023 0.5273 0.1417 0.1287 
0.0000 0.2192 0.1198 0.6610 
0.0495 0.0561 0.1044 0.7900 
0.0747 0.9000 0.0125 0.0129 
0.3362 0.6030 0.0000 0.0608 
0.0012 0.4049 0.5837 0.0102 

MOTIF filter3 
letter-probability matrix: alength= 4 w= 7 nsites= 7 
0.3283 0.1932 0.1383 0.3403 
0.0000 0.0111 0.4490 0.5400 
0.4819 0.0288 0.4894 0.0000 
0.0000 0.1074 0.8926 0.0000 
0.1140 0.4616 0.2717 0.1527 
0.0000 0.7247 0.0716 0.2037 
0.3688 0.2926 0.2986 0.0399 

MOTIF filter4 
letter-probability matrix: alength= 4 w= 9 nsites= 9 
0.1937 0.6528 0.1343 0.0192 
0.0159 0.7029 0.0408 0.2404 
0.5321 0.3010 0.0805 0.0864 
0.4875 0.1916 0.1914 0.1296 
0.0000 0.0052 0.3899 0.6050 
0.2990 0.2632 0.0000 0.4378 
0.7083 0.0000 0.2917 0.0000 
0.1864 0.0608 0.7426 0.0101 
0.0514 0.4658 0.0340 0.4488 

MOTIF filter5 
letter-probability matrix: alength= 4 w= 9 nsites= 9 
0.0176 0.1350 0.0131 0.8343 
0.0234 0.1039 0.2625 0.6102 
0.5443 0.0000 0.4094 0.0463 
0.1786 0.3777 0.1947 0.2489 
0.0255 0.0492 0.1046 0.8207 
0.0259 0.6382 0.3112 0.0247 
0.8881 0.0000 0.0803 0.0316 
0.3950 0.2598 0.2194 0.1258 
0.0061 0.3941 0.1312 0.4687 

MOTIF filter6 
letter-probability matrix: alength= 4 w= 9 nsites= 9 
0.1145 0.2043 0.4015 0.2798 
0.0175 0.7364 0.1327 0.1134 
0.0424 0.5296 0.0631 0.3650 
0.9111 0.0097 0.0294 0.0498 
0.0083 0.0794 0.0325 0.8798 
0.1421 0.0247 0.1247 0.7085 
0.2939 0.0046 0.0087 0.6928 
0.4617 0.3065 0.0000 0.2318 
0.1753 0.2268 0.0367 0.5612 

MOTIF filter7 
letter-probability matrix: alength= 4 w= 9 nsites= 9 
0.3597 0.3109 0.1479 0.1815 
0.2754 0.0701 0.3689 0.2857 
0.6171 0.0622 0.1912 0.1296 
0.0161 0.8044 0.0375 0.1420 
0.1782 0.0654 0.6912 0.0652 
0.0120 0.0126 0.9019 0.0736 
0.1680 0.6711 0.0000 0.1609 
0.2084 0.2824 0.3041 0.2051 
0.1800 0.0175 0.7590 0.0434 

MOTIF filter8 
letter-probability matrix: alength= 4 w= 9 nsites= 9 
0.1847 0.2351 0.4699 0.1103 
0.3638 0.1734 0.3852 0.0776 
0.1140 0.6009 0.2849 0.0002 
0.0962 0.5869 0.0000 0.3170 
0.5208 0.2152 0.0000 0.2640 
0.3716 0.0581 0.0623 0.5079 
0.0948 0.1098 0.7598 0.0355 
0.0000 0.7331 0.0284 0.2385 
0.5814 0.2945 0.0000 0.1241 

MOTIF filter9 
letter-probability matrix: alength= 4 w= 9 nsites= 9 
0.0292 0.4079 0.4834 0.0796 
0.0673 0.7682 0.1635 0.0009 
0.1994 0.1237 0.0000 0.6768 
0.5431 0.0002 0.4566 0.0000 
0.4975 0.0334 0.0276 0.4414 
0.3143 0.4230 0.1798 0.0830 
0.1940 0.1159 0.0537 0.6363 
0.0056 0.2823 0.4857 0.2263 
0.3698 0.0486 0.5753 0.0064 

MOTIF filter10 
letter-probability matrix: alength= 4 w= 9 nsites= 9 
0.1346 0.4948 0.2281 0.1425 
0.0000 0.1160 0.0000 0.8840 
0.0579 0.1881 0.3173 0.4367 
0.4896 0.5059 0.0045 0.0000 
0.0000 0.2156 0.0062 0.7782 
0.0470 0.0637 0.6807 0.2087 
0.4921 0.0087 0.4992 0.0000 
0.0000 0.1677 0.6543 0.1780 
0.3361 0.2073 0.1201 0.3365 

MOTIF filter11 
letter-probability matrix: alength= 4 w= 7 nsites= 7 
0.0615 0.0811 0.6261 0.2313 
0.1672 0.1976 0.6193 0.0158 
0.1928 0.5585 0.1841 0.0646 
0.0017 0.0025 0.9794 0.0163 
0.0011 0.2547 0.6224 0.1218 
0.5867 0.0002 0.1843 0.2288 
0.0000 0.2052 0.4815 0.3133 

MOTIF filter12 
letter-probability matrix: alength= 4 w= 9 nsites= 9 
0.0391 0.0580 0.0390 0.8638 
0.0619 0.5838 0.3430 0.0114 
0.2918 0.5703 0.0865 0.0515 
0.0712 0.0000 0.7706 0.1582 
0.0433 0.5683 0.3885 0.0000 
0.6672 0.0000 0.0578 0.2750 
0.6722 0.2219 0.0194 0.0865 
0.3075 0.0815 0.1997 0.4112 
0.1589 0.1599 0.0079 0.6733 

MOTIF filter13 
letter-probability matrix: alength= 4 w= 5 nsites= 5 
0.1116 0.7289 0.1518 0.0078 
0.8462 0.0011 0.0000 0.1527 
0.0134 0.2553 0.2699 0.4613 
0.0000 0.4538 0.0014 0.5448 
0.2675 0.4689 0.2586 0.0051 

MOTIF filter14 
letter-probability matrix: alength= 4 w= 5 nsites= 5 
0.0047 0.5497 0.0000 0.4456 
0.0000 0.1467 0.3254 0.5279 
0.2036 0.0001 0.3833 0.4129 
0.0695 0.8526 0.0000 0.0778 
0.0218 0.5235 0.4459 0.0088 

MOTIF filter15 
letter-probability matrix: alength= 4 w= 9 nsites= 9 
0.1862 0.4701 0.1637 0.1801 
0.1439 0.4829 0.3274 0.0458 
0.0018 0.5767 0.1698 0.2517 
0.7928 0.0000 0.0476 0.1596 
0.4881 0.4817 0.0015 0.0288 
0.0082 0.3935 0.5958 0.0025 
0.0011 0.0385 0.0477 0.9127 
0.0241 0.5190 0.4558 0.0010 
0.4479 0.2289 0.1768 0.1464 

MOTIF filter16 
letter-probability matrix: alength= 4 w= 9 nsites= 9 
0.2553 0.3482 0.2074 0.1891 
0.6839 0.0120 0.3041 0.0000 
0.2368 0.5907 0.0000 0.1725 
0.0019 0.5832 0.0000 0.4149 
0.2939 0.0000 0.6890 0.0170 
0.6232 0.0000 0.3763 0.0005 
0.1958 0.3148 0.1527 0.3367 
0.3005 0.2523 0.3198 0.1274 
0.1924 0.2977 0.4025 0.1074 

MOTIF filter17 
letter-probability matrix: alength= 4 w= 8 nsites= 8 
0.2242 0.1456 0.2396 0.3906 
0.2745 0.0870 0.2894 0.3491 
0.1520 0.5849 0.0080 0.2551 
0.6888 0.2150 0.0012 0.0950 
0.0554 0.1922 0.3538 0.3987 
0.9555 0.0024 0.0260 0.0162 
0.0000 0.4457 0.5538 0.0005 
0.2092 0.2953 0.2108 0.2847 

MOTIF filter18 
letter-probability matrix: alength= 4 w= 9 nsites= 9 
0.0138 0.3562 0.0378 0.5922 
0.0674 0.0000 0.1153 0.8174 
0.7785 0.1026 0.1187 0.0002 
0.5104 0.0377 0.3175 0.1345 
0.2855 0.1290 0.0016 0.5839 
0.1266 0.8294 0.0088 0.0351 
0.6120 0.0032 0.1024 0.2824 
0.0000 0.3555 0.1231 0.5214 
0.5132 0.1956 0.2668 0.0244 

MOTIF filter19 
letter-probability matrix: alength= 4 w= 9 nsites= 9 
0.2349 0.5549 0.2008 0.0094 
0.0829 0.7346 0.0504 0.1321 
0.0948 0.5593 0.2728 0.0731 
0.0393 0.0022 0.8694 0.0892 
0.0078 0.0225 0.9243 0.0453 
0.6790 0.0000 0.2320 0.0890 
0.4927 0.2322 0.2723 0.0029 
0.2731 0.2157 0.1984 0.3128 
0.2002 0.3164 0.2436 0.2398 

MOTIF filter20 
letter-probability matrix: alength= 4 w= 9 nsites= 9 
0.3662 0.1303 0.2055 0.2980 
0.0105 0.0038 0.0583 0.9275 
0.1972 0.4029 0.0718 0.3281 
0.1224 0.3627 0.3172 0.1977 
0.0612 0.7775 0.0886 0.0727 
0.0797 0.0000 0.8742 0.0461 
0.0083 0.1685 0.6793 0.1438 
0.8857 0.1143 0.0000 0.0000 
0.9166 0.0060 0.0078 0.0695 

MOTIF filter21 
letter-probability matrix: alength= 4 w= 6 nsites= 6 
0.4212 0.1349 0.0070 0.4368 
0.0870 0.4864 0.2013 0.2253 
0.2247 0.0418 0.5620 0.1716 
0.0010 0.0076 0.0078 0.9836 
0.0383 0.0000 0.9464 0.0153 
0.0703 0.3622 0.3497 0.2177 

MOTIF filter22 
letter-probability matrix: alength= 4 w= 7 nsites= 7 
0.2082 0.3704 0.0000 0.4214 
0.0673 0.7353 0.1956 0.0018 
0.0318 0.9347 0.0038 0.0297 
0.1814 0.0000 0.6500 0.1686 
0.0223 0.5493 0.1692 0.2593 
0.4931 0.2074 0.2886 0.0109 
0.0000 0.3284 0.2228 0.4488 

MOTIF filter23 
letter-probability matrix: alength= 4 w= 6 nsites= 6 
0.2110 0.3598 0.2808 0.1484 
0.5317 0.1805 0.0391 0.2487 
0.0032 0.0000 0.0094 0.9874 
0.0000 0.3899 0.3020 0.3081 
0.5386 0.0003 0.4611 0.0000 
0.3560 0.5293 0.1147 0.0000 

MOTIF filter24 
letter-probability matrix: alength= 4 w= 9 nsites= 9 
0.3333 0.1055 0.3588 0.2024 
0.0922 0.2894 0.1256 0.4928 
0.0000 0.8101 0.1899 0.0000 
0.9681 0.0002 0.0266 0.0051 
0.1000 0.7151 0.0983 0.0867 
0.1199 0.0052 0.0967 0.7783 
0.0619 0.2604 0.3260 0.3517 
0.3472 0.1246 0.5282 0.0000 
0.0463 0.4913 0.2278 0.2346 

MOTIF filter25 
letter-probability matrix: alength= 4 w= 9 nsites= 9 
0.2729 0.0247 0.2425 0.4599 
0.4621 0.2930 0.1573 0.0875 
0.3656 0.0072 0.0000 0.6272 
0.0439 0.0239 0.9113 0.0210 
0.3192 0.4595 0.0000 0.2213 
0.2605 0.2345 0.2879 0.2172 
0.0012 0.1766 0.0734 0.7488 
0.5957 0.1318 0.0000 0.2725 
0.4792 0.0240 0.2861 0.2107 

MOTIF filter26 
letter-probability matrix: alength= 4 w= 9 nsites= 9 
0.1010 0.4331 0.1885 0.2773 
0.6239 0.1111 0.0165 0.2485 
0.1551 0.0162 0.0286 0.8001 
0.3349 0.0161 0.0000 0.6491 
0.2351 0.4497 0.0643 0.2510 
0.8556 0.0969 0.0011 0.0465 
0.0670 0.0134 0.0277 0.8919 
0.3037 0.1002 0.5830 0.0131 
0.0150 0.0035 0.9067 0.0748 

MOTIF filter27 
letter-probability matrix: alength= 4 w= 9 nsites= 9 
0.1791 0.3490 0.1834 0.2885 
0.0979 0.2486 0.1519 0.5016 
0.0032 0.8729 0.0619 0.0620 
0.0005 0.0024 0.0639 0.9332 
0.8158 0.1643 0.0198 0.0001 
0.0240 0.1127 0.7372 0.1262 
0.3408 0.2623 0.3012 0.0957 
0.3043 0.2203 0.2139 0.2615 
0.2553 0.2734 0.2023 0.2690 

MOTIF filter28 
letter-probability matrix: alength= 4 w= 9 nsites= 9 
0.3721 0.5570 0.0709 0.0000 
0.0000 0.3626 0.0346 0.6028 
0.7255 0.2160 0.0516 0.0069 
0.2101 0.2874 0.0000 0.5025 
0.1129 0.0268 0.8416 0.0187 
0.0428 0.0000 0.8166 0.1406 
0.1096 0.0785 0.3277 0.4842 
0.1420 0.3023 0.0842 0.4715 
0.6533 0.0572 0.0144 0.2752 

MOTIF filter29 
letter-probability matrix: alength= 4 w= 5 nsites= 5 
0.5011 0.0000 0.4989 0.0000 
0.1886 0.4136 0.0000 0.3978 
0.3938 0.4442 0.1621 0.0000 
0.9143 0.0040 0.0056 0.0762 
0.0000 0.2394 0.3383 0.4223 

