MEME version 4

ALPHABET= ACGT

Background letter frequencies:
A 0.2500 C 0.2500 G 0.2500 T 0.2500 

MOTIF filter0 
letter-probability matrix: alength= 4 w= 5 nsites= 5 
0.1118 0.1036 0.1231 0.6615 
0.0043 0.0171 0.0242 0.9543 
0.0850 0.4084 0.0372 0.4694 
0.0888 0.7213 0.0379 0.1520 
0.1524 0.3655 0.1766 0.3055 

MOTIF filter1 
letter-probability matrix: alength= 4 w= 9 nsites= 9 
0.2194 0.2839 0.2668 0.2299 
0.2481 0.2560 0.2313 0.2646 
0.4944 0.0750 0.4191 0.0115 
0.1178 0.0263 0.0252 0.8306 
0.0293 0.0434 0.1406 0.7867 
0.2494 0.0726 0.5342 0.1438 
0.0633 0.6632 0.0560 0.2175 
0.1677 0.1121 0.6344 0.0858 
0.1267 0.5301 0.0287 0.3145 

MOTIF filter2 
letter-probability matrix: alength= 4 w= 9 nsites= 9 
0.0398 0.3806 0.3201 0.2594 
0.0862 0.5653 0.1735 0.1751 
0.5611 0.0863 0.2640 0.0886 
0.0119 0.7637 0.0762 0.1482 
0.0417 0.0192 0.0158 0.9233 
0.0129 0.0231 0.0123 0.9517 
0.0129 0.9678 0.0102 0.0091 
0.0331 0.9164 0.0183 0.0323 
0.0177 0.0238 0.8401 0.1184 

MOTIF filter3 
letter-probability matrix: alength= 4 w= 9 nsites= 9 
0.8137 0.0567 0.0988 0.0308 
0.3648 0.2007 0.3645 0.0700 
0.9412 0.0107 0.0357 0.0124 
0.0223 0.0113 0.0545 0.9118 
0.0977 0.0121 0.8836 0.0066 
0.0165 0.0212 0.9379 0.0244 
0.1408 0.7646 0.0066 0.0879 
0.1576 0.1993 0.3984 0.2448 
0.1557 0.1004 0.6479 0.0960 

MOTIF filter4 
letter-probability matrix: alength= 4 w= 9 nsites= 9 
0.0255 0.7686 0.1168 0.0890 
0.0236 0.8785 0.0305 0.0674 
0.5236 0.0503 0.0689 0.3573 
0.1151 0.0329 0.0315 0.8205 
0.7759 0.0863 0.0904 0.0474 
0.0497 0.0822 0.0445 0.8236 
0.7401 0.0587 0.0312 0.1700 
0.2983 0.0523 0.0188 0.6306 
0.0999 0.0857 0.8043 0.0100 

MOTIF filter5 
letter-probability matrix: alength= 4 w= 9 nsites= 9 
0.0147 0.0186 0.0324 0.9343 
0.0346 0.0078 0.8448 0.1129 
0.9323 0.0258 0.0137 0.0282 
0.0518 0.4357 0.4561 0.0563 
0.0243 0.0237 0.0274 0.9247 
0.0815 0.8715 0.0249 0.0220 
0.9107 0.0177 0.0494 0.0222 
0.0710 0.3322 0.2465 0.3502 
0.2341 0.2928 0.2470 0.2262 

MOTIF filter6 
letter-probability matrix: alength= 4 w= 9 nsites= 9 
0.2292 0.2586 0.2435 0.2688 
0.2746 0.2586 0.2136 0.2532 
0.2855 0.2139 0.2522 0.2484 
0.5702 0.0369 0.0139 0.3790 
0.0499 0.0075 0.0118 0.9307 
0.0688 0.1439 0.0138 0.7735 
0.7348 0.0177 0.1851 0.0624 
0.8927 0.0330 0.0133 0.0609 
0.3304 0.0187 0.0071 0.6438 

MOTIF filter7 
letter-probability matrix: alength= 4 w= 9 nsites= 9 
0.2507 0.0217 0.5327 0.1950 
0.3038 0.0281 0.6431 0.0250 
0.0409 0.0442 0.8861 0.0287 
0.0504 0.0255 0.8912 0.0329 
0.3092 0.4690 0.0138 0.2081 
0.0451 0.0252 0.8803 0.0494 
0.0444 0.0237 0.9074 0.0246 
0.2957 0.0348 0.6077 0.0618 
0.2703 0.1481 0.5513 0.0304 

MOTIF filter8 
letter-probability matrix: alength= 4 w= 9 nsites= 9 
0.0978 0.1334 0.5359 0.2329 
0.4043 0.3529 0.1021 0.1407 
0.0809 0.7774 0.1168 0.0248 
0.0287 0.7003 0.1102 0.1609 
0.5596 0.0641 0.1498 0.2264 
0.2263 0.0279 0.0734 0.6724 
0.7931 0.0757 0.1168 0.0145 
0.0160 0.1742 0.1580 0.6518 
0.7782 0.0649 0.0044 0.1526 

MOTIF filter9 
letter-probability matrix: alength= 4 w= 9 nsites= 9 
0.2505 0.2562 0.2364 0.2569 
0.1965 0.2208 0.1894 0.3934 
0.0151 0.0153 0.0154 0.9543 
0.0288 0.0636 0.0817 0.8259 
0.1757 0.7487 0.0374 0.0382 
0.0991 0.5713 0.0352 0.2944 
0.2458 0.2265 0.2612 0.2664 
0.3259 0.0302 0.5376 0.1062 
0.0699 0.0407 0.6668 0.2225 

MOTIF filter10 
letter-probability matrix: alength= 4 w= 9 nsites= 9 
0.1027 0.4783 0.2413 0.1778 
0.0442 0.2805 0.0711 0.6042 
0.0680 0.3055 0.4909 0.1356 
0.8927 0.0309 0.0498 0.0265 
0.0269 0.0204 0.0333 0.9194 
0.0359 0.0265 0.0408 0.8967 
0.0462 0.0165 0.9148 0.0224 
0.0323 0.0456 0.8921 0.0301 
0.1371 0.3730 0.0488 0.4411 

MOTIF filter11 
letter-probability matrix: alength= 4 w= 9 nsites= 9 
0.3763 0.1013 0.3067 0.2157 
0.0761 0.8303 0.0633 0.0303 
0.0640 0.8390 0.0385 0.0586 
0.8700 0.0310 0.0405 0.0585 
0.8408 0.0603 0.0634 0.0355 
0.0251 0.0269 0.0330 0.9150 
0.1139 0.5313 0.2975 0.0572 
0.5963 0.0815 0.2998 0.0225 
0.1812 0.2199 0.4891 0.1098 

MOTIF filter12 
letter-probability matrix: alength= 4 w= 9 nsites= 9 
0.3161 0.0155 0.0158 0.6526 
0.1853 0.4973 0.1043 0.2131 
0.4674 0.0142 0.0282 0.4902 
0.0220 0.0095 0.8735 0.0949 
0.1257 0.8179 0.0098 0.0466 
0.5333 0.0188 0.0183 0.4297 
0.1833 0.1710 0.4226 0.2231 
0.6045 0.0505 0.0131 0.3318 
0.2317 0.2250 0.1445 0.3988 

MOTIF filter13 
letter-probability matrix: alength= 4 w= 9 nsites= 9 
0.1183 0.6507 0.0880 0.1429 
0.2498 0.2865 0.2841 0.1796 
0.1281 0.0376 0.6529 0.1814 
0.0193 0.9009 0.0380 0.0418 
0.0974 0.8829 0.0052 0.0145 
0.8409 0.0322 0.0782 0.0487 
0.0340 0.0057 0.0290 0.9313 
0.0729 0.3831 0.1742 0.3699 
0.0758 0.1575 0.0279 0.7387 

MOTIF filter14 
letter-probability matrix: alength= 4 w= 9 nsites= 9 
0.0581 0.6521 0.0160 0.2738 
0.0187 0.9271 0.0272 0.0269 
0.0255 0.9209 0.0290 0.0247 
0.1915 0.0204 0.4598 0.3282 
0.0288 0.9332 0.0229 0.0151 
0.0228 0.9220 0.0327 0.0225 
0.0246 0.6096 0.0202 0.3456 
0.1826 0.5904 0.0223 0.2047 
0.1282 0.4604 0.1375 0.2739 

MOTIF filter15 
letter-probability matrix: alength= 4 w= 9 nsites= 9 
0.4977 0.0982 0.2951 0.1090 
0.0302 0.7170 0.1152 0.1376 
0.0723 0.0525 0.0341 0.8410 
0.0557 0.0528 0.0364 0.8551 
0.0575 0.8917 0.0298 0.0211 
0.0365 0.9004 0.0296 0.0334 
0.0224 0.0360 0.7437 0.1979 
0.0155 0.2728 0.6856 0.0261 
0.2522 0.3494 0.1575 0.2408 

MOTIF filter16 
letter-probability matrix: alength= 4 w= 7 nsites= 7 
0.2924 0.0264 0.6494 0.0318 
0.1393 0.0403 0.6904 0.1299 
0.8344 0.0253 0.1134 0.0268 
0.9554 0.0233 0.0103 0.0110 
0.4422 0.1602 0.2534 0.1442 
0.2628 0.2294 0.2218 0.2860 
0.2588 0.2111 0.3053 0.2248 

MOTIF filter17 
letter-probability matrix: alength= 4 w= 9 nsites= 9 
0.2755 0.1815 0.2217 0.3213 
0.0525 0.0522 0.0190 0.8763 
0.0174 0.0219 0.9289 0.0318 
0.1945 0.7666 0.0123 0.0266 
0.0125 0.0195 0.0214 0.9466 
0.0211 0.0124 0.8750 0.0915 
0.9453 0.0173 0.0277 0.0097 
0.1043 0.3873 0.3498 0.1585 
0.2309 0.1456 0.1104 0.5131 

MOTIF filter18 
letter-probability matrix: alength= 4 w= 9 nsites= 9 
0.1133 0.8397 0.0263 0.0207 
0.0235 0.0192 0.9322 0.0251 
0.0293 0.0427 0.9073 0.0207 
0.9176 0.0406 0.0195 0.0224 
0.9371 0.0262 0.0167 0.0200 
0.1320 0.0810 0.7630 0.0240 
0.0946 0.2935 0.0888 0.5232 
0.2309 0.1521 0.4819 0.1351 
0.2601 0.3033 0.3532 0.0835 

MOTIF filter19 
letter-probability matrix: alength= 4 w= 9 nsites= 9 
0.0737 0.7656 0.0061 0.1546 
0.0317 0.0595 0.0253 0.8834 
0.8897 0.0297 0.0421 0.0385 
0.4196 0.0117 0.0517 0.5170 
0.4290 0.0402 0.0177 0.5132 
0.5054 0.0262 0.0250 0.4434 
0.6116 0.0441 0.0271 0.3172 
0.0088 0.0345 0.0564 0.9003 
0.9181 0.0277 0.0045 0.0498 

MOTIF filter20 
letter-probability matrix: alength= 4 w= 9 nsites= 9 
0.0543 0.0545 0.0687 0.8225 
0.0434 0.0421 0.2463 0.6683 
0.3123 0.0469 0.4134 0.2274 
0.1322 0.5500 0.0968 0.2210 
0.2488 0.1037 0.5310 0.1165 
0.2233 0.4612 0.0205 0.2949 
0.7543 0.1797 0.0370 0.0290 
0.9141 0.0266 0.0296 0.0298 
0.0860 0.3226 0.1934 0.3980 

MOTIF filter21 
letter-probability matrix: alength= 4 w= 9 nsites= 9 
0.3614 0.2125 0.2566 0.1695 
0.2739 0.2749 0.3176 0.1336 
0.0644 0.9087 0.0163 0.0106 
0.8786 0.0149 0.0632 0.0433 
0.0220 0.8550 0.0441 0.0789 
0.0888 0.0097 0.8899 0.0116 
0.0592 0.0648 0.0112 0.8648 
0.0122 0.0236 0.9534 0.0108 
0.2370 0.2432 0.2764 0.2434 

MOTIF filter22 
letter-probability matrix: alength= 4 w= 9 nsites= 9 
0.2433 0.2386 0.2674 0.2507 
0.2007 0.5688 0.1214 0.1091 
0.9321 0.0178 0.0336 0.0165 
0.7522 0.0641 0.1380 0.0457 
0.2815 0.2298 0.3675 0.1212 
0.9324 0.0186 0.0202 0.0288 
0.0179 0.0384 0.0172 0.9265 
0.0509 0.0305 0.8541 0.0646 
0.0321 0.0189 0.9299 0.0191 

MOTIF filter23 
letter-probability matrix: alength= 4 w= 9 nsites= 9 
0.4703 0.1122 0.1479 0.2697 
0.2164 0.3285 0.3516 0.1035 
0.0186 0.0308 0.0183 0.9322 
0.1143 0.8506 0.0161 0.0191 
0.9535 0.0187 0.0145 0.0133 
0.0268 0.0202 0.7436 0.2095 
0.0319 0.9168 0.0282 0.0231 
0.8519 0.0349 0.0578 0.0554 
0.3401 0.2242 0.1126 0.3230 

MOTIF filter24 
letter-probability matrix: alength= 4 w= 9 nsites= 9 
0.3756 0.2055 0.2696 0.1492 
0.2146 0.3404 0.2730 0.1721 
0.0158 0.9437 0.0309 0.0096 
0.8546 0.0296 0.0693 0.0465 
0.0117 0.8665 0.0107 0.1110 
0.1184 0.0337 0.8215 0.0264 
0.0387 0.0715 0.0142 0.8757 
0.0276 0.0171 0.9184 0.0368 
0.1490 0.3138 0.2950 0.2421 

MOTIF filter25 
letter-probability matrix: alength= 4 w= 9 nsites= 9 
0.5226 0.1907 0.1878 0.0989 
0.0170 0.2611 0.0891 0.6328 
0.0741 0.3146 0.3283 0.2830 
0.3826 0.0867 0.5245 0.0061 
0.4220 0.0234 0.3933 0.1613 
0.0025 0.9668 0.0054 0.0252 
0.0054 0.9275 0.0313 0.0357 
0.9110 0.0386 0.0435 0.0069 
0.8682 0.0282 0.0461 0.0575 

MOTIF filter26 
letter-probability matrix: alength= 4 w= 9 nsites= 9 
0.0906 0.1252 0.0842 0.7000 
0.7832 0.0177 0.0971 0.1019 
0.3415 0.0337 0.0717 0.5531 
0.4532 0.0606 0.0089 0.4774 
0.4783 0.0222 0.0723 0.4272 
0.5564 0.0606 0.0158 0.3672 
0.1431 0.0359 0.0923 0.7287 
0.7578 0.0597 0.1564 0.0261 
0.2306 0.0446 0.6223 0.1025 

MOTIF filter27 
letter-probability matrix: alength= 4 w= 9 nsites= 9 
0.2623 0.3148 0.2169 0.2061 
0.2339 0.0596 0.4483 0.2582 
0.0443 0.8431 0.0520 0.0606 
0.0319 0.7649 0.0648 0.1384 
0.8130 0.0625 0.0574 0.0672 
0.0387 0.0741 0.0372 0.8501 
0.0879 0.3273 0.2304 0.3544 
0.0828 0.1502 0.1262 0.6408 
0.0392 0.0417 0.0044 0.9147 

MOTIF filter28 
letter-probability matrix: alength= 4 w= 9 nsites= 9 
0.6031 0.1736 0.2146 0.0087 
0.1141 0.1321 0.2186 0.5352 
0.5474 0.1311 0.0392 0.2822 
0.2871 0.1635 0.1113 0.4381 
0.1164 0.1870 0.5615 0.1351 
0.0231 0.0766 0.7945 0.1058 
0.2056 0.1702 0.3017 0.3225 
0.2876 0.3714 0.1728 0.1683 
0.4326 0.1173 0.1848 0.2653 

MOTIF filter29 
letter-probability matrix: alength= 4 w= 9 nsites= 9 
0.2373 0.1088 0.0451 0.6088 
0.0223 0.0505 0.9239 0.0034 
0.0197 0.3438 0.4115 0.2250 
0.0143 0.7566 0.0502 0.1789 
0.3384 0.1104 0.4662 0.0850 
0.3167 0.2557 0.3499 0.0777 
0.0763 0.8600 0.0320 0.0318 
0.3797 0.1433 0.1753 0.3018 
0.2807 0.1339 0.1694 0.4160 

