MEME version 4

ALPHABET= ACGT

Background letter frequencies:
A 0.2500 C 0.2500 G 0.2500 T 0.2500 

MOTIF filter0 
letter-probability matrix: alength= 4 w= 19 nsites= 19 
0.2001 0.2296 0.1530 0.4173 
0.1552 0.1642 0.4368 0.2438 
0.3351 0.2987 0.1938 0.1724 
0.0435 0.8168 0.0794 0.0602 
0.0109 0.8493 0.0579 0.0819 
0.4944 0.0513 0.0779 0.3765 
0.1454 0.0053 0.0445 0.8048 
0.9066 0.0373 0.0466 0.0096 
0.0063 0.0578 0.0663 0.8696 
0.7966 0.0348 0.0096 0.1591 
0.2595 0.0680 0.0566 0.6159 
0.1133 0.0910 0.7517 0.0440 
0.0342 0.0474 0.8694 0.0491 
0.2246 0.1652 0.3174 0.2929 
0.2359 0.4536 0.1985 0.1120 
0.4570 0.1264 0.1683 0.2484 
0.2389 0.2748 0.2230 0.2633 
0.2372 0.2182 0.2677 0.2769 
0.2549 0.2610 0.2203 0.2638 

MOTIF filter1 
letter-probability matrix: alength= 4 w= 19 nsites= 19 
0.2006 0.2771 0.2798 0.2425 
0.2731 0.2414 0.2351 0.2503 
0.2615 0.1854 0.1069 0.4463 
0.1040 0.1818 0.4074 0.3067 
0.3069 0.3474 0.1311 0.2146 
0.0416 0.8665 0.0505 0.0414 
0.0218 0.8444 0.0422 0.0915 
0.5053 0.0558 0.0968 0.3421 
0.1489 0.0099 0.0218 0.8194 
0.9244 0.0207 0.0409 0.0139 
0.0162 0.0321 0.0409 0.9108 
0.8369 0.0363 0.0118 0.1151 
0.3007 0.0531 0.0757 0.5706 
0.0812 0.0691 0.8197 0.0299 
0.0369 0.0474 0.8764 0.0393 
0.1782 0.1195 0.3900 0.3123 
0.3001 0.4727 0.1480 0.0792 
0.4220 0.1628 0.1746 0.2405 
0.2391 0.2551 0.2422 0.2636 

MOTIF filter2 
letter-probability matrix: alength= 4 w= 19 nsites= 19 
0.2708 0.2352 0.2988 0.1952 
0.2551 0.2641 0.2555 0.2253 
0.2123 0.2908 0.1805 0.3164 
0.0931 0.1032 0.2121 0.5916 
0.0082 0.1174 0.0071 0.8673 
0.0088 0.3552 0.1105 0.5254 
0.1740 0.8010 0.0163 0.0087 
0.1338 0.2992 0.0120 0.5550 
0.5019 0.0088 0.4104 0.0789 
0.0149 0.0130 0.9100 0.0620 
0.4293 0.0515 0.4797 0.0395 
0.9466 0.0043 0.0434 0.0057 
0.7297 0.1420 0.0613 0.0669 
0.4064 0.1214 0.2180 0.2543 
0.2947 0.2573 0.2173 0.2307 
0.2582 0.2527 0.2678 0.2214 
0.2557 0.2686 0.2534 0.2223 
0.2461 0.2246 0.2461 0.2833 
0.2911 0.2306 0.2547 0.2237 

MOTIF filter3 
letter-probability matrix: alength= 4 w= 19 nsites= 19 
0.2390 0.2835 0.2462 0.2313 
0.2427 0.2883 0.2090 0.2600 
0.2805 0.1791 0.4063 0.1341 
0.2050 0.0154 0.5518 0.2279 
0.3214 0.0170 0.6464 0.0152 
0.0153 0.0220 0.9450 0.0177 
0.0159 0.0400 0.9273 0.0169 
0.3260 0.4778 0.0138 0.1824 
0.0340 0.0215 0.9184 0.0261 
0.0164 0.0292 0.9350 0.0194 
0.2677 0.0263 0.6551 0.0508 
0.2984 0.1429 0.5432 0.0155 
0.1855 0.4031 0.2548 0.1566 
0.2859 0.2768 0.2075 0.2298 
0.2699 0.2494 0.2110 0.2698 
0.3159 0.1881 0.2558 0.2402 
0.2978 0.2759 0.2068 0.2195 
0.2683 0.2274 0.2674 0.2368 
0.2250 0.2389 0.2842 0.2518 

MOTIF filter4 
letter-probability matrix: alength= 4 w= 19 nsites= 19 
0.0073 0.1995 0.6398 0.1534 
0.5031 0.1578 0.1033 0.2359 
0.2776 0.2362 0.2555 0.2306 
0.2429 0.5062 0.0146 0.2363 
0.0302 0.4274 0.2933 0.2492 
0.2434 0.4094 0.1193 0.2280 
0.6725 0.1031 0.2152 0.0092 
0.0746 0.4806 0.2778 0.1669 
0.2942 0.1489 0.4736 0.0833 
0.0456 0.2610 0.2298 0.4636 
0.1408 0.2525 0.0104 0.5964 
0.3467 0.4751 0.1180 0.0602 
0.0650 0.6091 0.2010 0.1249 
0.1711 0.2926 0.2726 0.2637 
0.1102 0.2884 0.4773 0.1241 
0.2986 0.2058 0.2498 0.2458 
0.2841 0.1697 0.4797 0.0664 
0.0775 0.3477 0.4018 0.1730 
0.3044 0.0337 0.4748 0.1871 

MOTIF filter5 
letter-probability matrix: alength= 4 w= 19 nsites= 19 
0.2287 0.2301 0.2894 0.2518 
0.2675 0.2367 0.2564 0.2394 
0.2722 0.2561 0.2504 0.2214 
0.2605 0.2461 0.2394 0.2540 
0.1563 0.0833 0.4021 0.3583 
0.0416 0.7482 0.0172 0.1930 
0.0311 0.0109 0.0376 0.9204 
0.9386 0.0128 0.0370 0.0116 
0.2370 0.0110 0.0711 0.6808 
0.2455 0.0158 0.0135 0.7252 
0.3814 0.0176 0.0403 0.5607 
0.5395 0.0240 0.0117 0.4248 
0.0575 0.0159 0.0524 0.8743 
0.9147 0.0120 0.0632 0.0101 
0.1583 0.0463 0.6288 0.1665 
0.3286 0.3717 0.1393 0.1603 
0.2099 0.2311 0.3025 0.2565 
0.2501 0.2528 0.2673 0.2298 
0.2127 0.2924 0.2330 0.2618 

MOTIF filter6 
letter-probability matrix: alength= 4 w= 19 nsites= 19 
0.2614 0.2479 0.2237 0.2670 
0.2495 0.2380 0.2709 0.2416 
0.2626 0.2736 0.2220 0.2418 
0.2863 0.3839 0.1174 0.2125 
0.2960 0.2171 0.1082 0.3787 
0.3060 0.2071 0.2764 0.2106 
0.4124 0.1443 0.1831 0.2602 
0.2086 0.3267 0.3500 0.1146 
0.0195 0.0330 0.0148 0.9327 
0.1111 0.8540 0.0188 0.0161 
0.9526 0.0149 0.0180 0.0145 
0.0177 0.0146 0.7768 0.1909 
0.0153 0.9455 0.0199 0.0193 
0.8420 0.0349 0.0160 0.1071 
0.2970 0.1867 0.2033 0.3129 
0.3745 0.1294 0.0762 0.4199 
0.3423 0.1508 0.0681 0.4388 
0.2817 0.1980 0.0904 0.4298 
0.2434 0.2437 0.2548 0.2580 

MOTIF filter7 
letter-probability matrix: alength= 4 w= 19 nsites= 19 
0.2233 0.2758 0.2563 0.2445 
0.3438 0.1285 0.3785 0.1493 
0.2786 0.0123 0.5680 0.1411 
0.3994 0.0166 0.5703 0.0138 
0.0315 0.0286 0.9201 0.0198 
0.0278 0.0141 0.9357 0.0224 
0.3250 0.3963 0.0155 0.2633 
0.1090 0.0198 0.8559 0.0153 
0.0176 0.0129 0.9512 0.0182 
0.3035 0.0126 0.5886 0.0953 
0.2725 0.2232 0.4885 0.0158 
0.2403 0.3370 0.2546 0.1681 
0.2429 0.2460 0.2795 0.2317 
0.2949 0.2393 0.2312 0.2346 
0.2193 0.2846 0.2776 0.2184 
0.2467 0.2353 0.2703 0.2476 
0.2265 0.2661 0.2285 0.2790 
0.2796 0.3212 0.1880 0.2111 
0.2269 0.2423 0.3201 0.2107 

MOTIF filter8 
letter-probability matrix: alength= 4 w= 19 nsites= 19 
0.0168 0.6007 0.1455 0.2370 
0.0192 0.6299 0.0168 0.3341 
0.0238 0.9346 0.0236 0.0179 
0.0216 0.9368 0.0238 0.0178 
0.1795 0.0130 0.4508 0.3567 
0.0289 0.9283 0.0199 0.0229 
0.0425 0.9219 0.0192 0.0164 
0.0182 0.6448 0.0162 0.3208 
0.2416 0.5502 0.0149 0.1933 
0.1109 0.4665 0.1644 0.2582 
0.2143 0.3082 0.2832 0.1943 
0.2464 0.2374 0.2255 0.2906 
0.2276 0.2649 0.2688 0.2386 
0.2503 0.2742 0.2348 0.2408 
0.2476 0.2780 0.2496 0.2248 
0.2079 0.3211 0.2205 0.2505 
0.2610 0.2555 0.2281 0.2554 
0.2463 0.2539 0.2217 0.2782 
0.2290 0.2643 0.2681 0.2386 

MOTIF filter9 
letter-probability matrix: alength= 4 w= 19 nsites= 19 
0.2758 0.2279 0.2380 0.2583 
0.1926 0.2115 0.3244 0.2715 
0.0765 0.3768 0.2620 0.2847 
0.1407 0.4733 0.1850 0.2010 
0.5430 0.0701 0.3007 0.0862 
0.0128 0.7726 0.0706 0.1439 
0.0126 0.0136 0.0185 0.9553 
0.0123 0.0090 0.0111 0.9677 
0.0121 0.9648 0.0097 0.0135 
0.0161 0.9555 0.0158 0.0126 
0.0196 0.0268 0.7872 0.1664 
0.0179 0.2902 0.5936 0.0983 
0.2429 0.2468 0.2525 0.2579 
0.1995 0.2587 0.2599 0.2819 
0.2337 0.2644 0.2131 0.2888 
0.2706 0.2178 0.2851 0.2265 
0.2558 0.2528 0.2212 0.2702 
0.2350 0.2408 0.2398 0.2844 
0.2204 0.2472 0.2733 0.2591 

MOTIF filter10 
letter-probability matrix: alength= 4 w= 19 nsites= 19 
0.2873 0.2137 0.2588 0.2402 
0.2342 0.2854 0.2050 0.2755 
0.2310 0.2561 0.2842 0.2286 
0.1707 0.3274 0.2418 0.2601 
0.1947 0.3529 0.2189 0.2334 
0.3998 0.1640 0.2938 0.1424 
0.1212 0.5531 0.1653 0.1604 
0.1381 0.1204 0.1030 0.6386 
0.1070 0.1276 0.1154 0.6500 
0.0236 0.8747 0.0971 0.0045 
0.0607 0.9306 0.0039 0.0048 
0.0042 0.0038 0.9296 0.0624 
0.0050 0.1188 0.8690 0.0073 
0.5880 0.1420 0.1264 0.1436 
0.6227 0.1454 0.1326 0.0993 
0.1710 0.1636 0.5280 0.1373 
0.1419 0.2824 0.1390 0.4367 
0.2475 0.2316 0.3613 0.1597 
0.2700 0.2522 0.3268 0.1510 

MOTIF filter11 
letter-probability matrix: alength= 4 w= 19 nsites= 19 
0.2555 0.2279 0.2823 0.2343 
0.2484 0.1481 0.4805 0.1230 
0.1840 0.0153 0.6465 0.1542 
0.2979 0.0120 0.6783 0.0118 
0.0168 0.0175 0.9497 0.0160 
0.0243 0.0142 0.9468 0.0146 
0.3621 0.4037 0.0124 0.2218 
0.0258 0.0246 0.9345 0.0151 
0.0152 0.0170 0.9482 0.0195 
0.2721 0.0163 0.6701 0.0415 
0.2362 0.0891 0.6594 0.0153 
0.2764 0.4157 0.2178 0.0900 
0.2032 0.2923 0.2641 0.2405 
0.2384 0.3223 0.2337 0.2056 
0.2338 0.2916 0.2245 0.2502 
0.2528 0.2226 0.2197 0.3049 
0.2257 0.2311 0.2957 0.2476 
0.2632 0.2126 0.2829 0.2412 
0.2801 0.2311 0.1974 0.2914 

MOTIF filter12 
letter-probability matrix: alength= 4 w= 19 nsites= 19 
0.2614 0.2457 0.2419 0.2510 
0.2703 0.2573 0.2432 0.2292 
0.2583 0.2507 0.2861 0.2049 
0.2628 0.2337 0.2427 0.2609 
0.2852 0.2160 0.2525 0.2463 
0.2189 0.2607 0.2643 0.2561 
0.2686 0.2261 0.2531 0.2521 
0.2723 0.2506 0.2926 0.1845 
0.2806 0.2580 0.2823 0.1791 
0.0869 0.6025 0.2944 0.0162 
0.1754 0.7806 0.0247 0.0193 
0.0145 0.0152 0.9566 0.0137 
0.0141 0.0122 0.9594 0.0142 
0.9728 0.0093 0.0086 0.0092 
0.9565 0.0141 0.0118 0.0176 
0.1586 0.0750 0.7551 0.0113 
0.1045 0.3305 0.0627 0.5022 
0.2019 0.1708 0.4735 0.1539 
0.2665 0.2899 0.3470 0.0967 

MOTIF filter13 
letter-probability matrix: alength= 4 w= 19 nsites= 19 
0.1526 0.4887 0.1762 0.1826 
0.2503 0.3295 0.2414 0.1788 
0.1746 0.0406 0.5854 0.1995 
0.0117 0.9563 0.0124 0.0196 
0.0165 0.9480 0.0192 0.0164 
0.9427 0.0141 0.0279 0.0153 
0.0152 0.0135 0.0110 0.9603 
0.0835 0.3675 0.1993 0.3498 
0.0581 0.1135 0.0559 0.7724 
0.0265 0.0880 0.0150 0.8704 
0.1464 0.1756 0.4582 0.2197 
0.2693 0.2351 0.2572 0.2384 
0.2545 0.2324 0.2556 0.2575 
0.2541 0.2481 0.2404 0.2574 
0.2615 0.2381 0.2362 0.2642 
0.2514 0.2323 0.2502 0.2661 
0.2161 0.2624 0.2603 0.2612 
0.2340 0.2737 0.2415 0.2508 
0.2539 0.2549 0.2611 0.2300 

MOTIF filter14 
letter-probability matrix: alength= 4 w= 19 nsites= 19 
0.2495 0.2777 0.2350 0.2378 
0.2756 0.2637 0.2117 0.2490 
0.3174 0.2211 0.2387 0.2227 
0.3988 0.1747 0.3674 0.0591 
0.0083 0.0278 0.0062 0.9577 
0.0079 0.0101 0.1307 0.8513 
0.2808 0.0080 0.5750 0.1361 
0.0693 0.6942 0.0566 0.1799 
0.1971 0.0558 0.6783 0.0687 
0.1688 0.5011 0.0117 0.3184 
0.8032 0.1778 0.0103 0.0087 
0.9571 0.0096 0.0129 0.0204 
0.0648 0.3376 0.1817 0.4160 
0.2484 0.2900 0.2436 0.2180 
0.2740 0.2337 0.2522 0.2401 
0.2356 0.2680 0.2670 0.2295 
0.2808 0.2387 0.2384 0.2421 
0.2541 0.2545 0.2524 0.2390 
0.2571 0.2413 0.2557 0.2459 

MOTIF filter15 
letter-probability matrix: alength= 4 w= 19 nsites= 19 
0.2791 0.2246 0.1607 0.3357 
0.0091 0.0141 0.0102 0.9666 
0.0093 0.0134 0.0246 0.9527 
0.1672 0.8037 0.0131 0.0160 
0.0312 0.7679 0.0086 0.1923 
0.1576 0.3734 0.1305 0.3385 
0.3473 0.0122 0.5540 0.0865 
0.0099 0.0227 0.7599 0.2075 
0.8855 0.0942 0.0067 0.0136 
0.9194 0.0135 0.0577 0.0094 
0.3084 0.2519 0.2227 0.2170 
0.2536 0.2514 0.2636 0.2315 
0.2678 0.2737 0.2252 0.2333 
0.2525 0.2253 0.2730 0.2491 
0.2650 0.2305 0.2604 0.2440 
0.2228 0.2587 0.2676 0.2509 
0.2695 0.2788 0.2131 0.2385 
0.2521 0.2376 0.2610 0.2494 
0.2659 0.2526 0.2319 0.2496 

MOTIF filter16 
letter-probability matrix: alength= 4 w= 19 nsites= 19 
0.2356 0.2586 0.2379 0.2679 
0.6710 0.0214 0.0096 0.2980 
0.0134 0.0086 0.0121 0.9659 
0.0145 0.1302 0.0112 0.8441 
0.8246 0.0115 0.1479 0.0160 
0.9710 0.0090 0.0076 0.0124 
0.2572 0.0096 0.0206 0.7126 
0.2430 0.2612 0.2572 0.2386 
0.2559 0.2507 0.2369 0.2565 
0.2683 0.2336 0.2204 0.2777 
0.2719 0.2386 0.2542 0.2352 
0.2381 0.2682 0.2488 0.2448 
0.2879 0.2644 0.2183 0.2294 
0.2471 0.2342 0.2686 0.2501 
0.2498 0.2494 0.2545 0.2462 
0.2381 0.2271 0.2668 0.2679 
0.2318 0.2420 0.2653 0.2609 
0.2603 0.2334 0.2407 0.2656 
0.2662 0.2111 0.2636 0.2591 

MOTIF filter17 
letter-probability matrix: alength= 4 w= 19 nsites= 19 
0.2200 0.2703 0.2519 0.2577 
0.2496 0.2057 0.2448 0.2999 
0.2304 0.3066 0.2216 0.2414 
0.2714 0.2712 0.2298 0.2276 
0.2122 0.2716 0.2581 0.2582 
0.2418 0.2806 0.2569 0.2208 
0.2817 0.2833 0.2158 0.2193 
0.0977 0.2003 0.4993 0.2026 
0.0147 0.6007 0.1471 0.2375 
0.0715 0.6454 0.0147 0.2684 
0.0189 0.9569 0.0131 0.0112 
0.0231 0.9306 0.0175 0.0288 
0.2134 0.0127 0.4253 0.3487 
0.0286 0.9366 0.0220 0.0127 
0.0203 0.9508 0.0159 0.0130 
0.0117 0.7141 0.0110 0.2632 
0.1389 0.6310 0.0197 0.2104 
0.0765 0.5564 0.0789 0.2883 
0.2453 0.2602 0.2178 0.2767 

MOTIF filter18 
letter-probability matrix: alength= 4 w= 19 nsites= 19 
0.2416 0.2349 0.2803 0.2432 
0.2985 0.2197 0.2470 0.2347 
0.2444 0.2632 0.2463 0.2461 
0.2596 0.2121 0.2698 0.2586 
0.4359 0.2550 0.2506 0.0585 
0.0264 0.0170 0.0095 0.9471 
0.0109 0.0080 0.1612 0.8199 
0.4414 0.0109 0.3924 0.1553 
0.0218 0.8283 0.0194 0.1304 
0.1720 0.0439 0.7334 0.0507 
0.1125 0.7651 0.0076 0.1147 
0.9464 0.0361 0.0085 0.0090 
0.9611 0.0175 0.0090 0.0124 
0.0116 0.4017 0.0893 0.4973 
0.3116 0.2341 0.2236 0.2307 
0.2433 0.2587 0.2730 0.2251 
0.2234 0.2692 0.2821 0.2252 
0.2281 0.2655 0.2580 0.2484 
0.2571 0.2492 0.2334 0.2603 

MOTIF filter19 
letter-probability matrix: alength= 4 w= 19 nsites= 19 
0.1854 0.5473 0.0688 0.1985 
0.3042 0.2770 0.1594 0.2594 
0.1209 0.5045 0.1415 0.2331 
0.1101 0.3010 0.4875 0.1014 
0.0704 0.3687 0.2500 0.3109 
0.1051 0.0079 0.5457 0.3413 
0.1517 0.2856 0.1244 0.4382 
0.0685 0.3034 0.2420 0.3861 
0.1002 0.4086 0.2343 0.2569 
0.3489 0.1327 0.2204 0.2980 
0.3766 0.1558 0.3349 0.1327 
0.6264 0.0377 0.2995 0.0364 
0.2858 0.4561 0.2475 0.0107 
0.0790 0.2001 0.5144 0.2064 
0.2822 0.1530 0.1871 0.3777 
0.0121 0.3761 0.0092 0.6026 
0.2655 0.1196 0.2830 0.3320 
0.2391 0.5449 0.0532 0.1628 
0.0633 0.2560 0.6294 0.0513 

MOTIF filter20 
letter-probability matrix: alength= 4 w= 19 nsites= 19 
0.2458 0.3164 0.2577 0.1801 
0.0211 0.9527 0.0146 0.0115 
0.8991 0.0210 0.0374 0.0425 
0.0217 0.8764 0.0216 0.0803 
0.0819 0.0255 0.8804 0.0123 
0.0292 0.0526 0.0189 0.8993 
0.0161 0.0155 0.9419 0.0265 
0.2074 0.2314 0.3065 0.2548 
0.1878 0.2312 0.2008 0.3802 
0.2484 0.2669 0.2344 0.2503 
0.2548 0.2443 0.2504 0.2505 
0.2642 0.2375 0.2705 0.2278 
0.2481 0.2513 0.2738 0.2267 
0.2280 0.2459 0.2680 0.2580 
0.2551 0.2493 0.2414 0.2542 
0.2245 0.2816 0.2606 0.2333 
0.2881 0.2248 0.2289 0.2582 
0.2733 0.2340 0.2400 0.2527 
0.2397 0.2362 0.2861 0.2381 

MOTIF filter21 
letter-probability matrix: alength= 4 w= 19 nsites= 19 
0.2573 0.2466 0.2447 0.2514 
0.2783 0.2485 0.2399 0.2332 
0.2311 0.2470 0.2814 0.2405 
0.3842 0.2081 0.3498 0.0579 
0.0137 0.0125 0.0124 0.9613 
0.0153 0.0112 0.9037 0.0697 
0.9578 0.0120 0.0174 0.0127 
0.0475 0.4584 0.4447 0.0494 
0.0140 0.0149 0.0153 0.9557 
0.0698 0.9056 0.0099 0.0147 
0.9591 0.0123 0.0157 0.0129 
0.0563 0.3515 0.2212 0.3711 
0.2403 0.2894 0.2434 0.2269 
0.2427 0.2484 0.2616 0.2474 
0.2454 0.2494 0.2550 0.2501 
0.2521 0.2550 0.2429 0.2500 
0.2825 0.2393 0.2475 0.2307 
0.2235 0.2512 0.2677 0.2575 
0.2307 0.2572 0.2483 0.2638 

MOTIF filter22 
letter-probability matrix: alength= 4 w= 19 nsites= 19 
0.2744 0.2706 0.2071 0.2479 
0.2419 0.2633 0.2676 0.2273 
0.2238 0.2488 0.2611 0.2662 
0.2633 0.2382 0.2489 0.2496 
0.2324 0.2784 0.2562 0.2330 
0.2567 0.2228 0.2796 0.2409 
0.2331 0.2812 0.2290 0.2567 
0.1741 0.2463 0.1971 0.3825 
0.0062 0.0526 0.0069 0.9344 
0.0059 0.0076 0.0682 0.9184 
0.1707 0.8013 0.0202 0.0077 
0.0728 0.5930 0.0059 0.3282 
0.2937 0.1479 0.3007 0.2577 
0.2709 0.0079 0.6917 0.0296 
0.0127 0.0149 0.8298 0.1426 
0.9591 0.0265 0.0068 0.0076 
0.9773 0.0095 0.0081 0.0051 
0.3952 0.1565 0.2124 0.2359 
0.2685 0.2669 0.2446 0.2200 

MOTIF filter23 
letter-probability matrix: alength= 4 w= 19 nsites= 19 
0.2442 0.2828 0.2512 0.2218 
0.2423 0.2681 0.2487 0.2409 
0.2692 0.2294 0.2522 0.2492 
0.2404 0.2601 0.2488 0.2507 
0.2491 0.2523 0.2496 0.2490 
0.2459 0.2266 0.2623 0.2651 
0.2249 0.4281 0.1755 0.1714 
0.8404 0.0210 0.1052 0.0334 
0.7596 0.0748 0.1173 0.0483 
0.3023 0.2249 0.3800 0.0928 
0.9443 0.0176 0.0211 0.0169 
0.0210 0.0361 0.0250 0.9178 
0.0286 0.0200 0.9350 0.0165 
0.0487 0.0188 0.9150 0.0175 
0.2043 0.5653 0.0364 0.1941 
0.1730 0.2448 0.3180 0.2642 
0.1867 0.1962 0.4364 0.1807 
0.2277 0.4543 0.1060 0.2121 
0.2394 0.2590 0.2391 0.2625 

MOTIF filter24 
letter-probability matrix: alength= 4 w= 19 nsites= 19 
0.2547 0.2590 0.2156 0.2707 
0.2819 0.2031 0.2318 0.2832 
0.2515 0.2393 0.2706 0.2386 
0.2392 0.2697 0.2423 0.2488 
0.1080 0.1987 0.4524 0.2408 
0.0126 0.4926 0.1698 0.3251 
0.0830 0.6384 0.0149 0.2638 
0.0112 0.9497 0.0189 0.0202 
0.0152 0.8942 0.0128 0.0779 
0.2120 0.0092 0.4334 0.3454 
0.0182 0.9560 0.0122 0.0135 
0.0114 0.9417 0.0212 0.0256 
0.0108 0.6404 0.0110 0.3378 
0.2153 0.4978 0.0110 0.2759 
0.1974 0.3890 0.1709 0.2427 
0.1887 0.2086 0.3224 0.2803 
0.2555 0.2835 0.2407 0.2203 
0.2283 0.2622 0.2687 0.2409 
0.2425 0.2768 0.2275 0.2532 

MOTIF filter25 
letter-probability matrix: alength= 4 w= 19 nsites= 19 
0.2507 0.2398 0.2576 0.2518 
0.2447 0.2559 0.2660 0.2334 
0.2376 0.2604 0.2427 0.2593 
0.2687 0.2456 0.2637 0.2220 
0.2714 0.2396 0.2339 0.2552 
0.2801 0.2598 0.2300 0.2301 
0.2534 0.2605 0.2376 0.2485 
0.3924 0.2122 0.2440 0.1513 
0.2330 0.3137 0.3074 0.1459 
0.0267 0.9430 0.0151 0.0152 
0.9019 0.0122 0.0527 0.0332 
0.0124 0.8983 0.0228 0.0665 
0.0817 0.0189 0.8839 0.0155 
0.0389 0.0606 0.0176 0.8830 
0.0097 0.0136 0.9447 0.0320 
0.1786 0.3010 0.2861 0.2344 
0.1610 0.2539 0.1989 0.3862 
0.2629 0.2514 0.2494 0.2364 
0.2355 0.2658 0.2422 0.2566 

MOTIF filter26 
letter-probability matrix: alength= 4 w= 19 nsites= 19 
0.0194 0.0790 0.0117 0.8899 
0.9155 0.0312 0.0200 0.0333 
0.4830 0.0123 0.0187 0.4860 
0.5563 0.0165 0.0127 0.4146 
0.7182 0.0102 0.0144 0.2572 
0.7535 0.0407 0.0131 0.1927 
0.0075 0.0420 0.0084 0.9421 
0.9219 0.0359 0.0088 0.0335 
0.1906 0.0411 0.7363 0.0321 
0.4282 0.3397 0.0893 0.1428 
0.2794 0.2626 0.2437 0.2143 
0.2636 0.2497 0.2646 0.2221 
0.2422 0.2345 0.2506 0.2727 
0.2355 0.2152 0.3017 0.2476 
0.2035 0.2992 0.2255 0.2718 
0.2272 0.3039 0.1863 0.2825 
0.3205 0.2780 0.1953 0.2062 
0.2363 0.3147 0.2327 0.2163 
0.2238 0.1905 0.2470 0.3386 

MOTIF filter27 
letter-probability matrix: alength= 4 w= 19 nsites= 19 
0.2790 0.2293 0.2407 0.2510 
0.1695 0.1133 0.3600 0.3573 
0.1004 0.7132 0.0280 0.1584 
0.0141 0.0443 0.0148 0.9269 
0.9248 0.0285 0.0147 0.0320 
0.4080 0.0093 0.0262 0.5565 
0.5192 0.0212 0.0102 0.4493 
0.6269 0.0098 0.0193 0.3440 
0.6821 0.0415 0.0135 0.2629 
0.0168 0.0336 0.0233 0.9263 
0.9125 0.0314 0.0319 0.0242 
0.2479 0.0333 0.6077 0.1111 
0.3773 0.3063 0.1225 0.1940 
0.2667 0.2338 0.2398 0.2596 
0.2698 0.2473 0.2309 0.2519 
0.2549 0.2733 0.2517 0.2200 
0.2761 0.2493 0.2196 0.2550 
0.2546 0.2594 0.2676 0.2183 
0.2389 0.2269 0.2864 0.2479 

MOTIF filter28 
letter-probability matrix: alength= 4 w= 19 nsites= 19 
0.4576 0.0575 0.1385 0.3464 
0.3866 0.0502 0.1064 0.4568 
0.2816 0.1875 0.1883 0.3426 
0.1159 0.0142 0.0369 0.8329 
0.0164 0.0215 0.9433 0.0188 
0.1548 0.8237 0.0092 0.0123 
0.0201 0.0122 0.0160 0.9518 
0.0176 0.0137 0.8533 0.1154 
0.9367 0.0116 0.0374 0.0142 
0.1189 0.3884 0.2902 0.2025 
0.2532 0.1727 0.1391 0.4350 
0.2627 0.2853 0.1760 0.2760 
0.3979 0.1016 0.2162 0.2843 
0.1742 0.1037 0.4733 0.2488 
0.2396 0.2516 0.2656 0.2431 
0.2728 0.2377 0.2491 0.2404 
0.2244 0.2413 0.2797 0.2546 
0.2509 0.2729 0.2380 0.2382 
0.2422 0.2696 0.2430 0.2453 

MOTIF filter29 
letter-probability matrix: alength= 4 w= 19 nsites= 19 
0.2336 0.2647 0.2273 0.2744 
0.2555 0.2501 0.2330 0.2613 
0.2859 0.2407 0.2365 0.2370 
0.2702 0.2565 0.2190 0.2542 
0.2464 0.2374 0.2354 0.2808 
0.4049 0.1292 0.4167 0.0493 
0.0108 0.0116 0.0116 0.9661 
0.0188 0.0154 0.0779 0.8879 
0.2176 0.0219 0.6193 0.1412 
0.0661 0.7140 0.0589 0.1609 
0.1877 0.0510 0.7133 0.0479 
0.1322 0.4083 0.0215 0.4380 
0.8105 0.1539 0.0181 0.0176 
0.9463 0.0134 0.0222 0.0181 
0.0755 0.3210 0.2572 0.3462 
0.2774 0.2608 0.2072 0.2546 
0.2794 0.2308 0.2390 0.2508 
0.2193 0.2539 0.2302 0.2965 
0.2265 0.2555 0.2523 0.2658 

