MEME version 4

ALPHABET= ACGT

Background letter frequencies:
A 0.2500 C 0.2500 G 0.2500 T 0.2500 

MOTIF filter0 
letter-probability matrix: alength= 4 w= 19 nsites= 19 
0.2339 0.1863 0.1272 0.4526 
0.1089 0.1795 0.4615 0.2501 
0.3550 0.3806 0.1328 0.1316 
0.0176 0.9407 0.0256 0.0161 
0.0102 0.9032 0.0375 0.0491 
0.6242 0.0395 0.0578 0.2785 
0.1437 0.0078 0.0160 0.8325 
0.9403 0.0292 0.0236 0.0068 
0.0081 0.0391 0.0367 0.9160 
0.8756 0.0234 0.0033 0.0977 
0.1869 0.0315 0.0411 0.7405 
0.0536 0.0240 0.9119 0.0105 
0.0147 0.0140 0.9402 0.0311 
0.2322 0.1426 0.3767 0.2484 
0.3005 0.4965 0.1112 0.0918 
0.5373 0.1311 0.1181 0.2136 
0.2077 0.2765 0.3045 0.2114 
0.2740 0.2006 0.2657 0.2597 
0.2677 0.2123 0.2650 0.2550 

MOTIF filter1 
letter-probability matrix: alength= 4 w= 19 nsites= 19 
0.2575 0.2645 0.2288 0.2491 
0.2735 0.2303 0.2294 0.2667 
0.4315 0.1477 0.3668 0.0541 
0.0154 0.0257 0.0151 0.9438 
0.0178 0.0153 0.1417 0.8251 
0.2426 0.0151 0.5811 0.1612 
0.0801 0.6427 0.0691 0.2080 
0.1948 0.0622 0.6871 0.0558 
0.1492 0.4755 0.0201 0.3553 
0.7885 0.1752 0.0179 0.0184 
0.9411 0.0125 0.0214 0.0250 
0.0745 0.3253 0.2099 0.3904 
0.2510 0.2584 0.2630 0.2276 
0.2512 0.2466 0.2391 0.2632 
0.2495 0.2608 0.2169 0.2727 
0.2615 0.2513 0.2397 0.2475 
0.2412 0.2383 0.2811 0.2394 
0.2575 0.2534 0.2371 0.2520 
0.2631 0.2462 0.2401 0.2506 

MOTIF filter2 
letter-probability matrix: alength= 4 w= 19 nsites= 19 
0.2586 0.2337 0.2876 0.2202 
0.2502 0.1979 0.2847 0.2673 
0.2723 0.2236 0.2460 0.2581 
0.2603 0.2428 0.2132 0.2837 
0.2412 0.2804 0.2550 0.2234 
0.2410 0.2593 0.2492 0.2505 
0.2556 0.2450 0.2490 0.2504 
0.0818 0.6731 0.2267 0.0184 
0.1800 0.7742 0.0299 0.0160 
0.0147 0.0111 0.9635 0.0107 
0.0136 0.0167 0.9557 0.0141 
0.9530 0.0245 0.0105 0.0120 
0.9579 0.0132 0.0071 0.0218 
0.1666 0.0781 0.7457 0.0097 
0.0987 0.3407 0.0758 0.4849 
0.1742 0.1719 0.4997 0.1542 
0.2607 0.2973 0.3576 0.0844 
0.2370 0.3137 0.2497 0.1996 
0.2545 0.2274 0.2792 0.2389 

MOTIF filter3 
letter-probability matrix: alength= 4 w= 19 nsites= 19 
0.2468 0.2387 0.2632 0.2513 
0.2305 0.2708 0.2541 0.2446 
0.2606 0.2372 0.2435 0.2587 
0.2618 0.2506 0.2389 0.2486 
0.2515 0.2580 0.2530 0.2374 
0.2433 0.2677 0.2503 0.2387 
0.1447 0.2348 0.3869 0.2336 
0.0149 0.5680 0.1597 0.2573 
0.0516 0.6351 0.0149 0.2984 
0.0205 0.9600 0.0101 0.0093 
0.0157 0.9182 0.0164 0.0496 
0.2041 0.0096 0.4331 0.3532 
0.0237 0.9398 0.0196 0.0169 
0.0217 0.9390 0.0228 0.0164 
0.0116 0.6523 0.0125 0.3236 
0.1899 0.5783 0.0139 0.2179 
0.1209 0.4660 0.1396 0.2735 
0.2213 0.2601 0.2669 0.2518 
0.2361 0.2739 0.2326 0.2575 

MOTIF filter4 
letter-probability matrix: alength= 4 w= 19 nsites= 19 
0.2307 0.2743 0.2621 0.2329 
0.2477 0.2810 0.2292 0.2421 
0.1755 0.2680 0.3013 0.2552 
0.4259 0.2496 0.2859 0.0386 
0.0138 0.0132 0.0113 0.9617 
0.0095 0.0117 0.8915 0.0873 
0.9653 0.0144 0.0081 0.0121 
0.0139 0.4311 0.4976 0.0575 
0.0098 0.0128 0.0113 0.9661 
0.0333 0.9443 0.0108 0.0116 
0.9590 0.0167 0.0132 0.0111 
0.0776 0.4785 0.0987 0.3451 
0.2452 0.3059 0.1353 0.3137 
0.2098 0.2398 0.2975 0.2528 
0.2299 0.2879 0.2167 0.2655 
0.2425 0.2681 0.2712 0.2181 
0.2493 0.2316 0.2718 0.2473 
0.2309 0.2670 0.2603 0.2419 
0.2418 0.2541 0.2598 0.2442 

MOTIF filter5 
letter-probability matrix: alength= 4 w= 19 nsites= 19 
0.2298 0.2386 0.2622 0.2693 
0.2599 0.2353 0.2865 0.2184 
0.2463 0.2415 0.2426 0.2695 
0.2836 0.2490 0.2501 0.2172 
0.1894 0.1378 0.3020 0.3708 
0.1151 0.7026 0.0222 0.1601 
0.0087 0.0475 0.0105 0.9333 
0.9219 0.0289 0.0189 0.0304 
0.4119 0.0092 0.0229 0.5560 
0.5347 0.0222 0.0090 0.4342 
0.5741 0.0089 0.0158 0.4011 
0.6771 0.0348 0.0101 0.2781 
0.0186 0.0305 0.0086 0.9423 
0.8962 0.0198 0.0654 0.0186 
0.2139 0.0332 0.6838 0.0690 
0.3774 0.3372 0.1212 0.1642 
0.2876 0.2502 0.2307 0.2315 
0.2759 0.2522 0.2224 0.2496 
0.2211 0.2887 0.2497 0.2405 

MOTIF filter6 
letter-probability matrix: alength= 4 w= 19 nsites= 19 
0.2450 0.2405 0.2494 0.2650 
0.2340 0.2630 0.2611 0.2418 
0.2508 0.2394 0.2463 0.2635 
0.2331 0.2202 0.2542 0.2925 
0.2758 0.2602 0.2347 0.2293 
0.2544 0.2402 0.2505 0.2549 
0.2265 0.2333 0.2759 0.2642 
0.2565 0.2742 0.2422 0.2271 
0.1891 0.1061 0.4666 0.2382 
0.1458 0.4814 0.1895 0.1833 
0.2521 0.3402 0.2427 0.1650 
0.1762 0.0355 0.5706 0.2177 
0.0129 0.9529 0.0162 0.0180 
0.0134 0.9541 0.0189 0.0136 
0.9435 0.0123 0.0317 0.0126 
0.0141 0.0173 0.0124 0.9561 
0.0857 0.4014 0.1870 0.3259 
0.0531 0.1007 0.0575 0.7887 
0.0285 0.0924 0.0157 0.8634 

MOTIF filter7 
letter-probability matrix: alength= 4 w= 19 nsites= 19 
0.2303 0.2774 0.2145 0.2778 
0.2524 0.2477 0.2529 0.2469 
0.2180 0.2641 0.2400 0.2779 
0.2268 0.2659 0.2262 0.2811 
0.2471 0.2370 0.2814 0.2345 
0.2607 0.2540 0.2530 0.2323 
0.0794 0.5933 0.3038 0.0234 
0.1664 0.7619 0.0460 0.0258 
0.0215 0.0156 0.9450 0.0180 
0.0184 0.0240 0.9412 0.0163 
0.9164 0.0272 0.0328 0.0235 
0.9166 0.0280 0.0189 0.0365 
0.1843 0.1082 0.6865 0.0209 
0.1597 0.2949 0.0850 0.4603 
0.2112 0.1835 0.4405 0.1647 
0.2861 0.2670 0.3287 0.1181 
0.2424 0.3213 0.2640 0.1723 
0.2084 0.2747 0.2397 0.2772 
0.2588 0.2549 0.2626 0.2237 

MOTIF filter8 
letter-probability matrix: alength= 4 w= 19 nsites= 19 
0.2795 0.2811 0.1956 0.2438 
0.2503 0.2316 0.2764 0.2417 
0.2540 0.2326 0.2332 0.2803 
0.2740 0.2317 0.2543 0.2400 
0.2502 0.2630 0.2240 0.2628 
0.2505 0.2327 0.2919 0.2248 
0.2262 0.2375 0.2460 0.2904 
0.1941 0.2334 0.2113 0.3612 
0.0074 0.0289 0.0046 0.9591 
0.0059 0.0070 0.0367 0.9504 
0.1529 0.8266 0.0140 0.0066 
0.0464 0.6386 0.0071 0.3079 
0.2993 0.1839 0.2732 0.2437 
0.2186 0.0069 0.7369 0.0376 
0.0148 0.0130 0.8370 0.1351 
0.9460 0.0409 0.0063 0.0068 
0.9754 0.0099 0.0098 0.0050 
0.3762 0.1669 0.2468 0.2101 
0.2658 0.2852 0.2118 0.2373 

MOTIF filter9 
letter-probability matrix: alength= 4 w= 19 nsites= 19 
0.2607 0.2413 0.2561 0.2418 
0.2549 0.2289 0.2722 0.2440 
0.2549 0.2530 0.2511 0.2410 
0.2584 0.2007 0.2381 0.3027 
0.2329 0.2451 0.2581 0.2639 
0.2520 0.2438 0.2610 0.2432 
0.3389 0.2271 0.2470 0.1871 
0.2500 0.2885 0.2852 0.1763 
0.0094 0.9732 0.0086 0.0088 
0.9115 0.0229 0.0403 0.0253 
0.0188 0.8383 0.0290 0.1139 
0.1092 0.0276 0.8450 0.0182 
0.0350 0.0713 0.0178 0.8759 
0.0129 0.0149 0.9442 0.0280 
0.1918 0.2940 0.2853 0.2288 
0.1685 0.2663 0.2093 0.3559 
0.2386 0.2722 0.2548 0.2343 
0.2589 0.2625 0.2211 0.2575 
0.2632 0.2228 0.2640 0.2500 

MOTIF filter10 
letter-probability matrix: alength= 4 w= 19 nsites= 19 
0.2515 0.2742 0.2424 0.2320 
0.2531 0.2487 0.2244 0.2738 
0.2451 0.2683 0.2710 0.2156 
0.2543 0.2565 0.2541 0.2351 
0.2510 0.2557 0.2539 0.2394 
0.2525 0.2745 0.2209 0.2521 
0.3967 0.2287 0.3081 0.0665 
0.0237 0.0197 0.0091 0.9475 
0.0118 0.0076 0.1351 0.8455 
0.3576 0.0118 0.4661 0.1645 
0.0548 0.7259 0.0429 0.1764 
0.1809 0.0597 0.7021 0.0572 
0.1403 0.5949 0.0120 0.2528 
0.8693 0.1084 0.0108 0.0116 
0.9653 0.0144 0.0081 0.0122 
0.0405 0.3686 0.1326 0.4583 
0.2765 0.2322 0.2466 0.2447 
0.2521 0.2264 0.2507 0.2708 
0.2414 0.2621 0.2695 0.2270 

MOTIF filter11 
letter-probability matrix: alength= 4 w= 19 nsites= 19 
0.2271 0.2574 0.2677 0.2478 
0.2601 0.2543 0.2453 0.2403 
0.2326 0.2384 0.2408 0.2881 
0.3768 0.2285 0.2675 0.1272 
0.3330 0.2569 0.1930 0.2172 
0.3033 0.2614 0.2051 0.2302 
0.1388 0.2972 0.2123 0.3517 
0.1485 0.2694 0.3185 0.2636 
0.3338 0.2239 0.3906 0.0517 
0.4364 0.0523 0.3740 0.1373 
0.0169 0.9528 0.0170 0.0133 
0.0108 0.9600 0.0149 0.0143 
0.9582 0.0115 0.0135 0.0168 
0.9425 0.0150 0.0307 0.0118 
0.0131 0.0175 0.0150 0.9544 
0.1535 0.5267 0.2548 0.0650 
0.6558 0.0688 0.2495 0.0260 
0.1739 0.1861 0.5666 0.0734 
0.2707 0.2294 0.2698 0.2302 

MOTIF filter12 
letter-probability matrix: alength= 4 w= 19 nsites= 19 
0.2251 0.2480 0.2787 0.2482 
0.2609 0.2597 0.2296 0.2498 
0.2107 0.2370 0.2942 0.2581 
0.1190 0.3226 0.2732 0.2852 
0.1676 0.3894 0.2231 0.2198 
0.4669 0.1286 0.2921 0.1124 
0.0350 0.6007 0.1389 0.2254 
0.0499 0.0383 0.0337 0.8781 
0.0253 0.0412 0.0408 0.8927 
0.0386 0.8947 0.0493 0.0175 
0.0480 0.9069 0.0049 0.0402 
0.0350 0.0217 0.6959 0.2474 
0.0413 0.2737 0.5584 0.1267 
0.2595 0.2252 0.2936 0.2217 
0.2506 0.2409 0.2450 0.2635 
0.2502 0.2316 0.2765 0.2418 
0.2441 0.2802 0.2341 0.2417 
0.2492 0.2760 0.2256 0.2492 
0.2514 0.2438 0.2712 0.2337 

MOTIF filter13 
letter-probability matrix: alength= 4 w= 19 nsites= 19 
0.2420 0.3128 0.2423 0.2030 
0.2218 0.1808 0.1278 0.4696 
0.1249 0.1481 0.4547 0.2723 
0.3136 0.2949 0.1809 0.2106 
0.0296 0.8841 0.0549 0.0314 
0.0128 0.8892 0.0362 0.0618 
0.5809 0.0439 0.0640 0.3112 
0.1060 0.0119 0.0239 0.8581 
0.9246 0.0294 0.0359 0.0100 
0.0126 0.0144 0.0369 0.9362 
0.8102 0.0347 0.0095 0.1456 
0.2153 0.0602 0.0460 0.6785 
0.0620 0.0792 0.8317 0.0271 
0.0330 0.0520 0.8954 0.0196 
0.1926 0.1474 0.3416 0.3184 
0.2154 0.4530 0.1994 0.1322 
0.5033 0.1220 0.1903 0.1845 
0.2405 0.2800 0.1950 0.2844 
0.2009 0.2907 0.2815 0.2269 

MOTIF filter14 
letter-probability matrix: alength= 4 w= 19 nsites= 19 
0.8052 0.0251 0.1152 0.0545 
0.7499 0.0894 0.1081 0.0527 
0.3450 0.2048 0.3558 0.0944 
0.9458 0.0181 0.0200 0.0161 
0.0158 0.0371 0.0210 0.9261 
0.0107 0.0189 0.9504 0.0200 
0.0275 0.0133 0.9440 0.0152 
0.1893 0.6012 0.0346 0.1749 
0.1794 0.2376 0.3269 0.2561 
0.1577 0.1607 0.4973 0.1844 
0.2551 0.4418 0.1098 0.1933 
0.2507 0.2606 0.2438 0.2449 
0.2386 0.2103 0.2811 0.2700 
0.2477 0.2411 0.2625 0.2487 
0.2309 0.2649 0.2520 0.2522 
0.2290 0.2616 0.2730 0.2364 
0.2335 0.2740 0.2478 0.2448 
0.2268 0.2815 0.2420 0.2498 
0.2610 0.2351 0.2487 0.2552 

MOTIF filter15 
letter-probability matrix: alength= 4 w= 19 nsites= 19 
0.2099 0.2500 0.1331 0.4070 
0.0099 0.0084 0.0140 0.9677 
0.0085 0.0205 0.0138 0.9572 
0.0990 0.8616 0.0115 0.0279 
0.0220 0.7922 0.0103 0.1755 
0.1476 0.3682 0.0892 0.3951 
0.4076 0.0094 0.4907 0.0923 
0.0100 0.0197 0.7777 0.1927 
0.8639 0.1110 0.0103 0.0148 
0.9252 0.0095 0.0570 0.0083 
0.3125 0.2670 0.2419 0.1787 
0.2516 0.2492 0.2669 0.2323 
0.2448 0.2858 0.2390 0.2304 
0.2371 0.2632 0.2618 0.2378 
0.2425 0.2294 0.2645 0.2636 
0.2217 0.2292 0.2402 0.3089 
0.2956 0.2128 0.2493 0.2423 
0.2445 0.2474 0.2502 0.2579 
0.2331 0.2697 0.2631 0.2341 

MOTIF filter16 
letter-probability matrix: alength= 4 w= 19 nsites= 19 
0.2556 0.2297 0.2366 0.2781 
0.2297 0.2622 0.2476 0.2605 
0.2441 0.2522 0.2584 0.2453 
0.2136 0.2614 0.2398 0.2852 
0.2827 0.2259 0.2802 0.2112 
0.2592 0.2595 0.2475 0.2339 
0.2717 0.2367 0.2447 0.2469 
0.2884 0.1325 0.3517 0.2274 
0.3992 0.1650 0.3830 0.0528 
0.0079 0.0122 0.0137 0.9662 
0.0093 0.0094 0.9544 0.0269 
0.9658 0.0102 0.0107 0.0133 
0.0322 0.5255 0.4294 0.0129 
0.0092 0.0111 0.0072 0.9725 
0.0566 0.9250 0.0084 0.0100 
0.9608 0.0129 0.0142 0.0120 
0.0320 0.2896 0.2634 0.4150 
0.2465 0.2743 0.2562 0.2229 
0.2005 0.2648 0.2646 0.2701 

MOTIF filter17 
letter-probability matrix: alength= 4 w= 19 nsites= 19 
0.2822 0.1928 0.1749 0.3502 
0.0599 0.0112 0.0302 0.8988 
0.0103 0.0148 0.9599 0.0150 
0.0917 0.8845 0.0081 0.0157 
0.0088 0.0080 0.0101 0.9731 
0.0152 0.0093 0.8841 0.0914 
0.9622 0.0077 0.0198 0.0103 
0.0969 0.4242 0.2958 0.1830 
0.1849 0.1633 0.1154 0.5364 
0.1718 0.3288 0.1860 0.3133 
0.3763 0.0780 0.2691 0.2765 
0.2006 0.0664 0.4791 0.2539 
0.2710 0.2385 0.2442 0.2463 
0.2490 0.2722 0.2364 0.2424 
0.2480 0.2539 0.2582 0.2399 
0.2791 0.2401 0.2443 0.2366 
0.2490 0.2537 0.2635 0.2337 
0.2348 0.2909 0.2683 0.2060 
0.2164 0.2506 0.2563 0.2766 

MOTIF filter18 
letter-probability matrix: alength= 4 w= 19 nsites= 19 
0.2496 0.2517 0.2699 0.2288 
0.2554 0.2660 0.2358 0.2427 
0.2727 0.2546 0.2361 0.2366 
0.2660 0.2818 0.1991 0.2531 
0.2355 0.2523 0.2412 0.2710 
0.2808 0.2267 0.2458 0.2467 
0.2481 0.2715 0.2463 0.2341 
0.2905 0.2179 0.2450 0.2466 
0.2436 0.2777 0.2294 0.2494 
0.3127 0.2192 0.2933 0.1748 
0.2567 0.2926 0.2796 0.1712 
0.0508 0.9081 0.0299 0.0112 
0.8380 0.0146 0.0776 0.0698 
0.0205 0.9510 0.0145 0.0140 
0.0203 0.0267 0.9372 0.0158 
0.0479 0.0673 0.0183 0.8665 
0.0133 0.0249 0.9202 0.0417 
0.2008 0.2687 0.3081 0.2224 
0.1498 0.1917 0.2504 0.4082 

MOTIF filter19 
letter-probability matrix: alength= 4 w= 19 nsites= 19 
0.3142 0.2492 0.2727 0.1638 
0.3046 0.2577 0.2020 0.2356 
0.2976 0.2650 0.2222 0.2152 
0.2017 0.2800 0.2058 0.3125 
0.1778 0.2855 0.3276 0.2091 
0.3078 0.2360 0.3125 0.1437 
0.2569 0.3426 0.2521 0.1485 
0.0201 0.6213 0.0181 0.3404 
0.0271 0.6123 0.3225 0.0382 
0.9724 0.0071 0.0045 0.0159 
0.4575 0.0135 0.0289 0.5001 
0.0056 0.0056 0.0160 0.9728 
0.0475 0.2930 0.6387 0.0208 
0.3510 0.0175 0.6159 0.0156 
0.1091 0.2846 0.3532 0.2531 
0.1447 0.3336 0.1962 0.3255 
0.2568 0.2895 0.2960 0.1577 
0.3060 0.2457 0.2592 0.1891 
0.2051 0.2084 0.2194 0.3671 

MOTIF filter20 
letter-probability matrix: alength= 4 w= 19 nsites= 19 
0.2631 0.2582 0.2376 0.2411 
0.2364 0.2569 0.2569 0.2498 
0.2443 0.2490 0.2631 0.2436 
0.2014 0.5084 0.1598 0.1304 
0.8415 0.0220 0.1129 0.0235 
0.7139 0.0748 0.1409 0.0705 
0.3372 0.2017 0.3631 0.0980 
0.9500 0.0215 0.0152 0.0133 
0.0169 0.0361 0.0239 0.9231 
0.0396 0.0265 0.9168 0.0171 
0.0399 0.0201 0.9232 0.0168 
0.1919 0.5748 0.0407 0.1926 
0.1623 0.2689 0.3198 0.2490 
0.1865 0.2136 0.4181 0.1818 
0.2210 0.4535 0.1223 0.2032 
0.2518 0.2274 0.2674 0.2535 
0.2536 0.2237 0.2677 0.2550 
0.2501 0.2535 0.2512 0.2453 
0.2368 0.2640 0.2527 0.2465 

MOTIF filter21 
letter-probability matrix: alength= 4 w= 19 nsites= 19 
0.2598 0.2082 0.2967 0.2353 
0.2443 0.2603 0.2698 0.2256 
0.2877 0.2478 0.2546 0.2098 
0.2506 0.2204 0.2797 0.2493 
0.2559 0.2583 0.2393 0.2465 
0.1373 0.1815 0.2116 0.4697 
0.0159 0.1096 0.0154 0.8592 
0.0115 0.0962 0.1901 0.7022 
0.2361 0.7171 0.0319 0.0150 
0.1417 0.3840 0.0106 0.4637 
0.4609 0.0155 0.4047 0.1189 
0.0539 0.0135 0.9156 0.0170 
0.1340 0.0408 0.7340 0.0912 
0.9437 0.0075 0.0369 0.0119 
0.8962 0.0702 0.0102 0.0234 
0.4057 0.1418 0.2143 0.2383 
0.2755 0.2455 0.2444 0.2345 
0.2803 0.2307 0.2810 0.2080 
0.1975 0.2786 0.3097 0.2142 

MOTIF filter22 
letter-probability matrix: alength= 4 w= 19 nsites= 19 
0.2357 0.2528 0.2698 0.2417 
0.2439 0.2373 0.2697 0.2490 
0.2325 0.2471 0.2683 0.2521 
0.2569 0.2490 0.2719 0.2221 
0.2351 0.2186 0.2766 0.2697 
0.2193 0.2469 0.2766 0.2572 
0.2400 0.2215 0.2802 0.2583 
0.2777 0.1191 0.4680 0.1351 
0.2214 0.0124 0.5857 0.1805 
0.3275 0.0107 0.6510 0.0107 
0.0205 0.0124 0.9569 0.0103 
0.0189 0.0244 0.9458 0.0109 
0.3188 0.4617 0.0115 0.2080 
0.0435 0.0133 0.9289 0.0144 
0.0120 0.0141 0.9610 0.0129 
0.3168 0.0106 0.6136 0.0590 
0.2805 0.1382 0.5679 0.0135 
0.2391 0.3966 0.2269 0.1375 
0.2316 0.2713 0.2593 0.2378 

MOTIF filter23 
letter-probability matrix: alength= 4 w= 19 nsites= 19 
0.2553 0.2416 0.2239 0.2792 
0.2451 0.2555 0.2464 0.2529 
0.2254 0.2545 0.2501 0.2700 
0.2308 0.2478 0.2520 0.2693 
0.2734 0.2463 0.2458 0.2346 
0.2411 0.2654 0.2260 0.2675 
0.0760 0.5445 0.2132 0.1663 
0.0233 0.2729 0.0673 0.6365 
0.0740 0.2428 0.5265 0.1567 
0.9581 0.0147 0.0121 0.0151 
0.0141 0.0396 0.0163 0.9300 
0.0149 0.0182 0.0266 0.9403 
0.0166 0.0085 0.9543 0.0206 
0.0159 0.0170 0.9496 0.0175 
0.1116 0.4014 0.0483 0.4387 
0.0575 0.3459 0.2025 0.3941 
0.2247 0.3338 0.2807 0.1608 
0.3503 0.2208 0.3035 0.1254 
0.1997 0.2029 0.2402 0.3572 

MOTIF filter24 
letter-probability matrix: alength= 4 w= 19 nsites= 19 
0.2497 0.2226 0.2664 0.2614 
0.2820 0.2268 0.2391 0.2522 
0.2524 0.2179 0.2661 0.2637 
0.2593 0.2318 0.2533 0.2556 
0.2254 0.2318 0.2585 0.2843 
0.2542 0.2382 0.2217 0.2859 
0.2317 0.2012 0.3354 0.2318 
0.3482 0.2838 0.2903 0.0776 
0.0314 0.0315 0.0218 0.9153 
0.0313 0.0199 0.8470 0.1018 
0.9326 0.0186 0.0198 0.0291 
0.1089 0.3316 0.4818 0.0778 
0.0135 0.0089 0.0095 0.9681 
0.1072 0.8663 0.0125 0.0139 
0.9610 0.0099 0.0163 0.0129 
0.0614 0.2287 0.4129 0.2970 
0.1720 0.4651 0.1791 0.1838 
0.4203 0.1858 0.1959 0.1979 
0.3072 0.2371 0.2174 0.2383 

MOTIF filter25 
letter-probability matrix: alength= 4 w= 19 nsites= 19 
0.2269 0.2556 0.2670 0.2505 
0.2193 0.2652 0.2700 0.2455 
0.2653 0.2764 0.2304 0.2278 
0.2650 0.2597 0.2590 0.2163 
0.2516 0.2590 0.2334 0.2561 
0.3616 0.2274 0.2471 0.1640 
0.2358 0.3153 0.2670 0.1819 
0.0375 0.9215 0.0201 0.0209 
0.8569 0.0316 0.0792 0.0323 
0.0223 0.8150 0.0333 0.1293 
0.1465 0.0356 0.7929 0.0250 
0.0312 0.0322 0.0279 0.9087 
0.0194 0.0108 0.9563 0.0135 
0.1854 0.2880 0.2805 0.2460 
0.1682 0.2582 0.2148 0.3588 
0.2573 0.2305 0.2696 0.2426 
0.2503 0.2500 0.2731 0.2266 
0.2291 0.2597 0.2582 0.2530 
0.2502 0.2505 0.2512 0.2482 

MOTIF filter26 
letter-probability matrix: alength= 4 w= 19 nsites= 19 
0.3083 0.4062 0.0992 0.1863 
0.2848 0.2435 0.1135 0.3582 
0.2745 0.1940 0.3109 0.2207 
0.3938 0.1541 0.1868 0.2653 
0.1842 0.2872 0.4080 0.1206 
0.0136 0.0344 0.0119 0.9400 
0.1338 0.8298 0.0177 0.0187 
0.9703 0.0096 0.0097 0.0105 
0.0145 0.0152 0.7864 0.1840 
0.0123 0.9642 0.0139 0.0096 
0.8285 0.0352 0.0168 0.1195 
0.3030 0.2028 0.1801 0.3141 
0.4187 0.1220 0.0722 0.3870 
0.3597 0.1350 0.0735 0.4319 
0.3061 0.2037 0.0786 0.4116 
0.2315 0.2686 0.2404 0.2594 
0.2256 0.2532 0.2371 0.2842 
0.2480 0.2638 0.2620 0.2262 
0.2355 0.2299 0.2686 0.2660 

MOTIF filter27 
letter-probability matrix: alength= 4 w= 19 nsites= 19 
0.2378 0.2639 0.2420 0.2562 
0.1847 0.1181 0.3324 0.3648 
0.1108 0.5665 0.0586 0.2641 
0.0342 0.0560 0.0596 0.8503 
0.8934 0.0234 0.0568 0.0265 
0.2600 0.0205 0.0737 0.6458 
0.3330 0.0301 0.0264 0.6104 
0.3755 0.0305 0.0477 0.5464 
0.5131 0.0337 0.0208 0.4325 
0.0639 0.0315 0.0548 0.8498 
0.9170 0.0421 0.0034 0.0375 
0.2053 0.0434 0.5907 0.1606 
0.3204 0.3352 0.1440 0.2003 
0.2458 0.2331 0.2615 0.2596 
0.2594 0.2305 0.2644 0.2457 
0.2567 0.2614 0.2421 0.2398 
0.2302 0.2613 0.2536 0.2548 
0.2453 0.2467 0.2609 0.2471 
0.2462 0.2319 0.2769 0.2450 

MOTIF filter28 
letter-probability matrix: alength= 4 w= 19 nsites= 19 
0.4923 0.0353 0.1009 0.3715 
0.4472 0.0332 0.0833 0.4364 
0.2670 0.1859 0.1972 0.3500 
0.1123 0.0141 0.0366 0.8370 
0.0118 0.0250 0.9353 0.0278 
0.1657 0.8118 0.0110 0.0115 
0.0116 0.0129 0.0107 0.9647 
0.0125 0.0123 0.8640 0.1111 
0.9373 0.0118 0.0379 0.0130 
0.1061 0.3961 0.2775 0.2203 
0.2339 0.2063 0.1309 0.4289 
0.2307 0.2746 0.2072 0.2876 
0.3788 0.1102 0.2337 0.2772 
0.1923 0.1316 0.4136 0.2625 
0.2315 0.2555 0.2751 0.2380 
0.2659 0.2278 0.2584 0.2479 
0.2521 0.2452 0.2482 0.2545 
0.2543 0.2341 0.2505 0.2611 
0.2592 0.2540 0.2567 0.2302 

MOTIF filter29 
letter-probability matrix: alength= 4 w= 19 nsites= 19 
0.2748 0.2302 0.2349 0.2601 
0.1866 0.2267 0.3380 0.2487 
0.0705 0.3748 0.2814 0.2733 
0.1365 0.4760 0.2045 0.1831 
0.5184 0.0695 0.3083 0.1038 
0.0146 0.7698 0.0615 0.1540 
0.0254 0.0132 0.0305 0.9309 
0.0140 0.0148 0.0150 0.9563 
0.0121 0.9612 0.0110 0.0156 
0.0188 0.9605 0.0101 0.0106 
0.0150 0.0341 0.8293 0.1215 
0.0186 0.2828 0.6343 0.0643 
0.2656 0.2312 0.2295 0.2737 
0.2275 0.2764 0.2424 0.2537 
0.2536 0.2599 0.2452 0.2413 
0.2485 0.2269 0.2755 0.2491 
0.2666 0.2530 0.2452 0.2352 
0.2798 0.1998 0.2410 0.2794 
0.2539 0.2123 0.2670 0.2668 

