MEME version 4

ALPHABET= ACGT

Background letter frequencies:
A 0.2500 C 0.2500 G 0.2500 T 0.2500 

MOTIF filter0 
letter-probability matrix: alength= 4 w= 7 nsites= 7 
0.0821 0.3245 0.2097 0.3836 
0.3427 0.0721 0.5108 0.0744 
0.0908 0.1947 0.1388 0.5757 
0.6660 0.1376 0.1904 0.0060 
0.2162 0.1429 0.4397 0.2012 
0.2727 0.2459 0.1731 0.3083 
0.3079 0.2613 0.2101 0.2207 

MOTIF filter1 
letter-probability matrix: alength= 4 w= 9 nsites= 9 
0.2728 0.3035 0.2309 0.1928 
0.3497 0.2063 0.2568 0.1873 
0.2942 0.1833 0.2545 0.2680 
0.0634 0.6859 0.0981 0.1526 
0.4840 0.0378 0.4356 0.0426 
0.0427 0.3384 0.0499 0.5690 
0.3802 0.0592 0.2804 0.2802 
0.3420 0.0933 0.3153 0.2494 
0.2405 0.3675 0.0067 0.3853 

MOTIF filter2 
letter-probability matrix: alength= 4 w= 12 nsites= 12 
0.2314 0.2888 0.2403 0.2395 
0.3196 0.1809 0.2151 0.2844 
0.2004 0.4612 0.0394 0.2990 
0.0732 0.6091 0.0496 0.2681 
0.5016 0.2766 0.0491 0.1727 
0.0265 0.6513 0.2472 0.0751 
0.1135 0.3119 0.4934 0.0812 
0.1746 0.0479 0.4271 0.3505 
0.2247 0.0086 0.5758 0.1909 
0.4661 0.1201 0.2598 0.1541 
0.1676 0.2490 0.2512 0.3322 
0.2587 0.2164 0.3050 0.2199 

MOTIF filter3 
letter-probability matrix: alength= 4 w= 11 nsites= 11 
0.3036 0.1899 0.2835 0.2230 
0.1377 0.1943 0.2533 0.4147 
0.1007 0.3162 0.3125 0.2706 
0.3960 0.4771 0.1175 0.0095 
0.0818 0.3169 0.5974 0.0039 
0.0277 0.8482 0.0874 0.0366 
0.0832 0.1215 0.7828 0.0125 
0.0109 0.5645 0.2738 0.1508 
0.1425 0.2375 0.3975 0.2225 
0.2336 0.3275 0.1574 0.2815 
0.2724 0.1737 0.2839 0.2699 

MOTIF filter4 
letter-probability matrix: alength= 4 w= 8 nsites= 8 
0.1846 0.3142 0.2150 0.2862 
0.3193 0.0891 0.2763 0.3153 
0.1014 0.3190 0.4940 0.0856 
0.2953 0.1514 0.0072 0.5461 
0.0116 0.3433 0.6362 0.0090 
0.5238 0.2344 0.0099 0.2319 
0.2745 0.2889 0.1567 0.2799 
0.2331 0.2862 0.2447 0.2360 

MOTIF filter5 
letter-probability matrix: alength= 4 w= 12 nsites= 12 
0.1648 0.4865 0.2098 0.1389 
0.2118 0.3363 0.2096 0.2423 
0.5516 0.2018 0.1548 0.0918 
0.1333 0.0089 0.0321 0.8256 
0.1057 0.3529 0.0906 0.4508 
0.3986 0.0075 0.0121 0.5817 
0.6201 0.0113 0.0881 0.2805 
0.4957 0.2134 0.0676 0.2233 
0.5402 0.0674 0.0395 0.3529 
0.3207 0.1226 0.3022 0.2545 
0.4374 0.1628 0.1407 0.2591 
0.2602 0.1849 0.2012 0.3537 

MOTIF filter6 
letter-probability matrix: alength= 4 w= 14 nsites= 14 
0.4597 0.2135 0.0579 0.2690 
0.3753 0.1343 0.1406 0.3498 
0.2582 0.1597 0.2616 0.3205 
0.0214 0.0638 0.0438 0.8710 
0.0502 0.1372 0.3741 0.4384 
0.0155 0.9285 0.0245 0.0315 
0.1092 0.6483 0.0127 0.2298 
0.1396 0.0047 0.8334 0.0223 
0.1307 0.4600 0.3852 0.0241 
0.4639 0.4282 0.0234 0.0845 
0.8744 0.0487 0.0078 0.0692 
0.4132 0.1632 0.1901 0.2335 
0.2309 0.1695 0.0438 0.5557 
0.2668 0.1346 0.4000 0.1986 

MOTIF filter7 
letter-probability matrix: alength= 4 w= 8 nsites= 8 
0.2141 0.1672 0.4797 0.1390 
0.2008 0.2821 0.2005 0.3167 
0.2865 0.1051 0.4743 0.1340 
0.0219 0.0471 0.7082 0.2228 
0.6097 0.2720 0.0425 0.0758 
0.0076 0.2303 0.4199 0.3422 
0.2136 0.2424 0.2800 0.2641 
0.2700 0.2362 0.2101 0.2836 

MOTIF filter8 
letter-probability matrix: alength= 4 w= 13 nsites= 13 
0.2881 0.2669 0.1778 0.2672 
0.1088 0.3905 0.2287 0.2720 
0.4290 0.4130 0.0062 0.1517 
0.1207 0.0845 0.0513 0.7434 
0.4738 0.2019 0.3145 0.0098 
0.1111 0.0742 0.7506 0.0641 
0.1554 0.1003 0.1235 0.6208 
0.1049 0.4273 0.3681 0.0996 
0.1679 0.0112 0.7663 0.0546 
0.1043 0.2944 0.0344 0.5669 
0.4839 0.1361 0.2133 0.1667 
0.2292 0.2213 0.4506 0.0988 
0.2429 0.4978 0.1361 0.1232 

MOTIF filter9 
letter-probability matrix: alength= 4 w= 10 nsites= 10 
0.2191 0.3870 0.1645 0.2294 
0.2805 0.0584 0.2695 0.3916 
0.0106 0.5327 0.2912 0.1655 
0.6534 0.3372 0.0047 0.0047 
0.2183 0.3461 0.0413 0.3943 
0.4546 0.1793 0.2776 0.0884 
0.0184 0.0158 0.5966 0.3693 
0.1073 0.3559 0.4952 0.0416 
0.2374 0.4546 0.1824 0.1255 
0.2795 0.1567 0.2547 0.3090 

MOTIF filter10 
letter-probability matrix: alength= 4 w= 11 nsites= 11 
0.1162 0.5308 0.2231 0.1299 
0.0883 0.5118 0.2427 0.1571 
0.2198 0.2907 0.2906 0.1990 
0.0120 0.4065 0.5617 0.0198 
0.0935 0.1168 0.0469 0.7427 
0.1049 0.0170 0.0208 0.8573 
0.0469 0.5215 0.4265 0.0050 
0.0347 0.7475 0.0488 0.1690 
0.2200 0.1092 0.5978 0.0730 
0.2150 0.3058 0.2907 0.1885 
0.2126 0.2776 0.2568 0.2530 

MOTIF filter11 
letter-probability matrix: alength= 4 w= 12 nsites= 12 
0.3035 0.0760 0.5198 0.1007 
0.2078 0.2114 0.3877 0.1931 
0.0300 0.2105 0.3825 0.3770 
0.0105 0.0021 0.7195 0.2679 
0.5438 0.0293 0.2769 0.1500 
0.1086 0.3626 0.5201 0.0087 
0.1255 0.3665 0.4689 0.0391 
0.4453 0.2966 0.2240 0.0341 
0.4078 0.0276 0.5246 0.0400 
0.1440 0.1535 0.4591 0.2433 
0.5480 0.0683 0.3140 0.0698 
0.4082 0.1457 0.3672 0.0788 

MOTIF filter12 
letter-probability matrix: alength= 4 w= 10 nsites= 10 
0.1886 0.2598 0.2146 0.3370 
0.1886 0.2739 0.3098 0.2277 
0.4779 0.1348 0.3497 0.0376 
0.1025 0.4676 0.0051 0.4248 
0.0055 0.2547 0.5671 0.1726 
0.4808 0.1880 0.0515 0.2798 
0.2385 0.0242 0.7329 0.0044 
0.5552 0.1406 0.1406 0.1636 
0.0349 0.2910 0.3737 0.3004 
0.2125 0.2241 0.1769 0.3865 

MOTIF filter13 
letter-probability matrix: alength= 4 w= 10 nsites= 10 
0.4581 0.1406 0.1615 0.2398 
0.0567 0.3387 0.2928 0.3118 
0.3650 0.0605 0.4695 0.1050 
0.0031 0.4773 0.0121 0.5074 
0.3824 0.0160 0.5893 0.0123 
0.5454 0.0329 0.3300 0.0917 
0.1026 0.6259 0.2595 0.0120 
0.2350 0.2162 0.3174 0.2315 
0.2578 0.2152 0.2177 0.3093 
0.3092 0.2662 0.1596 0.2649 

MOTIF filter14 
letter-probability matrix: alength= 4 w= 8 nsites= 8 
0.2383 0.4317 0.1489 0.1811 
0.1734 0.3973 0.4046 0.0247 
0.3982 0.3124 0.0271 0.2623 
0.0605 0.5757 0.0114 0.3525 
0.4216 0.0040 0.5685 0.0060 
0.2045 0.3205 0.2718 0.2032 
0.0895 0.4366 0.2458 0.2280 
0.1157 0.2407 0.1760 0.4676 

MOTIF filter15 
letter-probability matrix: alength= 4 w= 9 nsites= 9 
0.1715 0.2493 0.2237 0.3554 
0.0833 0.4315 0.4230 0.0622 
0.2862 0.5026 0.2058 0.0053 
0.6250 0.0460 0.2553 0.0736 
0.3182 0.6511 0.0235 0.0073 
0.0683 0.1954 0.7024 0.0339 
0.1320 0.3940 0.0947 0.3792 
0.0829 0.3292 0.4506 0.1374 
0.1181 0.3166 0.3661 0.1992 

MOTIF filter16 
letter-probability matrix: alength= 4 w= 10 nsites= 10 
0.1259 0.1974 0.2266 0.4501 
0.4143 0.0084 0.2892 0.2882 
0.2522 0.2748 0.4661 0.0069 
0.1488 0.7202 0.0544 0.0765 
0.0413 0.0051 0.2727 0.6810 
0.0929 0.4429 0.3753 0.0888 
0.5677 0.0404 0.0732 0.3187 
0.3144 0.1278 0.3613 0.1965 
0.3739 0.2675 0.0883 0.2703 
0.3264 0.2210 0.1586 0.2941 

MOTIF filter17 
letter-probability matrix: alength= 4 w= 13 nsites= 13 
0.2360 0.1769 0.2164 0.3708 
0.1277 0.2211 0.3870 0.2642 
0.4190 0.4282 0.1459 0.0069 
0.0170 0.1570 0.6725 0.1535 
0.1145 0.4254 0.0125 0.4475 
0.0791 0.2665 0.5176 0.1367 
0.1728 0.1479 0.6448 0.0344 
0.0107 0.3253 0.5762 0.0878 
0.0734 0.4903 0.2184 0.2180 
0.3929 0.5366 0.0338 0.0368 
0.4514 0.1821 0.0816 0.2849 
0.2011 0.3529 0.1503 0.2956 
0.1582 0.3483 0.1528 0.3407 

MOTIF filter18 
letter-probability matrix: alength= 4 w= 10 nsites= 10 
0.2961 0.2471 0.2415 0.2153 
0.2338 0.3187 0.2326 0.2149 
0.3713 0.2043 0.1928 0.2316 
0.1765 0.0060 0.1711 0.6464 
0.0872 0.2377 0.3766 0.2985 
0.1853 0.7857 0.0065 0.0225 
0.5782 0.0710 0.3346 0.0163 
0.0656 0.1591 0.3758 0.3994 
0.4068 0.2749 0.2803 0.0381 
0.3308 0.1726 0.1757 0.3209 

MOTIF filter19 
letter-probability matrix: alength= 4 w= 12 nsites= 12 
0.2422 0.3677 0.2390 0.1510 
0.1339 0.3774 0.2504 0.2383 
0.5873 0.1329 0.1662 0.1136 
0.0173 0.1096 0.0337 0.8393 
0.0072 0.4493 0.0960 0.4475 
0.3507 0.0053 0.6340 0.0100 
0.5680 0.1292 0.2428 0.0600 
0.0975 0.0507 0.1352 0.7166 
0.0701 0.3163 0.5726 0.0410 
0.3636 0.2072 0.3461 0.0831 
0.2338 0.2833 0.2022 0.2807 
0.1045 0.3374 0.2042 0.3539 

MOTIF filter20 
letter-probability matrix: alength= 4 w= 9 nsites= 9 
0.1918 0.2368 0.3151 0.2563 
0.1181 0.2921 0.1723 0.4175 
0.1359 0.0845 0.3064 0.4731 
0.4433 0.4555 0.0923 0.0089 
0.0840 0.4861 0.0435 0.3864 
0.2488 0.0083 0.5835 0.1595 
0.1188 0.3502 0.2570 0.2741 
0.4516 0.3840 0.0160 0.1485 
0.0080 0.3220 0.2565 0.4134 

MOTIF filter21 
letter-probability matrix: alength= 4 w= 11 nsites= 11 
0.2688 0.0868 0.2857 0.3588 
0.2525 0.2930 0.3110 0.1436 
0.2348 0.3816 0.1411 0.2426 
0.0600 0.2263 0.6136 0.1001 
0.0315 0.4881 0.1235 0.3570 
0.1513 0.1805 0.0136 0.6545 
0.6943 0.0179 0.2820 0.0058 
0.0430 0.0696 0.5488 0.3386 
0.2138 0.3164 0.2922 0.1776 
0.3982 0.0968 0.3408 0.1642 
0.2117 0.2853 0.2814 0.2217 

MOTIF filter22 
letter-probability matrix: alength= 4 w= 11 nsites= 11 
0.2476 0.2239 0.1184 0.4101 
0.2650 0.1880 0.2822 0.2649 
0.2754 0.4158 0.1517 0.1571 
0.0166 0.1861 0.7541 0.0432 
0.0751 0.6624 0.2483 0.0142 
0.5279 0.4270 0.0177 0.0274 
0.2007 0.5620 0.2115 0.0258 
0.7525 0.0030 0.2416 0.0028 
0.3101 0.3325 0.1586 0.1988 
0.3063 0.1316 0.4588 0.1034 
0.1928 0.2886 0.2504 0.2681 

MOTIF filter23 
letter-probability matrix: alength= 4 w= 11 nsites= 11 
0.1855 0.5284 0.1239 0.1622 
0.4541 0.1189 0.0994 0.3276 
0.1012 0.1407 0.2480 0.5101 
0.2197 0.6507 0.1223 0.0074 
0.0047 0.3879 0.0377 0.5697 
0.1520 0.1894 0.5022 0.1563 
0.3730 0.3563 0.1993 0.0714 
0.0140 0.0963 0.4435 0.4462 
0.1211 0.4766 0.1499 0.2524 
0.4564 0.1792 0.2043 0.1600 
0.2186 0.2716 0.3264 0.1834 

MOTIF filter24 
letter-probability matrix: alength= 4 w= 7 nsites= 7 
0.1711 0.1911 0.3381 0.2997 
0.1196 0.3601 0.3618 0.1585 
0.4045 0.0068 0.3542 0.2345 
0.2299 0.6968 0.0576 0.0156 
0.3886 0.0906 0.2644 0.2563 
0.0939 0.3501 0.2055 0.3506 
0.0592 0.4316 0.1232 0.3861 

MOTIF filter25 
letter-probability matrix: alength= 4 w= 9 nsites= 9 
0.2885 0.2466 0.3242 0.1407 
0.1669 0.2723 0.0773 0.4836 
0.1798 0.4383 0.2118 0.1702 
0.3877 0.0221 0.0942 0.4961 
0.0093 0.3712 0.1531 0.4664 
0.3687 0.0072 0.5059 0.1182 
0.1235 0.5725 0.1738 0.1302 
0.4636 0.0364 0.4140 0.0860 
0.2278 0.2884 0.0372 0.4466 

MOTIF filter26 
letter-probability matrix: alength= 4 w= 13 nsites= 13 
0.2500 0.2192 0.2557 0.2751 
0.2890 0.2384 0.2400 0.2327 
0.0986 0.3920 0.2189 0.2904 
0.0180 0.4576 0.0838 0.4406 
0.2240 0.0822 0.3384 0.3554 
0.4371 0.4317 0.1150 0.0162 
0.0616 0.2766 0.2255 0.4363 
0.1872 0.1881 0.4544 0.1702 
0.4912 0.0078 0.3998 0.1013 
0.0071 0.3569 0.5704 0.0657 
0.2758 0.2586 0.1671 0.2984 
0.2464 0.4812 0.0706 0.2019 
0.3173 0.2358 0.1970 0.2499 

MOTIF filter27 
letter-probability matrix: alength= 4 w= 12 nsites= 12 
0.1982 0.2049 0.2463 0.3506 
0.3148 0.1135 0.3180 0.2536 
0.2964 0.2213 0.2229 0.2594 
0.0825 0.6392 0.0373 0.2410 
0.2379 0.0868 0.4221 0.2533 
0.3040 0.6784 0.0062 0.0115 
0.0184 0.0577 0.4007 0.5232 
0.8839 0.0614 0.0029 0.0518 
0.0619 0.0163 0.7731 0.1487 
0.3365 0.1972 0.3025 0.1638 
0.3033 0.2509 0.1760 0.2698 
0.2562 0.2356 0.2131 0.2951 

MOTIF filter28 
letter-probability matrix: alength= 4 w= 11 nsites= 11 
0.3347 0.0919 0.2794 0.2940 
0.2179 0.4209 0.1643 0.1969 
0.0816 0.1272 0.2051 0.5861 
0.4817 0.4725 0.0380 0.0078 
0.2475 0.4968 0.0410 0.2147 
0.1792 0.5452 0.1339 0.1417 
0.4797 0.0935 0.3178 0.1089 
0.1636 0.0425 0.3247 0.4692 
0.5211 0.2341 0.0158 0.2290 
0.7329 0.0790 0.1492 0.0388 
0.3279 0.1334 0.4169 0.1218 

MOTIF filter29 
letter-probability matrix: alength= 4 w= 8 nsites= 8 
0.2934 0.4030 0.2965 0.0070 
0.4554 0.0402 0.2636 0.2408 
0.1364 0.6014 0.0956 0.1666 
0.0269 0.7978 0.0144 0.1609 
0.1950 0.0733 0.6525 0.0792 
0.3141 0.1073 0.3692 0.2094 
0.2521 0.2783 0.1239 0.3458 
0.4288 0.2017 0.1395 0.2301 

