MEME version 4

ALPHABET= ACGT

Background letter frequencies:
A 0.2500 C 0.2500 G 0.2500 T 0.2500 

MOTIF filter0 
letter-probability matrix: alength= 4 w= 16 nsites= 16 
0.0000 1.0000 0.0000 0.0000 
0.0000 0.9990 0.0010 0.0000 
0.8167 0.0034 0.0053 0.1746 
0.0089 0.0000 0.0000 0.9911 
0.9981 0.0019 0.0000 0.0000 
0.0011 0.0000 0.0009 0.9980 
0.9869 0.0010 0.0000 0.0121 
0.1509 0.0023 0.0020 0.8447 
0.0045 0.0000 0.9955 0.0000 
0.0000 0.0000 0.9943 0.0057 
0.1366 0.0892 0.3913 0.3828 
0.1966 0.6827 0.0951 0.0256 
0.7772 0.0139 0.0703 0.1386 
0.2472 0.2868 0.2479 0.2181 
0.2383 0.2339 0.2699 0.2579 
0.2187 0.2502 0.2511 0.2800 

MOTIF filter1 
letter-probability matrix: alength= 4 w= 16 nsites= 16 
0.2817 0.5153 0.0718 0.1312 
0.2068 0.2255 0.1055 0.4622 
0.2469 0.1846 0.3128 0.2556 
0.6816 0.0153 0.0600 0.2431 
0.2900 0.1892 0.4066 0.1142 
0.0558 0.0017 0.0000 0.9425 
0.1102 0.8245 0.0110 0.0544 
0.7465 0.0000 0.0000 0.2535 
0.0000 0.0000 0.9983 0.0017 
0.0168 0.9832 0.0000 0.0000 
0.6821 0.0000 0.0000 0.3179 
0.2558 0.0709 0.4347 0.2386 
0.7069 0.0130 0.0000 0.2801 
0.1964 0.2117 0.0717 0.5202 
0.2836 0.0853 0.0176 0.6135 
0.2359 0.2591 0.1892 0.3159 

MOTIF filter2 
letter-probability matrix: alength= 4 w= 18 nsites= 18 
0.1559 0.3300 0.1697 0.3443 
0.3893 0.0861 0.3244 0.2002 
0.2007 0.4538 0.1949 0.1506 
0.0905 0.1702 0.0031 0.7362 
0.0217 0.0102 0.6360 0.3321 
0.4416 0.3472 0.1384 0.0728 
0.0015 0.9936 0.0049 0.0000 
0.0048 0.8428 0.1329 0.0195 
0.5579 0.0000 0.2277 0.2144 
0.1140 0.0051 0.0000 0.8809 
0.8533 0.1386 0.0018 0.0064 
0.0000 0.0598 0.0528 0.8874 
0.8780 0.0127 0.0346 0.0747 
0.1804 0.1168 0.0101 0.6927 
0.1237 0.0909 0.7739 0.0114 
0.0000 0.1670 0.7864 0.0466 
0.0099 0.1793 0.1509 0.6599 
0.2062 0.4942 0.2349 0.0647 

MOTIF filter3 
letter-probability matrix: alength= 4 w= 16 nsites= 16 
0.2325 0.2637 0.2531 0.2507 
0.2267 0.2549 0.2498 0.2686 
0.0821 0.0642 0.3807 0.4730 
0.0257 0.8983 0.0000 0.0761 
0.0000 0.0000 0.0000 1.0000 
1.0000 0.0000 0.0000 0.0000 
0.2802 0.0000 0.0000 0.7198 
0.5276 0.0000 0.0000 0.4724 
0.6228 0.0000 0.0000 0.3772 
0.7855 0.0000 0.0000 0.2145 
0.0000 0.0000 0.0000 1.0000 
1.0000 0.0000 0.0000 0.0000 
0.0868 0.0000 0.9002 0.0130 
0.5129 0.3644 0.0386 0.0841 
0.2382 0.2638 0.2292 0.2688 
0.2359 0.2683 0.2481 0.2477 

MOTIF filter4 
letter-probability matrix: alength= 4 w= 16 nsites= 16 
0.2485 0.2528 0.2569 0.2418 
0.1054 0.7673 0.0897 0.0376 
0.9976 0.0000 0.0024 0.0000 
0.9781 0.0000 0.0219 0.0000 
0.4261 0.0913 0.4540 0.0286 
1.0000 0.0000 0.0000 0.0000 
0.0000 0.0000 0.0000 1.0000 
0.0000 0.0000 1.0000 0.0000 
0.0000 0.0000 1.0000 0.0000 
0.0611 0.8722 0.0000 0.0667 
0.0855 0.2512 0.4097 0.2537 
0.0816 0.0979 0.7788 0.0417 
0.1404 0.7354 0.0242 0.1001 
0.2431 0.2397 0.2776 0.2396 
0.2613 0.2177 0.3141 0.2069 
0.2660 0.2905 0.2373 0.2062 

MOTIF filter5 
letter-probability matrix: alength= 4 w= 13 nsites= 13 
0.1442 0.1711 0.4273 0.2574 
0.0368 0.4012 0.3063 0.2557 
0.1051 0.6427 0.1503 0.1019 
0.7183 0.0120 0.2241 0.0456 
0.0000 0.9163 0.0247 0.0590 
0.0000 0.0000 0.0000 1.0000 
0.0000 0.0000 0.0000 1.0000 
0.0000 1.0000 0.0000 0.0000 
0.0000 1.0000 0.0000 0.0000 
0.0000 0.0053 0.9444 0.0503 
0.0038 0.1508 0.8306 0.0148 
0.2120 0.2364 0.2946 0.2570 
0.2979 0.2129 0.2709 0.2183 

MOTIF filter6 
letter-probability matrix: alength= 4 w= 15 nsites= 15 
0.2154 0.1534 0.4504 0.1808 
0.2347 0.1140 0.4697 0.1815 
0.1008 0.0930 0.7807 0.0256 
0.1146 0.0069 0.8222 0.0563 
0.1176 0.0135 0.8689 0.0000 
0.0000 0.0834 0.9105 0.0061 
0.0369 0.0441 0.8926 0.0264 
0.2231 0.3795 0.3377 0.0597 
0.0000 0.0619 0.9341 0.0040 
0.0077 0.0325 0.9516 0.0082 
0.1073 0.0121 0.8320 0.0487 
0.1365 0.0503 0.7941 0.0190 
0.2240 0.4025 0.3304 0.0431 
0.3093 0.1812 0.2267 0.2828 
0.2047 0.2732 0.3154 0.2067 

MOTIF filter7 
letter-probability matrix: alength= 4 w= 12 nsites= 12 
0.2480 0.2706 0.2392 0.2423 
0.4442 0.2075 0.2199 0.1285 
0.2664 0.2998 0.2834 0.1505 
0.0000 1.0000 0.0000 0.0000 
1.0000 0.0000 0.0000 0.0000 
0.0000 0.9952 0.0000 0.0048 
0.0209 0.0000 0.9791 0.0000 
0.0000 0.0016 0.0000 0.9984 
0.0000 0.0000 1.0000 0.0000 
0.1526 0.3070 0.3085 0.2320 
0.1499 0.2571 0.1702 0.4228 
0.2695 0.2364 0.2543 0.2399 

MOTIF filter8 
letter-probability matrix: alength= 4 w= 13 nsites= 13 
0.4064 0.1420 0.4470 0.0046 
0.4965 0.0064 0.4331 0.0641 
0.0000 1.0000 0.0000 0.0000 
0.0000 1.0000 0.0000 0.0000 
1.0000 0.0000 0.0000 0.0000 
1.0000 0.0000 0.0000 0.0000 
0.0000 0.0000 0.0000 1.0000 
0.0378 0.7489 0.2090 0.0043 
0.7741 0.0047 0.2213 0.0000 
0.1079 0.1201 0.7514 0.0205 
0.2350 0.2684 0.2478 0.2488 
0.2610 0.2244 0.2467 0.2679 
0.2415 0.2767 0.2389 0.2428 

MOTIF filter9 
letter-probability matrix: alength= 4 w= 17 nsites= 17 
0.2885 0.2479 0.2407 0.2229 
0.2360 0.2983 0.2254 0.2403 
0.2207 0.2185 0.2763 0.2845 
0.0671 0.0403 0.7188 0.1738 
0.0708 0.7198 0.0986 0.1108 
0.2478 0.4012 0.2676 0.0834 
0.0819 0.0000 0.8410 0.0771 
0.0000 1.0000 0.0000 0.0000 
0.0000 1.0000 0.0000 0.0000 
1.0000 0.0000 0.0000 0.0000 
0.0000 0.0000 0.0000 1.0000 
0.0000 0.4914 0.1267 0.3819 
0.0000 0.0128 0.0000 0.9872 
0.0000 0.0042 0.0000 0.9958 
0.0643 0.0912 0.6906 0.1539 
0.2531 0.2466 0.2336 0.2668 
0.1965 0.2510 0.2791 0.2733 

MOTIF filter10 
letter-probability matrix: alength= 4 w= 13 nsites= 13 
0.2691 0.2048 0.2618 0.2644 
0.2792 0.2256 0.2193 0.2760 
0.2665 0.0630 0.5942 0.0763 
0.1004 0.0000 0.7911 0.1086 
0.1958 0.0000 0.8042 0.0000 
0.0000 0.0000 1.0000 0.0000 
0.0000 0.0000 1.0000 0.0000 
0.3362 0.5245 0.0000 0.1393 
0.0000 0.0000 1.0000 0.0000 
0.0000 0.0000 1.0000 0.0000 
0.1826 0.0000 0.8157 0.0017 
0.2043 0.0595 0.7362 0.0000 
0.1806 0.5357 0.1898 0.0938 

MOTIF filter11 
letter-probability matrix: alength= 4 w= 16 nsites= 16 
0.2535 0.2666 0.2353 0.2446 
0.2306 0.2540 0.2443 0.2712 
0.0972 0.0565 0.3586 0.4877 
0.0202 0.8904 0.0000 0.0894 
0.0000 0.0000 0.0000 1.0000 
1.0000 0.0000 0.0000 0.0000 
0.2344 0.0000 0.0000 0.7656 
0.4637 0.0000 0.0000 0.5363 
0.5695 0.0000 0.0000 0.4305 
0.7387 0.0010 0.0000 0.2604 
0.0000 0.0000 0.0000 1.0000 
1.0000 0.0000 0.0000 0.0000 
0.0791 0.0000 0.9063 0.0146 
0.4888 0.3720 0.0450 0.0942 
0.2494 0.2710 0.2402 0.2394 
0.2326 0.2571 0.2553 0.2550 

MOTIF filter12 
letter-probability matrix: alength= 4 w= 14 nsites= 14 
0.2593 0.2441 0.2405 0.2562 
0.2277 0.2575 0.2324 0.2824 
0.5334 0.0900 0.3766 0.0000 
0.0000 0.0000 0.0000 1.0000 
0.0000 0.0000 0.0209 0.9791 
0.2476 0.0000 0.6914 0.0609 
0.0010 0.9312 0.0080 0.0598 
0.0738 0.0011 0.9213 0.0039 
0.0555 0.6934 0.0000 0.2511 
0.9764 0.0236 0.0000 0.0000 
1.0000 0.0000 0.0000 0.0000 
0.0122 0.3253 0.1234 0.5390 
0.2613 0.2659 0.2338 0.2391 
0.2541 0.1931 0.2615 0.2912 

MOTIF filter13 
letter-probability matrix: alength= 4 w= 8 nsites= 8 
0.0000 0.0000 0.0000 1.0000 
0.0000 0.0000 0.0000 1.0000 
0.9732 0.0000 0.0268 0.0000 
1.0000 0.0000 0.0000 0.0000 
0.2669 0.0000 0.0000 0.7331 
0.2745 0.2703 0.2155 0.2397 
0.3025 0.2208 0.2483 0.2284 
0.3097 0.2217 0.2169 0.2517 

MOTIF filter14 
letter-probability matrix: alength= 4 w= 11 nsites= 11 
0.0126 0.7957 0.0985 0.0932 
0.0000 0.1836 0.0023 0.8140 
0.0020 0.2372 0.7181 0.0426 
1.0000 0.0000 0.0000 0.0000 
0.0000 0.0000 0.0000 1.0000 
0.0000 0.0000 0.0000 1.0000 
0.0000 0.0000 1.0000 0.0000 
0.0000 0.0000 1.0000 0.0000 
0.0491 0.4433 0.0019 0.5058 
0.0024 0.4576 0.1456 0.3944 
0.2063 0.3815 0.3158 0.0964 

MOTIF filter15 
letter-probability matrix: alength= 4 w= 15 nsites= 15 
0.2768 0.2502 0.2404 0.2326 
0.2605 0.2734 0.2645 0.2017 
0.0715 0.2070 0.5333 0.1882 
0.0000 0.7188 0.0427 0.2385 
0.0019 0.7941 0.0000 0.2040 
0.0000 1.0000 0.0000 0.0000 
0.0000 1.0000 0.0000 0.0000 
0.1586 0.0000 0.5178 0.3236 
0.0000 1.0000 0.0000 0.0000 
0.0000 1.0000 0.0000 0.0000 
0.0000 0.7776 0.0000 0.2224 
0.0740 0.7939 0.0000 0.1322 
0.0511 0.5968 0.0808 0.2713 
0.2745 0.2713 0.2396 0.2147 
0.2578 0.2359 0.2608 0.2455 

MOTIF filter16 
letter-probability matrix: alength= 4 w= 14 nsites= 14 
0.2406 0.2482 0.2540 0.2571 
0.2303 0.2546 0.2429 0.2722 
0.4705 0.1226 0.3965 0.0103 
0.0000 0.0000 0.0000 1.0000 
0.0000 0.0000 0.0174 0.9826 
0.2665 0.0000 0.6711 0.0624 
0.0039 0.9337 0.0000 0.0624 
0.0814 0.0010 0.9167 0.0009 
0.0601 0.7150 0.0000 0.2249 
0.9806 0.0194 0.0000 0.0000 
1.0000 0.0000 0.0000 0.0000 
0.0060 0.3495 0.1034 0.5411 
0.2626 0.2594 0.2506 0.2274 
0.2517 0.1873 0.2769 0.2842 

MOTIF filter17 
letter-probability matrix: alength= 4 w= 8 nsites= 8 
0.2009 0.1924 0.1657 0.4411 
0.1422 0.1226 0.6620 0.0732 
0.3333 0.3294 0.3373 0.0000 
0.0000 0.0000 0.0000 1.0000 
0.0000 0.0000 0.9993 0.0007 
1.0000 0.0000 0.0000 0.0000 
0.0021 0.4728 0.5251 0.0000 
0.0000 0.0000 0.0000 1.0000 

MOTIF filter18 
letter-probability matrix: alength= 4 w= 16 nsites= 16 
0.2078 0.2518 0.3110 0.2294 
0.1393 0.6996 0.0943 0.0669 
0.9762 0.0000 0.0238 0.0000 
0.9842 0.0067 0.0090 0.0000 
0.3953 0.1262 0.4509 0.0275 
1.0000 0.0000 0.0000 0.0000 
0.0000 0.0000 0.0000 1.0000 
0.0000 0.0000 1.0000 0.0000 
0.0000 0.0000 1.0000 0.0000 
0.0913 0.8252 0.0000 0.0835 
0.1147 0.2163 0.4051 0.2639 
0.0885 0.1130 0.7392 0.0594 
0.1491 0.7432 0.0326 0.0752 
0.2636 0.2330 0.2580 0.2454 
0.2711 0.2238 0.2887 0.2164 
0.2371 0.2604 0.2546 0.2479 

MOTIF filter19 
letter-probability matrix: alength= 4 w= 19 nsites= 19 
0.2670 0.2235 0.2496 0.2599 
0.1605 0.0655 0.0283 0.7457 
0.0271 0.0758 0.7226 0.1745 
0.4007 0.4134 0.0654 0.1205 
0.0010 0.9990 0.0000 0.0000 
0.0000 0.9976 0.0000 0.0024 
0.8111 0.0036 0.0034 0.1819 
0.0119 0.0000 0.0023 0.9858 
1.0000 0.0000 0.0000 0.0000 
0.0000 0.0011 0.0000 0.9989 
0.9976 0.0000 0.0000 0.0024 
0.1485 0.0057 0.0013 0.8445 
0.0047 0.0033 0.9920 0.0000 
0.0011 0.0013 0.9954 0.0022 
0.1329 0.0844 0.3930 0.3897 
0.1879 0.7122 0.0743 0.0255 
0.7390 0.0274 0.0745 0.1591 
0.2325 0.2866 0.2410 0.2398 
0.2352 0.2728 0.2712 0.2208 

MOTIF filter20 
letter-probability matrix: alength= 4 w= 12 nsites= 12 
0.5991 0.0057 0.0197 0.3755 
0.5364 0.0052 0.0436 0.4147 
0.2801 0.1253 0.1135 0.4811 
0.0000 0.0000 0.0000 1.0000 
0.0000 0.0000 1.0000 0.0000 
0.0345 0.9655 0.0000 0.0000 
0.0000 0.0000 0.0000 1.0000 
0.0000 0.0000 0.9871 0.0129 
1.0000 0.0000 0.0000 0.0000 
0.0585 0.5612 0.2195 0.1608 
0.2027 0.1280 0.0668 0.6025 
0.1460 0.3963 0.1560 0.3017 

MOTIF filter21 
letter-probability matrix: alength= 4 w= 12 nsites= 12 
0.3046 0.1395 0.3320 0.2239 
0.6311 0.0462 0.1021 0.2206 
0.1663 0.2784 0.5370 0.0183 
0.0000 0.0000 0.0000 1.0000 
0.0201 0.9799 0.0000 0.0000 
1.0000 0.0000 0.0000 0.0000 
0.0000 0.0000 0.9465 0.0535 
0.0000 1.0000 0.0000 0.0000 
1.0000 0.0000 0.0000 0.0000 
0.4782 0.1510 0.0841 0.2867 
0.4559 0.0494 0.0054 0.4893 
0.3592 0.0203 0.0083 0.6123 

MOTIF filter22 
letter-probability matrix: alength= 4 w= 12 nsites= 12 
0.2650 0.2726 0.2403 0.2221 
0.4784 0.1751 0.2178 0.1287 
0.2614 0.3132 0.3085 0.1169 
0.0000 1.0000 0.0000 0.0000 
0.9980 0.0000 0.0020 0.0000 
0.0000 0.9990 0.0000 0.0010 
0.0000 0.0000 1.0000 0.0000 
0.0000 0.0000 0.0000 1.0000 
0.0000 0.0000 1.0000 0.0000 
0.1453 0.3097 0.3233 0.2218 
0.1115 0.2596 0.1890 0.4400 
0.2711 0.2011 0.2905 0.2373 

MOTIF filter23 
letter-probability matrix: alength= 4 w= 13 nsites= 13 
0.1524 0.1809 0.1352 0.5315 
0.0000 0.0000 0.0000 1.0000 
0.0000 0.0000 0.0000 1.0000 
0.0317 0.9663 0.0000 0.0020 
0.0031 0.8327 0.0000 0.1643 
0.2344 0.2404 0.2525 0.2727 
0.2316 0.0000 0.7650 0.0033 
0.0000 0.0000 0.9316 0.0684 
0.9980 0.0020 0.0000 0.0000 
0.9991 0.0000 0.0009 0.0000 
0.5540 0.1259 0.1968 0.1234 
0.2582 0.2674 0.2117 0.2627 
0.2562 0.2568 0.2427 0.2443 

MOTIF filter24 
letter-probability matrix: alength= 4 w= 19 nsites= 19 
0.2545 0.2326 0.2500 0.2629 
0.1346 0.0665 0.0306 0.7684 
0.0340 0.0873 0.6770 0.2017 
0.3875 0.4143 0.0640 0.1342 
0.0020 0.9980 0.0000 0.0000 
0.0000 0.9989 0.0000 0.0011 
0.8111 0.0035 0.0072 0.1783 
0.0031 0.0000 0.0031 0.9938 
1.0000 0.0000 0.0000 0.0000 
0.0000 0.0009 0.0000 0.9991 
0.9979 0.0000 0.0000 0.0021 
0.1446 0.0069 0.0012 0.8473 
0.0042 0.0038 0.9920 0.0000 
0.0000 0.0000 0.9979 0.0021 
0.1337 0.0729 0.4053 0.3880 
0.1939 0.6893 0.0888 0.0279 
0.7654 0.0282 0.0685 0.1379 
0.2360 0.2704 0.2692 0.2244 
0.2364 0.2735 0.2311 0.2591 

MOTIF filter25 
letter-probability matrix: alength= 4 w= 12 nsites= 12 
0.1694 0.2273 0.3576 0.2456 
0.0277 0.4273 0.2807 0.2644 
0.0886 0.6638 0.1281 0.1195 
0.7227 0.0062 0.2310 0.0401 
0.0000 0.9585 0.0019 0.0396 
0.0000 0.0000 0.0000 1.0000 
0.0000 0.0000 0.0000 1.0000 
0.0000 1.0000 0.0000 0.0000 
0.0000 1.0000 0.0000 0.0000 
0.0000 0.0000 0.9900 0.0100 
0.0000 0.1506 0.8351 0.0143 
0.2728 0.2471 0.2638 0.2163 

MOTIF filter26 
letter-probability matrix: alength= 4 w= 15 nsites= 15 
0.2739 0.2340 0.2439 0.2482 
0.2630 0.2399 0.2217 0.2754 
0.1496 0.1901 0.1617 0.4986 
0.0000 0.0000 0.0000 1.0000 
0.0000 0.0000 0.0000 1.0000 
0.0818 0.9182 0.0000 0.0000 
0.0076 0.7544 0.0000 0.2381 
0.2936 0.1561 0.3053 0.2451 
0.1452 0.0000 0.8548 0.0000 
0.0000 0.0000 0.9435 0.0565 
1.0000 0.0000 0.0000 0.0000 
1.0000 0.0000 0.0000 0.0000 
0.5359 0.1134 0.1898 0.1609 
0.2692 0.2496 0.1900 0.2913 
0.2502 0.2614 0.2401 0.2483 

MOTIF filter27 
letter-probability matrix: alength= 4 w= 13 nsites= 13 
0.2267 0.2554 0.2445 0.2735 
0.2187 0.2103 0.2914 0.2795 
0.2563 0.2455 0.2406 0.2577 
0.0000 0.8614 0.1386 0.0000 
0.0000 1.0000 0.0000 0.0000 
0.0000 0.0000 1.0000 0.0000 
0.0000 0.0000 1.0000 0.0000 
1.0000 0.0000 0.0000 0.0000 
1.0000 0.0000 0.0000 0.0000 
0.0464 0.0030 0.9506 0.0000 
0.0128 0.2720 0.0060 0.7092 
0.1494 0.0721 0.7245 0.0539 
0.1844 0.3036 0.4843 0.0277 

MOTIF filter28 
letter-probability matrix: alength= 4 w= 11 nsites= 11 
0.2350 0.2997 0.2180 0.2474 
0.0041 0.8525 0.1435 0.0000 
0.0630 0.9370 0.0000 0.0000 
0.0000 0.0000 1.0000 0.0000 
0.0000 0.0000 1.0000 0.0000 
1.0000 0.0000 0.0000 0.0000 
0.9980 0.0000 0.0000 0.0020 
0.0653 0.0256 0.9091 0.0000 
0.0248 0.2939 0.0255 0.6558 
0.1696 0.1344 0.6072 0.0887 
0.1754 0.3549 0.4283 0.0414 

MOTIF filter29 
letter-probability matrix: alength= 4 w= 11 nsites= 11 
0.4213 0.2176 0.3429 0.0182 
0.0000 0.0000 0.0000 1.0000 
0.0000 0.0000 0.9970 0.0030 
1.0000 0.0000 0.0000 0.0000 
0.0064 0.5088 0.4812 0.0036 
0.0000 0.0000 0.0000 1.0000 
0.0000 1.0000 0.0000 0.0000 
1.0000 0.0000 0.0000 0.0000 
0.0082 0.3905 0.2039 0.3975 
0.2162 0.3634 0.1783 0.2422 
0.2606 0.2287 0.2656 0.2451 

