MEME version 4

ALPHABET= ACGT

Background letter frequencies:
A 0.2500 C 0.2500 G 0.2500 T 0.2500 

MOTIF filter0 
letter-probability matrix: alength= 4 w= 19 nsites= 19 
0.1601 0.3405 0.2365 0.2629 
0.1549 0.2897 0.3606 0.1948 
0.0816 0.4111 0.2397 0.2676 
0.0210 0.7139 0.0951 0.1700 
0.0173 0.8016 0.0631 0.1180 
0.5747 0.0974 0.2311 0.0967 
0.0086 0.2578 0.0409 0.6928 
0.0784 0.2604 0.0424 0.6188 
0.0147 0.4097 0.0294 0.5462 
0.1571 0.3779 0.0072 0.4579 
0.1265 0.3270 0.1892 0.3573 
0.2441 0.1329 0.4033 0.2197 
0.0970 0.1808 0.5766 0.1457 
0.3029 0.2043 0.2599 0.2329 
0.2887 0.2801 0.2006 0.2306 
0.3058 0.2073 0.2409 0.2460 
0.2287 0.2594 0.2784 0.2334 
0.2578 0.2480 0.2378 0.2564 
0.2357 0.2641 0.2336 0.2667 

MOTIF filter1 
letter-probability matrix: alength= 4 w= 19 nsites= 19 
0.2460 0.2106 0.2929 0.2505 
0.2665 0.2740 0.2340 0.2256 
0.3215 0.1748 0.2406 0.2632 
0.2677 0.2342 0.3364 0.1616 
0.2945 0.3765 0.0473 0.2817 
0.2705 0.2498 0.3152 0.1645 
0.1109 0.7438 0.0562 0.0891 
0.1489 0.0227 0.6667 0.1618 
0.1103 0.2311 0.1128 0.5458 
0.4816 0.0090 0.3762 0.1331 
0.0761 0.5164 0.0928 0.3147 
0.2407 0.2104 0.1008 0.4481 
0.2418 0.2366 0.2934 0.2282 
0.2195 0.3066 0.2477 0.2262 
0.1796 0.2179 0.3582 0.2443 
0.2413 0.2589 0.2428 0.2569 
0.2620 0.2982 0.1997 0.2401 
0.2695 0.2414 0.2709 0.2182 
0.2266 0.2478 0.2974 0.2282 

MOTIF filter2 
letter-probability matrix: alength= 4 w= 19 nsites= 19 
0.2968 0.2656 0.2518 0.1858 
0.2037 0.2619 0.2591 0.2753 
0.1961 0.2902 0.2711 0.2425 
0.2811 0.2334 0.2451 0.2403 
0.2596 0.2972 0.1319 0.3113 
0.2367 0.3351 0.0965 0.3317 
0.0832 0.3272 0.2236 0.3659 
0.2995 0.4890 0.0307 0.1808 
0.1408 0.7709 0.0407 0.0476 
0.0786 0.4655 0.3866 0.0693 
0.0839 0.0347 0.6803 0.2011 
0.2185 0.0104 0.4950 0.2761 
0.4550 0.2346 0.2705 0.0400 
0.4111 0.0834 0.2107 0.2947 
0.3884 0.1946 0.2932 0.1238 
0.3039 0.2253 0.1805 0.2904 
0.2195 0.2749 0.2883 0.2174 
0.2820 0.2206 0.3114 0.1859 
0.2204 0.2761 0.3002 0.2034 

MOTIF filter3 
letter-probability matrix: alength= 4 w= 19 nsites= 19 
0.2309 0.2811 0.2399 0.2482 
0.2651 0.2289 0.2493 0.2567 
0.2634 0.2804 0.2307 0.2254 
0.2482 0.2541 0.2813 0.2165 
0.2415 0.2694 0.2709 0.2182 
0.1808 0.2714 0.2720 0.2757 
0.1791 0.2074 0.4611 0.1525 
0.0799 0.3869 0.1898 0.3434 
0.1138 0.4255 0.2466 0.2140 
0.4882 0.2726 0.1646 0.0745 
0.1550 0.4419 0.3594 0.0437 
0.0991 0.0257 0.5506 0.3245 
0.0232 0.3991 0.3106 0.2672 
0.4898 0.1712 0.3203 0.0187 
0.0081 0.5720 0.2397 0.1803 
0.1775 0.1902 0.3993 0.2330 
0.1318 0.3870 0.1936 0.2876 
0.3912 0.1732 0.2121 0.2234 
0.3533 0.2121 0.2666 0.1680 

MOTIF filter4 
letter-probability matrix: alength= 4 w= 19 nsites= 19 
0.2400 0.4361 0.1219 0.2020 
0.1515 0.2937 0.0919 0.4629 
0.5025 0.2099 0.0896 0.1980 
0.4003 0.0358 0.1065 0.4573 
0.2030 0.1038 0.4008 0.2923 
0.6108 0.1890 0.0536 0.1466 
0.2073 0.0284 0.0901 0.6741 
0.0434 0.0083 0.5557 0.3925 
0.5201 0.1350 0.3123 0.0326 
0.2317 0.2672 0.4286 0.0726 
0.1780 0.3050 0.1516 0.3654 
0.1734 0.3757 0.2539 0.1970 
0.2901 0.3496 0.2031 0.1572 
0.1951 0.2154 0.3356 0.2539 
0.2030 0.2314 0.3087 0.2569 
0.2174 0.2660 0.2994 0.2172 
0.2072 0.2688 0.2637 0.2604 
0.2259 0.3029 0.2657 0.2055 
0.2098 0.2986 0.2382 0.2534 

MOTIF filter5 
letter-probability matrix: alength= 4 w= 19 nsites= 19 
0.2691 0.2500 0.2415 0.2394 
0.2464 0.2360 0.2663 0.2513 
0.2672 0.2102 0.2456 0.2770 
0.2855 0.2156 0.2620 0.2369 
0.2641 0.1649 0.3312 0.2398 
0.1453 0.4486 0.1940 0.2121 
0.1594 0.2517 0.1738 0.4151 
0.5344 0.0238 0.2918 0.1500 
0.2334 0.4560 0.0840 0.2265 
0.4319 0.0494 0.0457 0.4730 
0.1270 0.0184 0.6001 0.2546 
0.2306 0.6716 0.0093 0.0885 
0.1223 0.3682 0.0101 0.4994 
0.4302 0.0157 0.5049 0.0492 
0.2215 0.0865 0.4762 0.2158 
0.2310 0.3179 0.2066 0.2445 
0.2199 0.2253 0.2272 0.3276 
0.1733 0.2158 0.2327 0.3782 
0.2630 0.1944 0.2555 0.2871 

MOTIF filter6 
letter-probability matrix: alength= 4 w= 19 nsites= 19 
0.2120 0.2757 0.2336 0.2787 
0.3084 0.2167 0.2723 0.2026 
0.2551 0.2790 0.2331 0.2328 
0.2611 0.3010 0.2094 0.2285 
0.3546 0.1639 0.1555 0.3260 
0.3054 0.1947 0.1454 0.3545 
0.2574 0.1022 0.1198 0.5206 
0.1541 0.1119 0.1600 0.5740 
0.0726 0.2816 0.0321 0.6137 
0.1203 0.5255 0.2989 0.0553 
0.2276 0.6645 0.0250 0.0829 
0.1003 0.0077 0.7373 0.1548 
0.0328 0.4621 0.3663 0.1388 
0.8486 0.1023 0.0129 0.0362 
0.5958 0.1589 0.0790 0.1663 
0.3982 0.1693 0.1242 0.3083 
0.2481 0.2020 0.1192 0.4308 
0.3534 0.2017 0.2322 0.2127 
0.2805 0.1852 0.3628 0.1715 

MOTIF filter7 
letter-probability matrix: alength= 4 w= 19 nsites= 19 
0.2700 0.2512 0.2551 0.2237 
0.2234 0.2853 0.3001 0.1912 
0.3586 0.1482 0.2264 0.2669 
0.2451 0.4709 0.2589 0.0251 
0.2999 0.0908 0.4370 0.1722 
0.3350 0.1207 0.3385 0.2059 
0.0575 0.6914 0.0128 0.2383 
0.0621 0.1661 0.7674 0.0044 
0.0643 0.0254 0.8926 0.0177 
0.5169 0.1328 0.2247 0.1256 
0.1974 0.2229 0.3821 0.1977 
0.1362 0.2605 0.4274 0.1759 
0.1799 0.1999 0.2752 0.3451 
0.2497 0.2008 0.3103 0.2391 
0.2420 0.2206 0.2611 0.2763 
0.2524 0.2520 0.2568 0.2388 
0.2144 0.2447 0.2842 0.2567 
0.2414 0.2489 0.2541 0.2556 
0.2864 0.2138 0.2333 0.2666 

MOTIF filter8 
letter-probability matrix: alength= 4 w= 19 nsites= 19 
0.3282 0.2188 0.2442 0.2088 
0.2468 0.2342 0.2648 0.2543 
0.3052 0.2240 0.2488 0.2220 
0.1892 0.2354 0.2408 0.3346 
0.2511 0.1986 0.2499 0.3005 
0.3283 0.1765 0.2563 0.2389 
0.2615 0.1730 0.2956 0.2700 
0.1290 0.4524 0.3116 0.1070 
0.0058 0.3807 0.0285 0.5850 
0.3751 0.0450 0.2436 0.3363 
0.4055 0.5682 0.0168 0.0095 
0.0187 0.2537 0.1719 0.5558 
0.1620 0.1983 0.1492 0.4904 
0.3448 0.0505 0.5313 0.0734 
0.0699 0.1379 0.5077 0.2846 
0.3259 0.2647 0.1189 0.2905 
0.3966 0.1398 0.1997 0.2638 
0.2235 0.2647 0.2570 0.2548 
0.1748 0.2540 0.2930 0.2781 

MOTIF filter9 
letter-probability matrix: alength= 4 w= 19 nsites= 19 
0.2345 0.3360 0.2008 0.2286 
0.2083 0.3522 0.2423 0.1972 
0.1827 0.2441 0.2356 0.3376 
0.3266 0.2295 0.3057 0.1383 
0.3812 0.2502 0.2345 0.1342 
0.2278 0.4141 0.1556 0.2025 
0.2365 0.4829 0.0916 0.1890 
0.3211 0.1376 0.2563 0.2850 
0.0169 0.3229 0.3455 0.3147 
0.7724 0.1680 0.0533 0.0062 
0.2536 0.1463 0.4064 0.1938 
0.1062 0.0104 0.8784 0.0050 
0.1133 0.2279 0.0051 0.6537 
0.2201 0.0780 0.6173 0.0846 
0.0671 0.2212 0.6412 0.0705 
0.2452 0.2278 0.1592 0.3679 
0.2750 0.3193 0.2478 0.1579 
0.3432 0.2568 0.2046 0.1954 
0.2331 0.2510 0.2734 0.2425 

MOTIF filter10 
letter-probability matrix: alength= 4 w= 19 nsites= 19 
0.2915 0.1944 0.3037 0.2104 
0.2399 0.2240 0.2532 0.2829 
0.2452 0.2522 0.2189 0.2838 
0.2511 0.2439 0.2810 0.2241 
0.2202 0.2949 0.3036 0.1813 
0.1467 0.3935 0.2588 0.2010 
0.3381 0.1780 0.4518 0.0321 
0.0366 0.2599 0.0138 0.6896 
0.0108 0.0066 0.2086 0.7740 
0.3068 0.0239 0.2721 0.3973 
0.0563 0.5591 0.0154 0.3692 
0.1548 0.4219 0.4149 0.0084 
0.3132 0.2319 0.2281 0.2268 
0.5322 0.1871 0.2649 0.0158 
0.4117 0.1424 0.3058 0.1401 
0.0393 0.3610 0.2142 0.3856 
0.2036 0.2826 0.3225 0.1913 
0.2671 0.2890 0.2375 0.2064 
0.2540 0.2928 0.2310 0.2222 

MOTIF filter11 
letter-probability matrix: alength= 4 w= 19 nsites= 19 
0.2699 0.2222 0.2194 0.2885 
0.2442 0.2789 0.2402 0.2367 
0.3093 0.2235 0.2713 0.1959 
0.2166 0.1789 0.3735 0.2309 
0.1754 0.1562 0.5206 0.1479 
0.1560 0.0786 0.3665 0.3990 
0.1577 0.0724 0.4912 0.2787 
0.0992 0.4510 0.4353 0.0144 
0.0422 0.3093 0.2951 0.3533 
0.1932 0.0399 0.7145 0.0524 
0.0904 0.0258 0.5588 0.3250 
0.1711 0.0023 0.8178 0.0088 
0.9302 0.0398 0.0255 0.0045 
0.4283 0.1560 0.4089 0.0068 
0.0974 0.3423 0.1915 0.3688 
0.1727 0.4564 0.2807 0.0901 
0.3290 0.1951 0.4218 0.0541 
0.3390 0.2287 0.2235 0.2088 
0.2676 0.1945 0.2805 0.2573 

MOTIF filter12 
letter-probability matrix: alength= 4 w= 19 nsites= 19 
0.2801 0.2750 0.2506 0.1943 
0.3095 0.1751 0.2451 0.2703 
0.2872 0.2335 0.2721 0.2072 
0.1412 0.3175 0.3156 0.2258 
0.1614 0.3917 0.2034 0.2436 
0.3671 0.2810 0.2520 0.0999 
0.3591 0.0117 0.2983 0.3308 
0.2844 0.5542 0.1445 0.0169 
0.0736 0.7792 0.1102 0.0370 
0.9329 0.0132 0.0282 0.0258 
0.4549 0.0066 0.0587 0.4798 
0.0054 0.1484 0.6496 0.1965 
0.0931 0.2891 0.4615 0.1564 
0.2555 0.3373 0.0891 0.3181 
0.3646 0.2686 0.2936 0.0733 
0.2947 0.1452 0.3289 0.2312 
0.2466 0.2754 0.2317 0.2463 
0.2816 0.2943 0.1900 0.2341 
0.2545 0.2440 0.2340 0.2676 

MOTIF filter13 
letter-probability matrix: alength= 4 w= 19 nsites= 19 
0.2025 0.3191 0.2498 0.2286 
0.3043 0.2493 0.2495 0.1969 
0.2019 0.1890 0.2873 0.3218 
0.0871 0.5252 0.2193 0.1683 
0.3213 0.3006 0.1037 0.2744 
0.4217 0.0985 0.3667 0.1131 
0.5708 0.0564 0.1170 0.2557 
0.3424 0.0748 0.0237 0.5591 
0.0889 0.0756 0.0810 0.7545 
0.0152 0.0099 0.6054 0.3695 
0.0057 0.0402 0.9327 0.0214 
0.0722 0.6683 0.0079 0.2516 
0.0763 0.2452 0.1948 0.4837 
0.2615 0.1750 0.4807 0.0828 
0.5492 0.2851 0.1006 0.0651 
0.1824 0.2628 0.2176 0.3372 
0.2645 0.1252 0.2469 0.3634 
0.1607 0.2950 0.2336 0.3107 
0.3241 0.1583 0.2773 0.2403 

MOTIF filter14 
letter-probability matrix: alength= 4 w= 19 nsites= 19 
0.2397 0.2201 0.3017 0.2385 
0.2860 0.2674 0.2123 0.2344 
0.1713 0.2068 0.2855 0.3364 
0.1712 0.1166 0.3332 0.3789 
0.2201 0.3230 0.2086 0.2482 
0.0730 0.4149 0.3149 0.1972 
0.4608 0.0076 0.4852 0.0463 
0.1028 0.6390 0.0275 0.2307 
0.1030 0.6432 0.2170 0.0367 
0.8673 0.0055 0.0691 0.0581 
0.0219 0.2282 0.0408 0.7092 
0.1992 0.2019 0.5846 0.0143 
0.1431 0.1661 0.3177 0.3731 
0.2750 0.2554 0.2206 0.2489 
0.2616 0.2208 0.2199 0.2977 
0.2301 0.1817 0.3538 0.2343 
0.1952 0.2986 0.2616 0.2445 
0.1972 0.2962 0.2291 0.2774 
0.1937 0.2856 0.2926 0.2280 

MOTIF filter15 
letter-probability matrix: alength= 4 w= 19 nsites= 19 
0.2967 0.2764 0.1975 0.2293 
0.1955 0.3396 0.2223 0.2426 
0.2120 0.3647 0.1942 0.2291 
0.2077 0.4209 0.1925 0.1788 
0.2768 0.2441 0.2578 0.2213 
0.3062 0.2892 0.2354 0.1693 
0.3371 0.2372 0.2180 0.2077 
0.1123 0.6589 0.1797 0.0491 
0.4076 0.2212 0.0546 0.3165 
0.1197 0.6230 0.2124 0.0450 
0.5850 0.1955 0.2125 0.0069 
0.0357 0.0723 0.1227 0.7693 
0.0147 0.4361 0.4381 0.1110 
0.4836 0.1307 0.2272 0.1585 
0.1858 0.3329 0.2377 0.2436 
0.2211 0.1974 0.1489 0.4326 
0.2207 0.3315 0.2180 0.2298 
0.3802 0.2561 0.1187 0.2450 
0.2947 0.2393 0.2573 0.2086 

MOTIF filter16 
letter-probability matrix: alength= 4 w= 19 nsites= 19 
0.2927 0.2576 0.1933 0.2564 
0.1968 0.2704 0.2020 0.3308 
0.2258 0.1972 0.2174 0.3596 
0.2968 0.2222 0.2065 0.2746 
0.4172 0.1820 0.2140 0.1868 
0.3733 0.2182 0.2336 0.1749 
0.0639 0.2969 0.0722 0.5670 
0.2040 0.0476 0.2853 0.4631 
0.5599 0.0050 0.3593 0.0758 
0.0651 0.6887 0.1676 0.0787 
0.1905 0.0141 0.3703 0.4251 
0.1217 0.3998 0.0285 0.4500 
0.6208 0.1767 0.0116 0.1908 
0.4221 0.1915 0.2897 0.0967 
0.1457 0.3498 0.1665 0.3380 
0.3541 0.1864 0.1975 0.2620 
0.1702 0.2080 0.2780 0.3438 
0.2382 0.1263 0.2972 0.3383 
0.3153 0.2443 0.1801 0.2602 

MOTIF filter17 
letter-probability matrix: alength= 4 w= 19 nsites= 19 
0.2761 0.2097 0.2234 0.2908 
0.1922 0.2122 0.3142 0.2813 
0.2687 0.2835 0.2845 0.1633 
0.2317 0.2796 0.2985 0.1903 
0.1048 0.3327 0.1541 0.4084 
0.0164 0.5541 0.3369 0.0925 
0.7417 0.0420 0.0607 0.1557 
0.2783 0.0963 0.1630 0.4624 
0.0395 0.0385 0.0144 0.9075 
0.2401 0.3301 0.4093 0.0205 
0.6850 0.0959 0.1948 0.0244 
0.1781 0.2573 0.2176 0.3471 
0.1445 0.3234 0.3091 0.2230 
0.2819 0.2759 0.2206 0.2216 
0.3080 0.1903 0.2805 0.2212 
0.1989 0.2557 0.2325 0.3129 
0.2142 0.2490 0.2810 0.2557 
0.2042 0.2092 0.2705 0.3160 
0.2538 0.2640 0.2544 0.2278 

MOTIF filter18 
letter-probability matrix: alength= 4 w= 19 nsites= 19 
0.2914 0.2447 0.2301 0.2338 
0.2312 0.2761 0.2300 0.2627 
0.2608 0.2676 0.2428 0.2289 
0.2062 0.2575 0.2137 0.3226 
0.2477 0.1494 0.2442 0.3587 
0.2927 0.1848 0.2241 0.2984 
0.2664 0.3360 0.2886 0.1090 
0.1463 0.3951 0.1257 0.3330 
0.2566 0.4734 0.1532 0.1168 
0.4692 0.0804 0.3456 0.1048 
0.0865 0.1573 0.5966 0.1597 
0.4923 0.4901 0.0084 0.0092 
0.9398 0.0071 0.0193 0.0338 
0.1628 0.2442 0.4681 0.1249 
0.2062 0.1510 0.4400 0.2027 
0.1851 0.1831 0.1576 0.4742 
0.1974 0.2131 0.2872 0.3023 
0.1754 0.2877 0.3396 0.1974 
0.2142 0.2963 0.2184 0.2711 

MOTIF filter19 
letter-probability matrix: alength= 4 w= 19 nsites= 19 
0.2789 0.2189 0.2843 0.2179 
0.2932 0.2008 0.2531 0.2530 
0.2638 0.2352 0.2116 0.2895 
0.1725 0.2234 0.2286 0.3755 
0.2185 0.2070 0.3245 0.2500 
0.3063 0.2317 0.2704 0.1915 
0.2463 0.2180 0.2562 0.2794 
0.0299 0.5112 0.1886 0.2704 
0.1015 0.4817 0.1812 0.2356 
0.6498 0.0196 0.2700 0.0607 
0.4863 0.0387 0.0516 0.4234 
0.3688 0.1725 0.0291 0.4297 
0.0159 0.2934 0.6870 0.0037 
0.1661 0.3977 0.2516 0.1846 
0.4079 0.2387 0.1926 0.1609 
0.2235 0.2278 0.2085 0.3402 
0.2521 0.2707 0.2279 0.2492 
0.2552 0.1952 0.3605 0.1891 
0.2507 0.2572 0.2409 0.2512 

MOTIF filter20 
letter-probability matrix: alength= 4 w= 19 nsites= 19 
0.2215 0.2589 0.2922 0.2275 
0.2808 0.2277 0.2309 0.2606 
0.2288 0.1452 0.3742 0.2517 
0.2301 0.3735 0.2258 0.1706 
0.3035 0.4207 0.2172 0.0587 
0.2984 0.0639 0.2826 0.3550 
0.2103 0.0729 0.2143 0.5025 
0.4485 0.2940 0.1874 0.0700 
0.0383 0.7211 0.0049 0.2357 
0.0333 0.0199 0.5622 0.3845 
0.0537 0.2348 0.5201 0.1914 
0.4731 0.3797 0.0160 0.1312 
0.3582 0.1845 0.2401 0.2171 
0.0839 0.1897 0.4681 0.2583 
0.1801 0.3582 0.1834 0.2783 
0.2370 0.2462 0.2735 0.2433 
0.2340 0.3075 0.2712 0.1873 
0.2664 0.3117 0.2512 0.1707 
0.2326 0.2864 0.2344 0.2467 

MOTIF filter21 
letter-probability matrix: alength= 4 w= 19 nsites= 19 
0.2501 0.2836 0.2481 0.2182 
0.2572 0.2136 0.2511 0.2780 
0.2201 0.2308 0.3163 0.2328 
0.3371 0.3280 0.1519 0.1829 
0.3462 0.1052 0.1952 0.3534 
0.2598 0.0361 0.5776 0.1264 
0.4857 0.0812 0.3301 0.1029 
0.0588 0.1882 0.4319 0.3210 
0.0102 0.0694 0.4841 0.4362 
0.1736 0.7589 0.0194 0.0481 
0.4705 0.0098 0.2381 0.2816 
0.0130 0.0749 0.7627 0.1494 
0.3944 0.3186 0.2324 0.0546 
0.3210 0.1971 0.3763 0.1056 
0.2162 0.2692 0.1719 0.3427 
0.2786 0.3067 0.1706 0.2440 
0.3801 0.1429 0.2059 0.2711 
0.1968 0.2266 0.2656 0.3110 
0.2622 0.2594 0.2428 0.2355 

MOTIF filter22 
letter-probability matrix: alength= 4 w= 19 nsites= 19 
0.2681 0.2554 0.2235 0.2530 
0.2664 0.2366 0.2401 0.2568 
0.2492 0.2329 0.2634 0.2545 
0.2694 0.2750 0.2348 0.2208 
0.1952 0.2894 0.2347 0.2806 
0.2347 0.3434 0.2672 0.1547 
0.3424 0.2333 0.2410 0.1833 
0.3047 0.2632 0.1511 0.2810 
0.1309 0.0256 0.2343 0.6092 
0.0226 0.0908 0.2289 0.6576 
0.3808 0.4392 0.1700 0.0100 
0.6057 0.3120 0.0114 0.0709 
0.1981 0.1145 0.3925 0.2950 
0.1504 0.2405 0.4231 0.1860 
0.0492 0.1478 0.5009 0.3021 
0.2916 0.2930 0.2435 0.1720 
0.4166 0.2395 0.1620 0.1819 
0.2851 0.2210 0.2706 0.2233 
0.2317 0.2634 0.2362 0.2687 

MOTIF filter23 
letter-probability matrix: alength= 4 w= 19 nsites= 19 
0.2899 0.2615 0.2422 0.2064 
0.3064 0.2308 0.2608 0.2019 
0.2074 0.1252 0.2302 0.4371 
0.0342 0.3171 0.1013 0.5474 
0.1070 0.0452 0.2975 0.5503 
0.6720 0.3049 0.0121 0.0110 
0.3838 0.2781 0.2206 0.1175 
0.2579 0.0204 0.0062 0.7156 
0.2828 0.4977 0.0500 0.1694 
0.8317 0.0522 0.0354 0.0807 
0.0099 0.1998 0.0859 0.7044 
0.5387 0.1389 0.1824 0.1400 
0.2082 0.0724 0.5423 0.1770 
0.1895 0.4600 0.2446 0.1058 
0.1858 0.2529 0.4537 0.1076 
0.1554 0.2891 0.3097 0.2458 
0.2278 0.4356 0.1576 0.1790 
0.2310 0.2711 0.2462 0.2517 
0.1905 0.2333 0.3241 0.2521 

MOTIF filter24 
letter-probability matrix: alength= 4 w= 19 nsites= 19 
0.2305 0.2355 0.2557 0.2782 
0.2531 0.2655 0.2519 0.2294 
0.2379 0.2495 0.2477 0.2648 
0.2299 0.2638 0.2579 0.2483 
0.1950 0.2884 0.2571 0.2595 
0.2493 0.2643 0.2414 0.2450 
0.2272 0.2536 0.2588 0.2604 
0.2678 0.2535 0.2331 0.2456 
0.2044 0.2814 0.2485 0.2657 
0.3417 0.1515 0.2839 0.2229 
0.2469 0.3877 0.3330 0.0324 
0.1414 0.2321 0.2402 0.3863 
0.0739 0.4031 0.0674 0.4556 
0.0890 0.5790 0.0994 0.2326 
0.1452 0.5875 0.1387 0.1286 
0.1547 0.3599 0.3312 0.1543 
0.3093 0.2342 0.2740 0.1824 
0.3420 0.2539 0.2677 0.1363 
0.0103 0.3088 0.4652 0.2158 

MOTIF filter25 
letter-probability matrix: alength= 4 w= 19 nsites= 19 
0.2545 0.2432 0.2561 0.2462 
0.2463 0.2452 0.2468 0.2617 
0.2294 0.2397 0.2560 0.2749 
0.2759 0.2129 0.2789 0.2323 
0.2590 0.2353 0.2745 0.2312 
0.3138 0.2579 0.2607 0.1676 
0.2957 0.2968 0.2100 0.1976 
0.0079 0.8565 0.0376 0.0979 
0.7038 0.0704 0.0647 0.1611 
0.0332 0.6763 0.0392 0.2512 
0.2818 0.0149 0.6309 0.0724 
0.1646 0.0412 0.0452 0.7490 
0.0806 0.0681 0.8466 0.0047 
0.1497 0.2379 0.3500 0.2624 
0.2294 0.2760 0.2059 0.2887 
0.2584 0.2525 0.2269 0.2623 
0.2401 0.2635 0.2476 0.2488 
0.2670 0.2514 0.2478 0.2338 
0.2447 0.2607 0.2248 0.2698 

MOTIF filter26 
letter-probability matrix: alength= 4 w= 19 nsites= 19 
0.2378 0.2474 0.2481 0.2667 
0.2636 0.2308 0.2857 0.2200 
0.2855 0.1883 0.2574 0.2687 
0.2886 0.2060 0.2710 0.2344 
0.2429 0.1927 0.2734 0.2910 
0.2620 0.2741 0.2159 0.2480 
0.1931 0.3290 0.1173 0.3606 
0.2248 0.3433 0.2456 0.1863 
0.3249 0.3534 0.1696 0.1521 
0.1079 0.2614 0.5554 0.0752 
0.0634 0.0115 0.0147 0.9104 
0.0287 0.4645 0.4945 0.0123 
0.9079 0.0036 0.0441 0.0443 
0.0888 0.2567 0.4958 0.1586 
0.1914 0.4182 0.0867 0.3038 
0.2127 0.3062 0.2665 0.2146 
0.3056 0.1484 0.3108 0.2353 
0.2716 0.1945 0.2029 0.3310 
0.2849 0.2110 0.2262 0.2780 

MOTIF filter27 
letter-probability matrix: alength= 4 w= 19 nsites= 19 
0.2617 0.3130 0.1643 0.2610 
0.2019 0.2862 0.1883 0.3236 
0.3140 0.3423 0.2157 0.1280 
0.1536 0.1876 0.2359 0.4228 
0.3126 0.2788 0.2388 0.1698 
0.2649 0.0498 0.2845 0.4007 
0.2715 0.1930 0.2506 0.2848 
0.2511 0.0272 0.2905 0.4312 
0.3026 0.5179 0.0071 0.1724 
0.4723 0.0264 0.3671 0.1343 
0.3526 0.5090 0.0113 0.1270 
0.2525 0.0939 0.4117 0.2418 
0.4164 0.1694 0.1011 0.3131 
0.1355 0.2607 0.4604 0.1434 
0.2374 0.3101 0.2783 0.1742 
0.2263 0.2396 0.2574 0.2767 
0.2267 0.2165 0.2557 0.3011 
0.2935 0.1992 0.1929 0.3144 
0.2030 0.3257 0.2118 0.2596 

MOTIF filter28 
letter-probability matrix: alength= 4 w= 19 nsites= 19 
0.2112 0.3322 0.2206 0.2360 
0.1530 0.2243 0.2386 0.3841 
0.4342 0.2322 0.3151 0.0185 
0.1774 0.4061 0.0498 0.3668 
0.1726 0.4479 0.1078 0.2717 
0.2915 0.0835 0.4319 0.1931 
0.3935 0.0457 0.3821 0.1787 
0.0081 0.4418 0.1679 0.3822 
0.5018 0.1477 0.1665 0.1840 
0.2122 0.2365 0.4251 0.1262 
0.2776 0.2725 0.2443 0.2056 
0.3014 0.2226 0.2499 0.2261 
0.2175 0.2506 0.2380 0.2939 
0.2313 0.2543 0.2405 0.2739 
0.2581 0.2621 0.2365 0.2433 
0.2564 0.3115 0.2085 0.2236 
0.2335 0.2838 0.2573 0.2254 
0.2798 0.2506 0.2365 0.2331 
0.2507 0.2479 0.2479 0.2535 

MOTIF filter29 
letter-probability matrix: alength= 4 w= 19 nsites= 19 
0.2016 0.2500 0.2896 0.2588 
0.1975 0.2579 0.2681 0.2765 
0.1503 0.2989 0.3472 0.2036 
0.1499 0.4105 0.2536 0.1859 
0.2527 0.2463 0.2870 0.2139 
0.1532 0.4157 0.3386 0.0924 
0.2714 0.2913 0.1463 0.2910 
0.2470 0.1381 0.1564 0.4585 
0.0766 0.4767 0.3143 0.1325 
0.2102 0.5954 0.0884 0.1061 
0.2063 0.0076 0.6909 0.0952 
0.0479 0.7749 0.1231 0.0541 
0.3648 0.2575 0.1134 0.2643 
0.4103 0.1117 0.0269 0.4511 
0.1297 0.2904 0.3672 0.2128 
0.1459 0.2974 0.1651 0.3916 
0.2141 0.1976 0.3385 0.2498 
0.2983 0.2117 0.2032 0.2868 
0.2125 0.2445 0.3019 0.2411 

