MEME version 4

ALPHABET= ACGT

Background letter frequencies:
A 0.2500 C 0.2500 G 0.2500 T 0.2500 

MOTIF filter0 
letter-probability matrix: alength= 4 w= 19 nsites= 19 
0.2608 0.2330 0.2594 0.2468 
0.2423 0.2474 0.2544 0.2558 
0.2304 0.2386 0.2417 0.2892 
0.2747 0.2125 0.2480 0.2649 
0.2526 0.2700 0.2520 0.2254 
0.2634 0.2573 0.2476 0.2316 
0.2362 0.2529 0.2884 0.2225 
0.2602 0.1854 0.2780 0.2764 
0.0707 0.6521 0.2628 0.0144 
0.1216 0.8384 0.0286 0.0113 
0.0106 0.0095 0.9672 0.0127 
0.0153 0.0265 0.9420 0.0162 
0.9443 0.0321 0.0088 0.0149 
0.9611 0.0124 0.0109 0.0156 
0.1511 0.0862 0.7464 0.0163 
0.1112 0.3079 0.0787 0.5021 
0.2248 0.1595 0.5002 0.1155 
0.2343 0.2853 0.3822 0.0982 
0.2333 0.3365 0.2351 0.1951 

MOTIF filter1 
letter-probability matrix: alength= 4 w= 19 nsites= 19 
0.9599 0.0151 0.0138 0.0113 
0.0174 0.0063 0.0078 0.9684 
0.0484 0.2681 0.0095 0.6741 
0.9468 0.0079 0.0072 0.0382 
0.9766 0.0066 0.0105 0.0063 
0.9245 0.0061 0.0281 0.0414 
0.1902 0.2284 0.2464 0.3350 
0.3949 0.2370 0.1795 0.1886 
0.2944 0.2158 0.2583 0.2316 
0.2147 0.2332 0.2853 0.2668 
0.1611 0.3320 0.2546 0.2522 
0.2754 0.2829 0.1641 0.2776 
0.2435 0.2440 0.2909 0.2216 
0.2551 0.2893 0.2012 0.2544 
0.2656 0.1997 0.2792 0.2555 
0.3165 0.2151 0.1976 0.2709 
0.3611 0.1716 0.2771 0.1902 
0.2692 0.2489 0.2226 0.2593 
0.2963 0.2343 0.2521 0.2173 

MOTIF filter2 
letter-probability matrix: alength= 4 w= 19 nsites= 19 
0.3348 0.2532 0.2169 0.1952 
0.2975 0.2574 0.2850 0.1601 
0.2734 0.2511 0.2720 0.2034 
0.2344 0.2001 0.1940 0.3716 
0.2519 0.2318 0.2623 0.2540 
0.2281 0.2223 0.2771 0.2725 
0.5827 0.0574 0.0082 0.3518 
0.0336 0.0238 0.0132 0.9293 
0.0291 0.0299 0.0118 0.9292 
0.6741 0.0238 0.2492 0.0529 
0.9348 0.0122 0.0290 0.0241 
0.0809 0.0096 0.0249 0.8846 
0.2189 0.2613 0.2740 0.2458 
0.1459 0.2728 0.2518 0.3294 
0.2600 0.2031 0.3037 0.2332 
0.1552 0.3076 0.2309 0.3063 
0.3332 0.2468 0.2545 0.1656 
0.2142 0.2873 0.2532 0.2453 
0.2827 0.2803 0.2316 0.2054 

MOTIF filter3 
letter-probability matrix: alength= 4 w= 19 nsites= 19 
0.2679 0.2194 0.2005 0.3121 
0.2592 0.2549 0.2753 0.2107 
0.2311 0.3109 0.2377 0.2203 
0.2228 0.2361 0.2871 0.2540 
0.2514 0.2825 0.2414 0.2247 
0.2416 0.2452 0.2705 0.2426 
0.2001 0.1205 0.4512 0.2282 
0.1848 0.4684 0.1695 0.1774 
0.2301 0.3274 0.2755 0.1670 
0.1873 0.0322 0.5862 0.1943 
0.0162 0.9224 0.0254 0.0360 
0.0106 0.9570 0.0220 0.0104 
0.9378 0.0185 0.0277 0.0161 
0.0196 0.0222 0.0168 0.9414 
0.0610 0.4031 0.2026 0.3332 
0.0486 0.1524 0.0543 0.7447 
0.0138 0.1172 0.0204 0.8487 
0.1576 0.1813 0.4506 0.2104 
0.2990 0.1873 0.2400 0.2737 

MOTIF filter4 
letter-probability matrix: alength= 4 w= 19 nsites= 19 
0.1534 0.2216 0.4042 0.2208 
0.3118 0.2536 0.2027 0.2318 
0.0240 0.7044 0.1596 0.1120 
0.0643 0.6528 0.1018 0.1812 
0.5176 0.1110 0.0911 0.2804 
0.2203 0.0131 0.0569 0.7097 
0.7870 0.1030 0.1001 0.0100 
0.0327 0.1042 0.0931 0.7700 
0.7435 0.0776 0.0080 0.1709 
0.2463 0.0894 0.0787 0.5856 
0.2127 0.1144 0.6206 0.0523 
0.0576 0.1567 0.6380 0.1477 
0.1878 0.1987 0.2987 0.3148 
0.3184 0.3849 0.1365 0.1602 
0.3528 0.1579 0.2076 0.2817 
0.1940 0.3362 0.2103 0.2595 
0.2070 0.2445 0.2935 0.2550 
0.2657 0.1960 0.2410 0.2973 
0.1737 0.2811 0.3005 0.2448 

MOTIF filter5 
letter-probability matrix: alength= 4 w= 19 nsites= 19 
0.6145 0.3624 0.0200 0.0032 
0.1714 0.4373 0.3328 0.0585 
0.1880 0.6062 0.1210 0.0848 
0.0742 0.3975 0.3934 0.1350 
0.2419 0.1579 0.5814 0.0187 
0.1269 0.0489 0.5786 0.2456 
0.4857 0.1875 0.0568 0.2700 
0.1176 0.0535 0.3649 0.4640 
0.2895 0.1109 0.2692 0.3305 
0.5294 0.1079 0.0633 0.2994 
0.5751 0.1137 0.0681 0.2431 
0.0243 0.0335 0.0873 0.8549 
0.1474 0.0251 0.3189 0.5086 
0.2630 0.1065 0.0631 0.5674 
0.5007 0.0361 0.3158 0.1474 
0.6836 0.0735 0.1194 0.1234 
0.0372 0.0584 0.1391 0.7653 
0.0407 0.3349 0.3737 0.2507 
0.0757 0.2062 0.5461 0.1720 

MOTIF filter6 
letter-probability matrix: alength= 4 w= 19 nsites= 19 
0.2484 0.2455 0.2461 0.2601 
0.1737 0.2372 0.3119 0.2773 
0.0905 0.3328 0.3117 0.2650 
0.1443 0.4465 0.2348 0.1744 
0.4990 0.0798 0.3307 0.0905 
0.0166 0.7280 0.0900 0.1655 
0.0283 0.0117 0.0174 0.9426 
0.0130 0.0280 0.0086 0.9505 
0.0200 0.9535 0.0145 0.0120 
0.0233 0.9428 0.0147 0.0192 
0.0148 0.0233 0.8190 0.1428 
0.0182 0.2612 0.6192 0.1014 
0.2328 0.2719 0.2540 0.2413 
0.2110 0.2699 0.2542 0.2649 
0.1956 0.2341 0.2935 0.2768 
0.2315 0.2621 0.2459 0.2604 
0.2646 0.2412 0.2532 0.2409 
0.2523 0.2280 0.2884 0.2314 
0.2529 0.2042 0.2908 0.2521 

MOTIF filter7 
letter-probability matrix: alength= 4 w= 19 nsites= 19 
0.2446 0.3056 0.2961 0.1537 
0.0265 0.9337 0.0172 0.0227 
0.8926 0.0131 0.0572 0.0371 
0.0092 0.8799 0.0203 0.0907 
0.0893 0.0233 0.8736 0.0137 
0.0398 0.0667 0.0041 0.8894 
0.0028 0.0179 0.9512 0.0281 
0.1733 0.2851 0.3022 0.2394 
0.1986 0.2685 0.1839 0.3490 
0.2690 0.2237 0.2611 0.2462 
0.2602 0.2542 0.2589 0.2268 
0.2447 0.2282 0.2508 0.2763 
0.2550 0.2664 0.2426 0.2360 
0.2334 0.2756 0.2519 0.2391 
0.2332 0.2457 0.2499 0.2711 
0.2431 0.2530 0.2552 0.2487 
0.2243 0.2746 0.2457 0.2554 
0.2495 0.2533 0.2627 0.2344 
0.2577 0.2532 0.2354 0.2537 

MOTIF filter8 
letter-probability matrix: alength= 4 w= 19 nsites= 19 
0.2360 0.2315 0.2592 0.2733 
0.2514 0.2515 0.2578 0.2392 
0.2792 0.2436 0.2455 0.2317 
0.2438 0.2697 0.2596 0.2269 
0.2548 0.2360 0.2702 0.2390 
0.2245 0.2384 0.2579 0.2793 
0.2448 0.2412 0.2604 0.2536 
0.2185 0.2821 0.2382 0.2612 
0.2539 0.2475 0.2507 0.2478 
0.2561 0.2742 0.2299 0.2397 
0.3772 0.2141 0.3267 0.0820 
0.0573 0.0474 0.0271 0.8681 
0.0345 0.0288 0.2125 0.7243 
0.3227 0.0341 0.4612 0.1820 
0.1071 0.5694 0.1047 0.2188 
0.2372 0.0870 0.5751 0.1006 
0.1916 0.4755 0.0114 0.3215 
0.7219 0.1990 0.0383 0.0409 
0.8477 0.0570 0.0558 0.0395 

MOTIF filter9 
letter-probability matrix: alength= 4 w= 19 nsites= 19 
0.2557 0.3044 0.1950 0.2448 
0.3259 0.2593 0.2297 0.1851 
0.2503 0.1515 0.3409 0.2573 
0.2245 0.3014 0.2685 0.2056 
0.2652 0.2312 0.2302 0.2734 
0.2525 0.2751 0.2262 0.2461 
0.2424 0.2088 0.2656 0.2831 
0.2082 0.3099 0.2692 0.2126 
0.3359 0.1704 0.1726 0.3211 
0.2175 0.2756 0.1973 0.3097 
0.9094 0.0270 0.0144 0.0492 
0.0178 0.0095 0.0206 0.9521 
0.0196 0.3027 0.0227 0.6549 
0.9625 0.0158 0.0115 0.0102 
0.9602 0.0104 0.0187 0.0107 
0.4259 0.0151 0.0444 0.5146 
0.3576 0.2694 0.2098 0.1632 
0.2222 0.2576 0.2942 0.2260 
0.2060 0.2713 0.2665 0.2562 

MOTIF filter10 
letter-probability matrix: alength= 4 w= 19 nsites= 19 
0.9711 0.0066 0.0159 0.0064 
0.0141 0.9451 0.0111 0.0298 
0.0381 0.0200 0.9282 0.0137 
0.0218 0.0206 0.0124 0.9452 
0.0145 0.0106 0.9569 0.0179 
0.1300 0.2627 0.3733 0.2341 
0.1448 0.2610 0.2108 0.3834 
0.3041 0.1858 0.2588 0.2514 
0.2403 0.3082 0.2133 0.2382 
0.2256 0.2223 0.3006 0.2515 
0.2387 0.2544 0.2217 0.2853 
0.2256 0.2546 0.2806 0.2392 
0.1909 0.2703 0.2659 0.2729 
0.2750 0.2511 0.2046 0.2693 
0.2400 0.2937 0.2245 0.2418 
0.2229 0.2908 0.2594 0.2269 
0.2108 0.3171 0.2246 0.2476 
0.2644 0.2545 0.2607 0.2204 
0.2959 0.2448 0.2796 0.1797 

MOTIF filter11 
letter-probability matrix: alength= 4 w= 19 nsites= 19 
0.2257 0.2529 0.2634 0.2580 
0.2737 0.2270 0.2592 0.2401 
0.2597 0.2507 0.2539 0.2357 
0.2471 0.2356 0.2753 0.2420 
0.2595 0.2684 0.2508 0.2212 
0.2707 0.2585 0.2270 0.2438 
0.2883 0.2508 0.2246 0.2363 
0.2471 0.2444 0.2597 0.2489 
0.2278 0.2484 0.2581 0.2657 
0.1980 0.2136 0.1776 0.4108 
0.0221 0.0414 0.0190 0.9175 
0.0104 0.0288 0.0668 0.8940 
0.1432 0.8028 0.0236 0.0303 
0.0657 0.6148 0.0084 0.3111 
0.2670 0.2197 0.2494 0.2639 
0.2841 0.0108 0.6539 0.0511 
0.0293 0.0184 0.7704 0.1818 
0.9054 0.0683 0.0090 0.0173 
0.9257 0.0232 0.0379 0.0132 

MOTIF filter12 
letter-probability matrix: alength= 4 w= 19 nsites= 19 
0.0701 0.6795 0.0282 0.2222 
0.2225 0.5441 0.1232 0.1103 
0.3625 0.3560 0.1209 0.1606 
0.3774 0.2286 0.0070 0.3870 
0.1988 0.3299 0.3982 0.0732 
0.0410 0.0253 0.0749 0.8588 
0.6062 0.0155 0.1495 0.2289 
0.1147 0.1675 0.4483 0.2695 
0.2821 0.0347 0.5526 0.1306 
0.2728 0.0089 0.6316 0.0867 
0.1106 0.1734 0.4540 0.2620 
0.1071 0.3151 0.2471 0.3307 
0.3922 0.0782 0.0476 0.4820 
0.1039 0.1987 0.4938 0.2036 
0.1037 0.1905 0.4778 0.2280 
0.3300 0.3705 0.1632 0.1363 
0.3203 0.1683 0.3623 0.1491 
0.3091 0.1710 0.2436 0.2763 
0.1636 0.2335 0.3116 0.2913 

MOTIF filter13 
letter-probability matrix: alength= 4 w= 19 nsites= 19 
0.2356 0.2840 0.2447 0.2357 
0.2417 0.2452 0.2508 0.2623 
0.2783 0.2496 0.2443 0.2278 
0.4273 0.0960 0.1892 0.2875 
0.4303 0.0821 0.1307 0.3568 
0.3929 0.0560 0.1200 0.4310 
0.2678 0.2188 0.1762 0.3372 
0.0916 0.0129 0.0414 0.8542 
0.0231 0.0191 0.9436 0.0142 
0.1869 0.7837 0.0149 0.0144 
0.0216 0.0297 0.0133 0.9354 
0.0172 0.0173 0.8409 0.1246 
0.9594 0.0132 0.0146 0.0128 
0.1451 0.3959 0.2547 0.2043 
0.2534 0.1771 0.1377 0.4318 
0.2240 0.2646 0.1975 0.3139 
0.3207 0.1123 0.2623 0.3048 
0.2042 0.1256 0.4480 0.2222 
0.3013 0.2313 0.2579 0.2095 

MOTIF filter14 
letter-probability matrix: alength= 4 w= 19 nsites= 19 
0.2285 0.2711 0.3367 0.1636 
0.1490 0.2599 0.2299 0.3613 
0.1550 0.2425 0.3058 0.2966 
0.2280 0.2395 0.2111 0.3214 
0.2724 0.2595 0.2916 0.1766 
0.1866 0.2586 0.3940 0.1607 
0.2422 0.2165 0.3530 0.1883 
0.1927 0.2257 0.3928 0.1888 
0.0117 0.5520 0.2213 0.2151 
0.0748 0.6199 0.0187 0.2866 
0.0309 0.9139 0.0387 0.0165 
0.0233 0.9227 0.0431 0.0110 
0.1812 0.0107 0.5417 0.2663 
0.0284 0.9385 0.0186 0.0144 
0.0130 0.9250 0.0297 0.0322 
0.0123 0.5363 0.0182 0.4333 
0.1679 0.5691 0.0209 0.2421 
0.0428 0.5618 0.0674 0.3280 
0.2100 0.2260 0.2030 0.3610 

MOTIF filter15 
letter-probability matrix: alength= 4 w= 19 nsites= 19 
0.4144 0.1121 0.1672 0.3063 
0.1825 0.3104 0.3827 0.1244 
0.0171 0.0272 0.0152 0.9405 
0.1383 0.8170 0.0195 0.0251 
0.9433 0.0143 0.0191 0.0233 
0.0208 0.0099 0.8192 0.1501 
0.0120 0.9582 0.0161 0.0137 
0.8684 0.0276 0.0158 0.0882 
0.2901 0.1858 0.1881 0.3360 
0.4054 0.1196 0.0564 0.4186 
0.3432 0.1522 0.0777 0.4269 
0.3449 0.1811 0.0958 0.3781 
0.2281 0.2527 0.2822 0.2371 
0.2772 0.2376 0.2360 0.2492 
0.2757 0.2830 0.2422 0.1990 
0.2709 0.2507 0.2376 0.2408 
0.2590 0.2535 0.2724 0.2152 
0.2638 0.2580 0.2349 0.2434 
0.2580 0.2411 0.2700 0.2310 

MOTIF filter16 
letter-probability matrix: alength= 4 w= 19 nsites= 19 
0.2171 0.2481 0.2740 0.2608 
0.2839 0.1944 0.2760 0.2457 
0.2665 0.2574 0.2357 0.2404 
0.2450 0.2401 0.2557 0.2592 
0.2557 0.2531 0.2369 0.2543 
0.2642 0.2310 0.2504 0.2543 
0.2680 0.2227 0.2481 0.2611 
0.3055 0.1541 0.4112 0.1292 
0.2610 0.0197 0.5495 0.1697 
0.3306 0.0108 0.6295 0.0291 
0.0420 0.0276 0.8923 0.0381 
0.0436 0.0253 0.9155 0.0156 
0.2879 0.4728 0.0109 0.2284 
0.0524 0.0335 0.8944 0.0197 
0.0407 0.0271 0.8750 0.0573 
0.3504 0.0183 0.5732 0.0581 
0.2406 0.1512 0.5856 0.0225 
0.2141 0.3743 0.2266 0.1850 
0.2227 0.3056 0.2362 0.2356 

MOTIF filter17 
letter-probability matrix: alength= 4 w= 19 nsites= 19 
0.2976 0.2137 0.2259 0.2628 
0.2348 0.2666 0.2587 0.2400 
0.2424 0.2061 0.2923 0.2591 
0.2633 0.2472 0.1656 0.3238 
0.3056 0.3042 0.1743 0.2159 
0.2561 0.2368 0.3179 0.1892 
0.2849 0.2679 0.3006 0.1465 
0.0735 0.0085 0.0092 0.9089 
0.0076 0.0132 0.0221 0.9572 
0.0168 0.0075 0.0217 0.9540 
0.6622 0.0066 0.3048 0.0264 
0.9607 0.0157 0.0108 0.0127 
0.0091 0.0065 0.0094 0.9750 
0.2876 0.3115 0.2203 0.1806 
0.2650 0.2605 0.2331 0.2414 
0.1875 0.2829 0.2040 0.3256 
0.2916 0.2289 0.2970 0.1825 
0.1848 0.2279 0.3241 0.2631 
0.2145 0.2660 0.2029 0.3166 

MOTIF filter18 
letter-probability matrix: alength= 4 w= 19 nsites= 19 
0.2409 0.2791 0.2527 0.2274 
0.2169 0.2935 0.2465 0.2432 
0.2273 0.2599 0.2400 0.2727 
0.4133 0.1679 0.3663 0.0524 
0.0111 0.0073 0.0171 0.9645 
0.0126 0.0095 0.0997 0.8781 
0.2916 0.0112 0.5045 0.1927 
0.0538 0.7467 0.0362 0.1632 
0.1742 0.0445 0.7307 0.0506 
0.1688 0.5489 0.0077 0.2746 
0.8685 0.1072 0.0129 0.0114 
0.9401 0.0242 0.0194 0.0164 
0.0296 0.3551 0.1135 0.5017 
0.2511 0.2446 0.2530 0.2513 
0.2819 0.2124 0.2579 0.2478 
0.2490 0.2378 0.2717 0.2415 
0.2626 0.2535 0.2456 0.2383 
0.2401 0.2891 0.2150 0.2559 
0.2694 0.2584 0.2616 0.2106 

MOTIF filter19 
letter-probability matrix: alength= 4 w= 19 nsites= 19 
0.1636 0.5421 0.1512 0.1431 
0.8764 0.0142 0.0769 0.0326 
0.8192 0.0515 0.1050 0.0243 
0.3404 0.2173 0.3655 0.0768 
0.9685 0.0071 0.0147 0.0096 
0.0114 0.0112 0.0099 0.9675 
0.0101 0.0189 0.9609 0.0101 
0.0193 0.0111 0.9574 0.0122 
0.1864 0.6049 0.0228 0.1860 
0.1703 0.2422 0.3528 0.2347 
0.1649 0.1902 0.5071 0.1378 
0.2223 0.4921 0.0800 0.2056 
0.2428 0.2398 0.2295 0.2879 
0.2334 0.2114 0.2884 0.2668 
0.2497 0.2821 0.2468 0.2215 
0.2367 0.2758 0.2416 0.2459 
0.2411 0.2415 0.2930 0.2244 
0.2474 0.2050 0.2646 0.2830 
0.2549 0.2290 0.2353 0.2808 

MOTIF filter20 
letter-probability matrix: alength= 4 w= 19 nsites= 19 
0.2666 0.4938 0.1270 0.1125 
0.0076 0.8164 0.1014 0.0745 
0.0098 0.9148 0.0058 0.0696 
0.4770 0.0384 0.0853 0.3994 
0.0650 0.0180 0.0210 0.8960 
0.8804 0.0544 0.0314 0.0338 
0.0075 0.0544 0.0302 0.9079 
0.8897 0.0496 0.0203 0.0404 
0.3439 0.0497 0.0149 0.5915 
0.0675 0.0378 0.8754 0.0193 
0.0076 0.0277 0.9597 0.0050 
0.1251 0.0627 0.1783 0.6339 
0.2391 0.3910 0.2088 0.1612 
0.4190 0.0999 0.2554 0.2256 
0.3256 0.3096 0.1621 0.2026 
0.2152 0.1935 0.4040 0.1873 
0.2750 0.2897 0.3020 0.1333 
0.2374 0.1907 0.2847 0.2873 
0.1978 0.2283 0.3198 0.2542 

MOTIF filter21 
letter-probability matrix: alength= 4 w= 19 nsites= 19 
0.2461 0.2483 0.2702 0.2353 
0.2337 0.2907 0.2394 0.2362 
0.2508 0.2176 0.2605 0.2711 
0.2642 0.2612 0.2306 0.2441 
0.2372 0.2503 0.2559 0.2566 
0.2734 0.2820 0.1971 0.2475 
0.1448 0.1204 0.3409 0.3939 
0.0763 0.6975 0.0275 0.1987 
0.0096 0.0134 0.0126 0.9644 
0.9614 0.0071 0.0237 0.0079 
0.2810 0.0121 0.0433 0.6636 
0.3378 0.0127 0.0083 0.6412 
0.5880 0.0079 0.0102 0.3938 
0.5465 0.0344 0.0075 0.4115 
0.0117 0.0110 0.0237 0.9536 
0.9395 0.0117 0.0386 0.0102 
0.1525 0.0297 0.7237 0.0942 
0.4058 0.3796 0.1007 0.1139 
0.2314 0.2373 0.3153 0.2161 

MOTIF filter22 
letter-probability matrix: alength= 4 w= 19 nsites= 19 
0.2461 0.2474 0.2537 0.2529 
0.2512 0.2631 0.2538 0.2319 
0.2345 0.2566 0.2699 0.2390 
0.3507 0.2207 0.3494 0.0792 
0.0233 0.0167 0.0097 0.9503 
0.0279 0.0174 0.8538 0.1008 
0.9498 0.0164 0.0151 0.0187 
0.0621 0.4158 0.4711 0.0510 
0.0133 0.0058 0.0191 0.9618 
0.0742 0.8945 0.0122 0.0191 
0.9399 0.0155 0.0239 0.0207 
0.0574 0.3761 0.2293 0.3372 
0.2107 0.3018 0.2482 0.2393 
0.2273 0.2309 0.2808 0.2610 
0.2442 0.2406 0.2672 0.2480 
0.2722 0.2322 0.2534 0.2422 
0.2250 0.2855 0.2429 0.2466 
0.2465 0.2419 0.2614 0.2501 
0.2576 0.2615 0.2506 0.2304 

MOTIF filter23 
letter-probability matrix: alength= 4 w= 19 nsites= 19 
0.1291 0.1810 0.3944 0.2954 
0.0086 0.5317 0.1389 0.3207 
0.0726 0.6602 0.0087 0.2585 
0.0162 0.9477 0.0278 0.0083 
0.0246 0.9118 0.0134 0.0502 
0.2540 0.0173 0.3653 0.3633 
0.0171 0.9530 0.0194 0.0105 
0.0164 0.9528 0.0135 0.0173 
0.0073 0.6224 0.0101 0.3602 
0.1580 0.6355 0.0123 0.1941 
0.1222 0.4408 0.1279 0.3090 
0.2638 0.2903 0.2582 0.1877 
0.2587 0.2734 0.2673 0.2006 
0.2340 0.2942 0.2839 0.1878 
0.2259 0.2498 0.2970 0.2273 
0.2466 0.2276 0.2798 0.2460 
0.1897 0.3237 0.2301 0.2565 
0.2429 0.2694 0.2046 0.2832 
0.2123 0.2588 0.2747 0.2541 

MOTIF filter24 
letter-probability matrix: alength= 4 w= 19 nsites= 19 
0.2972 0.1931 0.2074 0.3023 
0.2351 0.2158 0.2315 0.3177 
0.2258 0.1886 0.1513 0.4342 
0.2750 0.2617 0.2375 0.2258 
0.3330 0.2084 0.1691 0.2894 
0.2720 0.3020 0.2006 0.2254 
0.2492 0.2090 0.2752 0.2666 
0.2834 0.1798 0.1665 0.3703 
0.1605 0.2982 0.2234 0.3179 
0.1134 0.2253 0.4222 0.2391 
0.0097 0.6603 0.0817 0.2483 
0.0282 0.6369 0.0175 0.3173 
0.0108 0.9418 0.0316 0.0158 
0.0293 0.9023 0.0109 0.0576 
0.1991 0.0081 0.4199 0.3730 
0.0111 0.9491 0.0135 0.0263 
0.0084 0.9623 0.0101 0.0192 
0.0311 0.7911 0.0113 0.1665 
0.2637 0.5400 0.0192 0.1771 

MOTIF filter25 
letter-probability matrix: alength= 4 w= 19 nsites= 19 
0.0904 0.0728 0.0244 0.8124 
0.1170 0.0680 0.4570 0.3581 
0.2658 0.3924 0.1577 0.1842 
0.0669 0.8761 0.0300 0.0270 
0.0078 0.8698 0.0579 0.0645 
0.5599 0.0833 0.1233 0.2336 
0.0543 0.0113 0.0153 0.9190 
0.9372 0.0230 0.0291 0.0106 
0.0183 0.0860 0.0289 0.8669 
0.8131 0.0177 0.0222 0.1470 
0.1855 0.0618 0.0500 0.7028 
0.0478 0.1238 0.6727 0.1557 
0.0098 0.0246 0.8867 0.0789 
0.1895 0.1314 0.4173 0.2618 
0.3047 0.5390 0.1113 0.0450 
0.5096 0.1071 0.1330 0.2503 
0.2610 0.2152 0.2851 0.2387 
0.3045 0.3457 0.1112 0.2387 
0.2206 0.1664 0.3522 0.2608 

MOTIF filter26 
letter-probability matrix: alength= 4 w= 19 nsites= 19 
0.2231 0.2594 0.2895 0.2280 
0.2261 0.2317 0.2686 0.2737 
0.3049 0.2380 0.2629 0.1941 
0.2295 0.2761 0.2602 0.2343 
0.2393 0.2401 0.2719 0.2487 
0.2698 0.2441 0.2409 0.2451 
0.2420 0.2554 0.2700 0.2325 
0.2105 0.1507 0.5304 0.1083 
0.1989 0.0098 0.6454 0.1459 
0.2618 0.0074 0.7214 0.0094 
0.0165 0.0082 0.9687 0.0066 
0.0258 0.0162 0.9363 0.0216 
0.2779 0.4909 0.0073 0.2239 
0.0328 0.0109 0.9452 0.0111 
0.0061 0.0114 0.9767 0.0058 
0.2372 0.0089 0.7239 0.0300 
0.2904 0.0866 0.6131 0.0098 
0.2951 0.3538 0.2651 0.0860 
0.3175 0.1978 0.2570 0.2277 

MOTIF filter27 
letter-probability matrix: alength= 4 w= 19 nsites= 19 
0.2478 0.2347 0.2540 0.2635 
0.1422 0.4416 0.2206 0.1955 
0.1411 0.2282 0.1482 0.4824 
0.2241 0.2461 0.4535 0.0763 
0.6430 0.1421 0.1137 0.1012 
0.2013 0.1524 0.0830 0.5633 
0.0576 0.2118 0.0717 0.6589 
0.0915 0.1427 0.6462 0.1196 
0.2178 0.0958 0.6773 0.0090 
0.2859 0.2272 0.1947 0.2923 
0.0113 0.6017 0.1433 0.2437 
0.1538 0.6031 0.1550 0.0882 
0.5866 0.1204 0.2431 0.0499 
0.5058 0.1095 0.1555 0.2291 
0.1449 0.0935 0.1410 0.6205 
0.0869 0.4236 0.2316 0.2578 
0.4760 0.1636 0.2121 0.1483 
0.2156 0.2054 0.4238 0.1552 
0.2526 0.2395 0.2597 0.2482 

MOTIF filter28 
letter-probability matrix: alength= 4 w= 19 nsites= 19 
0.2449 0.2207 0.2243 0.3100 
0.2384 0.2089 0.2888 0.2639 
0.2243 0.2568 0.2469 0.2720 
0.2585 0.2667 0.2394 0.2355 
0.2583 0.2327 0.2337 0.2752 
0.2139 0.2953 0.2591 0.2317 
0.2570 0.2598 0.2316 0.2516 
0.2486 0.2673 0.2655 0.2186 
0.1988 0.1585 0.3205 0.3222 
0.1540 0.5891 0.0523 0.2047 
0.0451 0.0851 0.0411 0.8287 
0.8982 0.0114 0.0398 0.0506 
0.3806 0.0354 0.0520 0.5320 
0.4219 0.0389 0.0165 0.5228 
0.5537 0.0139 0.0289 0.4035 
0.6508 0.0273 0.0089 0.3130 
0.0391 0.0337 0.0447 0.8826 
0.8817 0.0122 0.0612 0.0450 
0.2400 0.0377 0.6094 0.1129 

MOTIF filter29 
letter-probability matrix: alength= 4 w= 19 nsites= 19 
0.2052 0.2850 0.3141 0.1957 
0.1924 0.3217 0.2575 0.2284 
0.3296 0.2299 0.1874 0.2531 
0.2409 0.2717 0.2565 0.2310 
0.2966 0.1744 0.2921 0.2369 
0.2524 0.2560 0.2893 0.2022 
0.2266 0.2918 0.2541 0.2276 
0.1997 0.2804 0.3090 0.2110 
0.1795 0.2152 0.3169 0.2884 
0.2878 0.2125 0.2654 0.2343 
0.2427 0.2568 0.2445 0.2560 
0.1984 0.1681 0.4160 0.2176 
0.3714 0.2144 0.3813 0.0330 
0.0089 0.0140 0.0120 0.9651 
0.0162 0.0085 0.9350 0.0402 
0.9513 0.0120 0.0182 0.0184 
0.0209 0.5018 0.4677 0.0097 
0.0131 0.0076 0.0124 0.9669 
0.0288 0.9446 0.0163 0.0103 

