MEME version 4

ALPHABET= ACGT

Background letter frequencies:
A 0.2500 C 0.2500 G 0.2500 T 0.2500 

MOTIF filter0 
letter-probability matrix: alength= 4 w= 19 nsites= 19 
0.4678 0.1930 0.0249 0.3143 
0.8814 0.0527 0.0580 0.0078 
0.2459 0.4027 0.2999 0.0515 
0.0539 0.2292 0.5670 0.1499 
0.0247 0.5219 0.4221 0.0312 
0.1552 0.0467 0.2161 0.5820 
0.0799 0.0377 0.0627 0.8198 
0.4363 0.3381 0.0204 0.2052 
0.0038 0.3718 0.0921 0.5324 
0.7986 0.0660 0.0504 0.0850 
0.0268 0.4925 0.4464 0.0344 
0.0209 0.1161 0.8390 0.0240 
0.0281 0.0699 0.3789 0.5231 
0.5175 0.1509 0.2845 0.0471 
0.1815 0.0989 0.6924 0.0272 
0.1202 0.4085 0.1249 0.3463 
0.2072 0.4125 0.3535 0.0269 
0.3639 0.5707 0.0432 0.0222 
0.1616 0.2134 0.2977 0.3273 

MOTIF filter1 
letter-probability matrix: alength= 4 w= 19 nsites= 19 
0.0574 0.0040 0.3502 0.5885 
0.9269 0.0511 0.0157 0.0063 
0.2513 0.0761 0.6308 0.0418 
0.3784 0.0197 0.0524 0.5495 
0.2207 0.4883 0.2793 0.0117 
0.0130 0.2007 0.7325 0.0538 
0.0048 0.9777 0.0066 0.0109 
0.5159 0.0046 0.4727 0.0069 
0.0304 0.0355 0.0098 0.9242 
0.3459 0.1431 0.0258 0.4852 
0.4492 0.2428 0.1795 0.1285 
0.6445 0.2523 0.0135 0.0897 
0.5304 0.0633 0.3995 0.0068 
0.0085 0.7319 0.1582 0.1014 
0.0910 0.0249 0.3357 0.5484 
0.2036 0.5025 0.1133 0.1806 
0.0524 0.2986 0.2528 0.3962 
0.0945 0.0776 0.0365 0.7913 
0.2433 0.0621 0.0453 0.6494 

MOTIF filter2 
letter-probability matrix: alength= 4 w= 19 nsites= 19 
0.0597 0.8588 0.0244 0.0571 
0.0047 0.0147 0.6120 0.3686 
0.3754 0.2182 0.2384 0.1680 
0.0228 0.3584 0.0090 0.6098 
0.0490 0.1350 0.2241 0.5918 
0.1304 0.0555 0.0114 0.8027 
0.0095 0.8312 0.0294 0.1299 
0.4317 0.3749 0.0121 0.1813 
0.0080 0.4949 0.4955 0.0017 
0.2866 0.0889 0.6127 0.0118 
0.0340 0.0931 0.1155 0.7575 
0.0986 0.0409 0.7888 0.0718 
0.5281 0.0676 0.3893 0.0150 
0.0082 0.0038 0.2607 0.7272 
0.1178 0.2347 0.3745 0.2730 
0.0440 0.0285 0.8483 0.0793 
0.0499 0.6124 0.2512 0.0866 
0.6683 0.0117 0.0548 0.2652 
0.1482 0.1104 0.1468 0.5945 

MOTIF filter3 
letter-probability matrix: alength= 4 w= 19 nsites= 19 
0.2787 0.0081 0.7038 0.0094 
0.6534 0.2828 0.0213 0.0425 
0.2460 0.1454 0.5734 0.0352 
0.0062 0.0083 0.6292 0.3563 
0.5647 0.1844 0.2346 0.0163 
0.0038 0.0098 0.9820 0.0044 
0.1295 0.0683 0.7768 0.0255 
0.0090 0.4077 0.0150 0.5683 
0.0926 0.5064 0.2492 0.1518 
0.0683 0.0338 0.8494 0.0485 
0.0182 0.8830 0.0741 0.0247 
0.2805 0.2038 0.3675 0.1483 
0.0582 0.3276 0.5815 0.0327 
0.1348 0.1010 0.7433 0.0209 
0.0225 0.8516 0.0046 0.1214 
0.0657 0.4975 0.2123 0.2245 
0.2256 0.6528 0.0034 0.1182 
0.3340 0.0205 0.6028 0.0427 
0.8396 0.0752 0.0404 0.0448 

MOTIF filter4 
letter-probability matrix: alength= 4 w= 19 nsites= 19 
0.0417 0.3265 0.5327 0.0992 
0.5367 0.2004 0.0898 0.1731 
0.8542 0.0754 0.0306 0.0398 
0.1854 0.4301 0.1165 0.2679 
0.0263 0.0521 0.5684 0.3532 
0.4906 0.2942 0.0779 0.1374 
0.9734 0.0085 0.0073 0.0108 
0.0403 0.0741 0.6192 0.2664 
0.0916 0.0994 0.5356 0.2734 
0.2208 0.1604 0.5996 0.0192 
0.0477 0.4319 0.0109 0.5095 
0.0205 0.9171 0.0350 0.0274 
0.1300 0.4357 0.0395 0.3947 
0.0593 0.6251 0.2199 0.0957 
0.0177 0.2013 0.4450 0.3360 
0.0475 0.0763 0.5791 0.2971 
0.2700 0.1851 0.1078 0.4371 
0.1145 0.0830 0.6245 0.1780 
0.1082 0.1031 0.0132 0.7755 

MOTIF filter5 
letter-probability matrix: alength= 4 w= 19 nsites= 19 
0.7277 0.0167 0.2361 0.0194 
0.0872 0.2494 0.5975 0.0659 
0.7348 0.0067 0.0267 0.2317 
0.3722 0.0465 0.5537 0.0277 
0.0163 0.0128 0.4115 0.5594 
0.0128 0.8233 0.0546 0.1093 
0.2163 0.0418 0.1912 0.5507 
0.0206 0.0199 0.0434 0.9161 
0.0088 0.0095 0.0447 0.9370 
0.7393 0.0138 0.0941 0.1528 
0.1561 0.0060 0.1099 0.7280 
0.1162 0.0826 0.0720 0.7291 
0.3749 0.4568 0.0585 0.1097 
0.4737 0.2046 0.0044 0.3173 
0.0838 0.0125 0.7520 0.1517 
0.1572 0.0299 0.6876 0.1253 
0.1137 0.0200 0.0387 0.8275 
0.5126 0.0020 0.0038 0.4816 
0.0192 0.0207 0.9348 0.0252 

MOTIF filter6 
letter-probability matrix: alength= 4 w= 19 nsites= 19 
0.2595 0.4151 0.0375 0.2879 
0.0226 0.8954 0.0745 0.0074 
0.0188 0.0649 0.3097 0.6066 
0.2115 0.0390 0.3574 0.3922 
0.3888 0.0886 0.1406 0.3820 
0.0999 0.4767 0.3549 0.0685 
0.5577 0.1839 0.0153 0.2431 
0.0091 0.0061 0.0126 0.9722 
0.0341 0.0872 0.0127 0.8661 
0.0267 0.7389 0.1471 0.0873 
0.5099 0.1626 0.0882 0.2393 
0.1423 0.0293 0.7589 0.0695 
0.4757 0.4974 0.0059 0.0210 
0.3876 0.5728 0.0081 0.0315 
0.3537 0.0473 0.0281 0.5709 
0.0618 0.0197 0.1530 0.7654 
0.0760 0.0926 0.0108 0.8206 
0.1282 0.0864 0.7150 0.0704 
0.4547 0.0125 0.4905 0.0423 

MOTIF filter7 
letter-probability matrix: alength= 4 w= 19 nsites= 19 
0.0704 0.9121 0.0062 0.0113 
0.1852 0.0426 0.0857 0.6865 
0.0113 0.4406 0.5392 0.0089 
0.0108 0.3612 0.3477 0.2803 
0.0861 0.0117 0.8894 0.0128 
0.0457 0.0125 0.9019 0.0398 
0.2227 0.6195 0.0546 0.1033 
0.0944 0.6548 0.1317 0.1191 
0.1855 0.0115 0.7899 0.0132 
0.1899 0.0078 0.6464 0.1559 
0.0105 0.7354 0.2007 0.0534 
0.2090 0.0899 0.4350 0.2661 
0.0137 0.0549 0.8603 0.0710 
0.3869 0.5491 0.0366 0.0274 
0.0254 0.5507 0.1646 0.2593 
0.2639 0.0433 0.4465 0.2463 
0.1206 0.2572 0.0035 0.6187 
0.0330 0.0119 0.4130 0.5421 
0.9011 0.0275 0.0568 0.0146 

MOTIF filter8 
letter-probability matrix: alength= 4 w= 19 nsites= 19 
0.0789 0.0988 0.4009 0.4214 
0.2058 0.3891 0.3322 0.0729 
0.0763 0.8724 0.0468 0.0045 
0.2726 0.2149 0.1007 0.4119 
0.4794 0.2604 0.1499 0.1103 
0.0638 0.1346 0.7276 0.0740 
0.6057 0.0613 0.2305 0.1025 
0.0276 0.5324 0.3594 0.0806 
0.1310 0.6967 0.0198 0.1524 
0.0221 0.0325 0.4632 0.4822 
0.7100 0.0376 0.1990 0.0534 
0.1025 0.3505 0.4520 0.0950 
0.0441 0.0731 0.1410 0.7417 
0.2027 0.1474 0.3793 0.2706 
0.0275 0.0272 0.9394 0.0059 
0.6669 0.2311 0.0238 0.0782 
0.0576 0.3550 0.5265 0.0609 
0.0779 0.0049 0.9074 0.0098 
0.0853 0.1201 0.6474 0.1473 

MOTIF filter9 
letter-probability matrix: alength= 4 w= 19 nsites= 19 
0.0533 0.6361 0.2372 0.0733 
0.2108 0.3584 0.2765 0.1543 
0.1292 0.1149 0.0264 0.7295 
0.0309 0.6366 0.0508 0.2817 
0.6824 0.0265 0.0584 0.2327 
0.0518 0.8791 0.0117 0.0574 
0.3152 0.0578 0.0594 0.5676 
0.0892 0.0401 0.6020 0.2686 
0.0710 0.8282 0.0697 0.0311 
0.6244 0.3601 0.0065 0.0090 
0.0361 0.0507 0.0450 0.8681 
0.0281 0.0325 0.8697 0.0698 
0.0279 0.0124 0.3895 0.5703 
0.0857 0.0146 0.4698 0.4298 
0.0108 0.8722 0.0887 0.0283 
0.0169 0.0309 0.0036 0.9486 
0.0909 0.7352 0.1283 0.0456 
0.0691 0.0435 0.5534 0.3341 
0.9391 0.0258 0.0222 0.0129 

MOTIF filter10 
letter-probability matrix: alength= 4 w= 19 nsites= 19 
0.1919 0.1606 0.6398 0.0077 
0.0294 0.3042 0.0097 0.6567 
0.7744 0.0548 0.0500 0.1208 
0.3041 0.6547 0.0212 0.0199 
0.1495 0.2109 0.3690 0.2706 
0.4615 0.1398 0.1917 0.2070 
0.1473 0.0446 0.8041 0.0041 
0.0174 0.0158 0.5170 0.4498 
0.0346 0.0721 0.0127 0.8806 
0.0419 0.1622 0.5854 0.2104 
0.0115 0.9775 0.0062 0.0048 
0.0317 0.0100 0.9294 0.0288 
0.0148 0.5313 0.4362 0.0177 
0.0332 0.2405 0.6618 0.0644 
0.1044 0.0520 0.2472 0.5964 
0.2915 0.0440 0.0680 0.5965 
0.0368 0.3047 0.6049 0.0537 
0.3342 0.0315 0.5372 0.0971 
0.0600 0.3497 0.0513 0.5390 

MOTIF filter11 
letter-probability matrix: alength= 4 w= 19 nsites= 19 
0.5365 0.0104 0.2685 0.1846 
0.0453 0.1287 0.4745 0.3516 
0.1848 0.1672 0.2436 0.4044 
0.2948 0.0225 0.6320 0.0507 
0.2854 0.1120 0.5826 0.0199 
0.0579 0.0085 0.6862 0.2473 
0.0410 0.4835 0.3999 0.0757 
0.0507 0.1503 0.4330 0.3660 
0.0052 0.1684 0.2621 0.5643 
0.4075 0.0250 0.0582 0.5094 
0.0153 0.2149 0.7285 0.0413 
0.2458 0.4993 0.1454 0.1096 
0.7450 0.1660 0.0263 0.0627 
0.3618 0.1014 0.0757 0.4611 
0.0157 0.0201 0.7235 0.2407 
0.1611 0.1438 0.6828 0.0124 
0.3442 0.3998 0.1812 0.0749 
0.2740 0.1219 0.5854 0.0187 
0.0049 0.9336 0.0070 0.0545 

MOTIF filter12 
letter-probability matrix: alength= 4 w= 19 nsites= 19 
0.2014 0.3075 0.4117 0.0793 
0.7355 0.2460 0.0122 0.0063 
0.2371 0.2098 0.3434 0.2097 
0.2084 0.0084 0.7718 0.0113 
0.0916 0.8396 0.0655 0.0032 
0.2846 0.0314 0.1669 0.5171 
0.6020 0.0502 0.1865 0.1613 
0.5329 0.2797 0.0857 0.1017 
0.0127 0.0118 0.0716 0.9038 
0.6280 0.2141 0.0520 0.1059 
0.6066 0.1296 0.0113 0.2526 
0.1512 0.3887 0.3905 0.0697 
0.1361 0.0228 0.3818 0.4594 
0.6034 0.0703 0.2002 0.1261 
0.4844 0.3091 0.1353 0.0712 
0.0348 0.3257 0.5498 0.0897 
0.2089 0.2885 0.0093 0.4933 
0.1108 0.0813 0.6963 0.1117 
0.6538 0.3063 0.0178 0.0221 

MOTIF filter13 
letter-probability matrix: alength= 4 w= 19 nsites= 19 
0.0544 0.6782 0.2568 0.0106 
0.1965 0.5945 0.0024 0.2066 
0.0229 0.3064 0.1105 0.5601 
0.0391 0.8369 0.0159 0.1081 
0.4868 0.4080 0.0035 0.1018 
0.3042 0.0099 0.6509 0.0351 
0.1245 0.0083 0.0654 0.8018 
0.3905 0.1700 0.0078 0.4317 
0.4180 0.0256 0.0286 0.5278 
0.0098 0.2971 0.0365 0.6566 
0.7587 0.0474 0.1897 0.0042 
0.2471 0.2373 0.0578 0.4579 
0.1398 0.5255 0.3311 0.0036 
0.0294 0.7624 0.2014 0.0068 
0.6152 0.0950 0.2549 0.0349 
0.0322 0.8790 0.0286 0.0602 
0.4000 0.5588 0.0197 0.0216 
0.0831 0.0587 0.0770 0.7813 
0.1707 0.1034 0.2889 0.4371 

MOTIF filter14 
letter-probability matrix: alength= 4 w= 19 nsites= 19 
0.1363 0.0797 0.4617 0.3223 
0.0801 0.1774 0.0388 0.7037 
0.0225 0.9046 0.0372 0.0356 
0.1684 0.0222 0.7450 0.0644 
0.0911 0.4743 0.2913 0.1433 
0.0037 0.4001 0.0152 0.5810 
0.0672 0.0039 0.7585 0.1703 
0.0240 0.8840 0.0323 0.0597 
0.1117 0.4667 0.3444 0.0771 
0.3178 0.1607 0.3897 0.1318 
0.0201 0.4542 0.0152 0.5106 
0.7386 0.0126 0.2398 0.0090 
0.0108 0.0974 0.8568 0.0350 
0.0815 0.4039 0.1192 0.3954 
0.0125 0.3309 0.3165 0.3401 
0.2471 0.0433 0.2496 0.4599 
0.0098 0.2122 0.0207 0.7573 
0.0465 0.1370 0.0346 0.7820 
0.1506 0.1011 0.6617 0.0867 

MOTIF filter15 
letter-probability matrix: alength= 4 w= 19 nsites= 19 
0.0134 0.9691 0.0054 0.0121 
0.0239 0.7260 0.2238 0.0263 
0.0147 0.5065 0.0169 0.4619 
0.5970 0.1054 0.0276 0.2700 
0.3222 0.4267 0.1463 0.1049 
0.0181 0.0190 0.8374 0.1255 
0.1779 0.0436 0.7230 0.0555 
0.0130 0.7307 0.2445 0.0119 
0.8558 0.0423 0.0061 0.0958 
0.8463 0.0239 0.1086 0.0213 
0.7489 0.2376 0.0112 0.0023 
0.3319 0.3726 0.2123 0.0832 
0.0743 0.5555 0.2964 0.0738 
0.1744 0.1668 0.0889 0.5699 
0.0859 0.6704 0.0727 0.1710 
0.1526 0.0460 0.1366 0.6649 
0.0221 0.8240 0.1338 0.0201 
0.0563 0.8071 0.0069 0.1297 
0.2096 0.0521 0.7156 0.0227 

MOTIF filter16 
letter-probability matrix: alength= 4 w= 19 nsites= 19 
0.9286 0.0151 0.0405 0.0158 
0.9415 0.0125 0.0352 0.0108 
0.7549 0.1027 0.0114 0.1310 
0.8847 0.0889 0.0061 0.0202 
0.5441 0.0278 0.4091 0.0190 
0.3128 0.2925 0.2896 0.1050 
0.4829 0.1842 0.1578 0.1750 
0.5319 0.0064 0.0211 0.4406 
0.3556 0.2091 0.3130 0.1223 
0.0585 0.4556 0.0748 0.4111 
0.3515 0.0867 0.5323 0.0294 
0.1647 0.3366 0.1503 0.3485 
0.6700 0.0116 0.0088 0.3096 
0.0351 0.1039 0.7810 0.0800 
0.3986 0.4809 0.0121 0.1085 
0.8984 0.0456 0.0215 0.0345 
0.1144 0.6129 0.2134 0.0593 
0.4451 0.1217 0.0584 0.3749 
0.1583 0.2211 0.3915 0.2291 

MOTIF filter17 
letter-probability matrix: alength= 4 w= 19 nsites= 19 
0.0129 0.0231 0.2991 0.6649 
0.5017 0.0610 0.0305 0.4068 
0.2478 0.0062 0.7348 0.0113 
0.3152 0.1773 0.0831 0.4244 
0.5260 0.3780 0.0275 0.0684 
0.1492 0.3428 0.3848 0.1232 
0.8475 0.1060 0.0425 0.0039 
0.0378 0.0319 0.9211 0.0092 
0.2390 0.1327 0.3608 0.2675 
0.6121 0.1882 0.0788 0.1209 
0.0898 0.6082 0.2766 0.0254 
0.0311 0.4124 0.5348 0.0217 
0.0936 0.7017 0.0719 0.1328 
0.3925 0.1441 0.0793 0.3841 
0.8582 0.0660 0.0316 0.0442 
0.2398 0.2324 0.1954 0.3324 
0.2393 0.6017 0.1447 0.0143 
0.0228 0.1895 0.4972 0.2905 
0.0125 0.9335 0.0300 0.0240 

MOTIF filter18 
letter-probability matrix: alength= 4 w= 19 nsites= 19 
0.0432 0.0395 0.0046 0.9127 
0.0308 0.0240 0.4897 0.4554 
0.1814 0.2426 0.5710 0.0051 
0.8026 0.0084 0.1773 0.0117 
0.9218 0.0082 0.0458 0.0243 
0.0448 0.2805 0.0919 0.5828 
0.2396 0.0180 0.0982 0.6443 
0.0119 0.4775 0.0057 0.5048 
0.3912 0.3606 0.0567 0.1914 
0.2840 0.0681 0.6371 0.0108 
0.1187 0.4244 0.3221 0.1348 
0.5851 0.3569 0.0249 0.0331 
0.5855 0.0642 0.2462 0.1041 
0.0119 0.4408 0.5352 0.0121 
0.0102 0.1386 0.7444 0.1069 
0.1383 0.0226 0.1135 0.7256 
0.1060 0.0241 0.7118 0.1581 
0.0278 0.8482 0.0370 0.0869 
0.2420 0.0379 0.6036 0.1164 

MOTIF filter19 
letter-probability matrix: alength= 4 w= 19 nsites= 19 
0.2371 0.6533 0.0716 0.0380 
0.1485 0.2902 0.0441 0.5171 
0.1516 0.3848 0.2715 0.1921 
0.0610 0.1414 0.6981 0.0995 
0.1299 0.2067 0.5081 0.1554 
0.5140 0.0084 0.4487 0.0290 
0.1365 0.1282 0.3399 0.3954 
0.0601 0.1429 0.0778 0.7192 
0.0813 0.3090 0.0721 0.5376 
0.5885 0.1647 0.2280 0.0189 
0.8509 0.0451 0.0326 0.0714 
0.5569 0.0411 0.1392 0.2629 
0.1936 0.3473 0.4555 0.0036 
0.1258 0.0384 0.8242 0.0116 
0.0556 0.0373 0.4637 0.4433 
0.0252 0.5925 0.0144 0.3679 
0.4597 0.0233 0.0389 0.4780 
0.0593 0.1775 0.6255 0.1377 
0.1603 0.1839 0.6074 0.0484 

MOTIF filter20 
letter-probability matrix: alength= 4 w= 19 nsites= 19 
0.0146 0.6771 0.0197 0.2887 
0.0085 0.3793 0.1896 0.4226 
0.0536 0.2797 0.4605 0.2062 
0.0236 0.4166 0.4495 0.1102 
0.2272 0.0909 0.6473 0.0346 
0.0652 0.5108 0.1692 0.2548 
0.0259 0.0085 0.3610 0.6045 
0.3614 0.4022 0.1932 0.0432 
0.2420 0.1189 0.0174 0.6217 
0.0160 0.0514 0.8984 0.0343 
0.0701 0.1685 0.7335 0.0279 
0.1259 0.6985 0.0281 0.1476 
0.0566 0.0118 0.6616 0.2700 
0.0938 0.7895 0.0972 0.0194 
0.0197 0.0080 0.9670 0.0052 
0.0149 0.7183 0.1910 0.0758 
0.5218 0.2781 0.1903 0.0098 
0.4525 0.2873 0.1199 0.1404 
0.4249 0.2442 0.2413 0.0897 

MOTIF filter21 
letter-probability matrix: alength= 4 w= 19 nsites= 19 
0.2179 0.0939 0.1998 0.4884 
0.1413 0.0776 0.5666 0.2145 
0.2391 0.6149 0.1314 0.0146 
0.6941 0.0529 0.0957 0.1574 
0.1678 0.0459 0.2961 0.4902 
0.5011 0.0187 0.4661 0.0141 
0.6672 0.0657 0.0620 0.2051 
0.0785 0.0407 0.6661 0.2146 
0.0097 0.2878 0.1859 0.5166 
0.0104 0.0765 0.0322 0.8810 
0.5424 0.0166 0.1525 0.2884 
0.0202 0.0772 0.6977 0.2049 
0.7355 0.0240 0.2347 0.0058 
0.5989 0.0286 0.3394 0.0332 
0.0523 0.0895 0.2945 0.5637 
0.0539 0.1236 0.1414 0.6810 
0.1053 0.5952 0.0301 0.2693 
0.0437 0.9283 0.0253 0.0027 
0.0706 0.0275 0.0157 0.8861 

MOTIF filter22 
letter-probability matrix: alength= 4 w= 19 nsites= 19 
0.7143 0.2115 0.0241 0.0501 
0.1511 0.6926 0.1184 0.0379 
0.2705 0.6044 0.0298 0.0953 
0.3785 0.0608 0.1838 0.3768 
0.0852 0.1210 0.2056 0.5882 
0.1582 0.4914 0.1798 0.1706 
0.0379 0.2979 0.0294 0.6348 
0.0766 0.5240 0.3520 0.0475 
0.1993 0.1191 0.4007 0.2809 
0.0293 0.1434 0.6673 0.1600 
0.2476 0.4858 0.1972 0.0695 
0.5586 0.2385 0.1945 0.0084 
0.2950 0.5448 0.1547 0.0056 
0.8699 0.0092 0.1140 0.0069 
0.3386 0.0739 0.5433 0.0442 
0.4228 0.0114 0.5249 0.0409 
0.8502 0.0390 0.0907 0.0201 
0.3303 0.0115 0.6310 0.0273 
0.0533 0.3541 0.2676 0.3250 

MOTIF filter23 
letter-probability matrix: alength= 4 w= 19 nsites= 19 
0.3290 0.3661 0.2376 0.0673 
0.8716 0.0181 0.0444 0.0659 
0.0227 0.0583 0.4181 0.5009 
0.0091 0.7477 0.1487 0.0946 
0.7218 0.0161 0.2265 0.0356 
0.4710 0.4815 0.0235 0.0240 
0.1454 0.7791 0.0385 0.0370 
0.7961 0.0069 0.0546 0.1423 
0.4350 0.2292 0.1912 0.1446 
0.7230 0.2166 0.0194 0.0410 
0.0134 0.3557 0.4748 0.1561 
0.4709 0.1260 0.1520 0.2512 
0.2320 0.0281 0.7066 0.0333 
0.1310 0.1498 0.6919 0.0273 
0.0314 0.6982 0.2322 0.0381 
0.2040 0.3060 0.4814 0.0086 
0.1966 0.0875 0.7118 0.0041 
0.5699 0.2571 0.0070 0.1660 
0.0370 0.7008 0.0156 0.2467 

MOTIF filter24 
letter-probability matrix: alength= 4 w= 19 nsites= 19 
0.2455 0.0774 0.2374 0.4397 
0.0153 0.6845 0.1688 0.1314 
0.0209 0.5333 0.4073 0.0385 
0.0999 0.0325 0.8123 0.0553 
0.2349 0.4726 0.1300 0.1624 
0.1306 0.3272 0.3613 0.1808 
0.0099 0.2419 0.1431 0.6052 
0.2316 0.2092 0.4791 0.0802 
0.1569 0.1341 0.2855 0.4236 
0.0990 0.0156 0.6869 0.1985 
0.5098 0.4308 0.0057 0.0536 
0.1175 0.2142 0.3187 0.3496 
0.0078 0.6824 0.0835 0.2264 
0.0033 0.1800 0.0399 0.7769 
0.2020 0.6086 0.0864 0.1030 
0.3946 0.2658 0.3338 0.0058 
0.1528 0.2585 0.0612 0.5275 
0.0732 0.5775 0.0192 0.3300 
0.0143 0.0883 0.8782 0.0192 

MOTIF filter25 
letter-probability matrix: alength= 4 w= 19 nsites= 19 
0.2349 0.0200 0.0963 0.6488 
0.1162 0.5130 0.0621 0.3087 
0.2491 0.0333 0.1666 0.5509 
0.0037 0.0683 0.4853 0.4427 
0.0704 0.3996 0.2004 0.3296 
0.0172 0.3216 0.0083 0.6529 
0.0322 0.2993 0.0186 0.6499 
0.2336 0.5551 0.0376 0.1738 
0.6700 0.0063 0.0055 0.3182 
0.0047 0.5974 0.0862 0.3117 
0.9393 0.0073 0.0397 0.0137 
0.1972 0.5024 0.1195 0.1810 
0.2519 0.0510 0.6707 0.0263 
0.0480 0.2943 0.0838 0.5740 
0.0190 0.3002 0.3362 0.3446 
0.1868 0.2258 0.2690 0.3184 
0.0899 0.1159 0.6676 0.1265 
0.0204 0.5898 0.0358 0.3540 
0.0957 0.5231 0.2529 0.1283 

MOTIF filter26 
letter-probability matrix: alength= 4 w= 19 nsites= 19 
0.0126 0.0787 0.3993 0.5094 
0.3911 0.1109 0.0335 0.4645 
0.0414 0.0501 0.8212 0.0874 
0.0386 0.0825 0.0092 0.8697 
0.0190 0.4051 0.3840 0.1920 
0.2111 0.0777 0.0475 0.6637 
0.2977 0.0054 0.0109 0.6861 
0.9226 0.0247 0.0424 0.0104 
0.3479 0.0428 0.5128 0.0964 
0.0979 0.4151 0.4701 0.0170 
0.2962 0.0064 0.6516 0.0458 
0.0531 0.3325 0.4625 0.1519 
0.2699 0.0549 0.5567 0.1185 
0.0869 0.5916 0.2116 0.1100 
0.2176 0.3602 0.1163 0.3060 
0.1664 0.0685 0.2887 0.4764 
0.1261 0.4987 0.1187 0.2565 
0.0101 0.1367 0.0799 0.7732 
0.8158 0.0298 0.0532 0.1013 

MOTIF filter27 
letter-probability matrix: alength= 4 w= 19 nsites= 19 
0.6579 0.1227 0.0197 0.1997 
0.0580 0.6888 0.0544 0.1987 
0.0165 0.8886 0.0786 0.0163 
0.0072 0.0683 0.0324 0.8921 
0.2920 0.4117 0.0233 0.2731 
0.0184 0.0224 0.3518 0.6075 
0.0760 0.3448 0.0212 0.5579 
0.6267 0.0631 0.1827 0.1275 
0.4718 0.4859 0.0118 0.0304 
0.6535 0.0697 0.2428 0.0340 
0.1326 0.8470 0.0123 0.0081 
0.1434 0.2783 0.1213 0.4569 
0.4654 0.0016 0.0039 0.5290 
0.0580 0.2737 0.2884 0.3799 
0.5533 0.0204 0.3072 0.1191 
0.0079 0.8654 0.0096 0.1171 
0.6663 0.0528 0.1605 0.1204 
0.8024 0.0432 0.0065 0.1479 
0.1277 0.0199 0.0286 0.8238 

MOTIF filter28 
letter-probability matrix: alength= 4 w= 19 nsites= 19 
0.9019 0.0726 0.0129 0.0126 
0.0150 0.0131 0.2009 0.7711 
0.6074 0.3058 0.0706 0.0162 
0.0343 0.0527 0.3009 0.6121 
0.0082 0.0112 0.8164 0.1642 
0.0147 0.0901 0.4992 0.3960 
0.4880 0.0522 0.4098 0.0500 
0.0043 0.6756 0.0188 0.3013 
0.3026 0.3717 0.0167 0.3090 
0.2626 0.0307 0.4560 0.2507 
0.0153 0.0296 0.4511 0.5040 
0.9141 0.0702 0.0105 0.0052 
0.3078 0.4313 0.0665 0.1944 
0.0284 0.5306 0.4230 0.0180 
0.3082 0.3969 0.1967 0.0982 
0.3762 0.1322 0.0610 0.4306 
0.4382 0.0186 0.0089 0.5343 
0.2557 0.6589 0.0249 0.0605 
0.5126 0.1177 0.1621 0.2077 

MOTIF filter29 
letter-probability matrix: alength= 4 w= 19 nsites= 19 
0.0543 0.0881 0.0365 0.8212 
0.1992 0.1035 0.6803 0.0170 
0.0809 0.1075 0.7159 0.0957 
0.0343 0.5959 0.3245 0.0453 
0.5915 0.0121 0.3586 0.0378 
0.3260 0.4161 0.0188 0.2391 
0.0297 0.9362 0.0284 0.0057 
0.1702 0.2457 0.0994 0.4847 
0.0989 0.6681 0.1162 0.1168 
0.0729 0.8794 0.0349 0.0128 
0.2276 0.0138 0.7427 0.0159 
0.3019 0.2278 0.3717 0.0986 
0.0714 0.0186 0.1149 0.7950 
0.3301 0.0306 0.0443 0.5949 
0.2018 0.0831 0.0560 0.6590 
0.1733 0.5885 0.1396 0.0987 
0.0456 0.1858 0.1147 0.6540 
0.4087 0.4839 0.1024 0.0050 
0.5930 0.1332 0.2488 0.0250 

