MEME version 4

ALPHABET= ACGT

Background letter frequencies:
A 0.2500 C 0.2500 G 0.2500 T 0.2500 

MOTIF filter0 
letter-probability matrix: alength= 4 w= 12 nsites= 12 
0.2172 0.3599 0.1890 0.2339 
0.2437 0.1830 0.2142 0.3591 
0.1854 0.1718 0.1193 0.5235 
0.0017 0.6284 0.0197 0.3501 
0.3048 0.1915 0.0832 0.4205 
0.0191 0.3556 0.1517 0.4736 
0.3611 0.0090 0.6218 0.0081 
0.0126 0.1019 0.0465 0.8390 
0.8821 0.0234 0.0944 0.0000 
0.1985 0.0704 0.5717 0.1593 
0.2878 0.2298 0.1236 0.3588 
0.3525 0.2564 0.1784 0.2127 

MOTIF filter1 
letter-probability matrix: alength= 4 w= 9 nsites= 9 
0.2746 0.3076 0.2279 0.1899 
0.3618 0.2090 0.2496 0.1795 
0.3051 0.1795 0.2517 0.2637 
0.0038 0.9090 0.0195 0.0677 
0.5350 0.0010 0.4623 0.0018 
0.0012 0.3344 0.0019 0.6624 
0.4056 0.0130 0.2871 0.2943 
0.3553 0.0499 0.3199 0.2748 
0.2192 0.3829 0.0000 0.3979 

MOTIF filter2 
letter-probability matrix: alength= 4 w= 12 nsites= 12 
0.2354 0.3049 0.2212 0.2385 
0.3550 0.1527 0.1972 0.2951 
0.1588 0.5142 0.0090 0.3179 
0.0149 0.7407 0.0050 0.2394 
0.5828 0.2804 0.0104 0.1264 
0.0002 0.8112 0.1734 0.0152 
0.0504 0.3026 0.6240 0.0231 
0.1159 0.0092 0.4700 0.4049 
0.1809 0.0000 0.6971 0.1220 
0.5661 0.0772 0.2447 0.1120 
0.1591 0.2344 0.2450 0.3615 
0.2620 0.1899 0.3293 0.2188 

MOTIF filter3 
letter-probability matrix: alength= 4 w= 8 nsites= 8 
0.1074 0.3163 0.3077 0.2687 
0.3850 0.4672 0.1464 0.0014 
0.0919 0.3514 0.5566 0.0000 
0.0092 0.8797 0.0913 0.0197 
0.0991 0.1589 0.7409 0.0010 
0.0021 0.5268 0.3021 0.1689 
0.1612 0.2490 0.3731 0.2167 
0.2442 0.3081 0.1660 0.2817 

MOTIF filter4 
letter-probability matrix: alength= 4 w= 10 nsites= 10 
0.3549 0.1753 0.1945 0.2753 
0.1714 0.3114 0.2193 0.2980 
0.3380 0.0425 0.2848 0.3348 
0.0440 0.3574 0.5696 0.0290 
0.2957 0.0945 0.0000 0.6098 
0.0000 0.3262 0.6738 0.0000 
0.5746 0.2151 0.0000 0.2104 
0.2730 0.3057 0.1353 0.2860 
0.2324 0.2868 0.2308 0.2500 
0.2640 0.2272 0.2715 0.2372 

MOTIF filter5 
letter-probability matrix: alength= 4 w= 13 nsites= 13 
0.2144 0.1895 0.2253 0.3708 
0.1227 0.6110 0.1625 0.1038 
0.1737 0.3185 0.1815 0.3263 
0.6842 0.1604 0.1076 0.0479 
0.0492 0.0000 0.0039 0.9469 
0.0905 0.3430 0.0354 0.5311 
0.3568 0.0000 0.0000 0.6432 
0.7268 0.0000 0.0325 0.2408 
0.5046 0.1370 0.0268 0.3316 
0.6628 0.0198 0.0057 0.3117 
0.3419 0.0627 0.3494 0.2460 
0.5404 0.1424 0.0909 0.2262 
0.2374 0.1479 0.1818 0.4330 

MOTIF filter6 
letter-probability matrix: alength= 4 w= 14 nsites= 14 
0.4322 0.2284 0.0727 0.2667 
0.3651 0.1449 0.1531 0.3369 
0.2230 0.1881 0.2239 0.3651 
0.0218 0.0806 0.0615 0.8361 
0.0545 0.2157 0.2925 0.4374 
0.0189 0.9085 0.0417 0.0309 
0.1330 0.6088 0.0152 0.2431 
0.1526 0.0019 0.8267 0.0189 
0.1306 0.3802 0.4642 0.0250 
0.5136 0.3510 0.0566 0.0788 
0.8579 0.0519 0.0056 0.0847 
0.3921 0.1537 0.2151 0.2391 
0.2426 0.1850 0.0586 0.5138 
0.2704 0.1485 0.3418 0.2393 

MOTIF filter7 
letter-probability matrix: alength= 4 w= 8 nsites= 8 
0.2104 0.1306 0.5623 0.0967 
0.1851 0.2887 0.1865 0.3398 
0.2988 0.0445 0.5574 0.0994 
0.0000 0.0004 0.8718 0.1278 
0.7389 0.2498 0.0007 0.0106 
0.0000 0.2010 0.4470 0.3520 
0.1953 0.2365 0.2946 0.2735 
0.2792 0.2319 0.1973 0.2916 

MOTIF filter8 
letter-probability matrix: alength= 4 w= 12 nsites= 12 
0.3448 0.2368 0.1570 0.2614 
0.1136 0.3564 0.2067 0.3233 
0.4874 0.3779 0.0007 0.1340 
0.1182 0.0570 0.0328 0.7920 
0.4397 0.1874 0.3710 0.0020 
0.0986 0.0468 0.8026 0.0520 
0.1515 0.1044 0.1183 0.6258 
0.0925 0.4421 0.3749 0.0906 
0.1890 0.0017 0.7703 0.0390 
0.0933 0.3261 0.0247 0.5559 
0.4789 0.1325 0.2103 0.1783 
0.2251 0.2317 0.4491 0.0941 

MOTIF filter9 
letter-probability matrix: alength= 4 w= 11 nsites= 11 
0.2169 0.4142 0.1387 0.2302 
0.3197 0.0226 0.2574 0.4003 
0.0001 0.5401 0.2711 0.1888 
0.7072 0.2928 0.0000 0.0000 
0.1985 0.3524 0.0099 0.4393 
0.4722 0.1536 0.3108 0.0634 
0.0002 0.0004 0.6056 0.3938 
0.0600 0.3541 0.5782 0.0077 
0.2408 0.4674 0.1990 0.0929 
0.2856 0.1425 0.2589 0.3131 
0.2218 0.4338 0.2021 0.1423 

MOTIF filter10 
letter-probability matrix: alength= 4 w= 10 nsites= 10 
0.1053 0.4848 0.2445 0.1654 
0.2483 0.2695 0.2821 0.2001 
0.0040 0.4482 0.5351 0.0126 
0.0937 0.1260 0.0376 0.7426 
0.0968 0.0046 0.0088 0.8898 
0.0397 0.5496 0.4104 0.0002 
0.0199 0.7774 0.0332 0.1696 
0.2178 0.1172 0.5951 0.0699 
0.1960 0.3050 0.3100 0.1890 
0.2375 0.2607 0.2563 0.2455 

MOTIF filter11 
letter-probability matrix: alength= 4 w= 12 nsites= 12 
0.3063 0.0619 0.5501 0.0817 
0.1982 0.2003 0.4198 0.1816 
0.0150 0.1830 0.4414 0.3606 
0.0009 0.0000 0.7652 0.2340 
0.5002 0.0143 0.3513 0.1341 
0.0751 0.3414 0.5828 0.0007 
0.1018 0.3715 0.5027 0.0240 
0.4131 0.3006 0.2693 0.0170 
0.3901 0.0072 0.5863 0.0164 
0.1260 0.1375 0.5023 0.2342 
0.5348 0.0520 0.3623 0.0508 
0.4157 0.1301 0.3922 0.0621 

MOTIF filter12 
letter-probability matrix: alength= 4 w= 10 nsites= 10 
0.1850 0.2872 0.3012 0.2265 
0.5330 0.0961 0.3618 0.0091 
0.0638 0.4973 0.0000 0.4389 
0.0000 0.2412 0.6252 0.1336 
0.4948 0.1711 0.0210 0.3131 
0.2110 0.0012 0.7879 0.0000 
0.5974 0.1215 0.1177 0.1634 
0.0089 0.3052 0.3707 0.3152 
0.2212 0.2085 0.1628 0.4075 
0.1538 0.2512 0.3758 0.2192 

MOTIF filter13 
letter-probability matrix: alength= 4 w= 10 nsites= 10 
0.4920 0.1174 0.1466 0.2440 
0.0300 0.3384 0.3008 0.3309 
0.4152 0.0243 0.4858 0.0747 
0.0000 0.4547 0.0000 0.5453 
0.3743 0.0001 0.6255 0.0000 
0.5758 0.0038 0.3693 0.0511 
0.0535 0.6740 0.2725 0.0000 
0.2273 0.2232 0.3064 0.2431 
0.2661 0.2253 0.2110 0.2976 
0.3319 0.2675 0.1370 0.2636 

MOTIF filter14 
letter-probability matrix: alength= 4 w= 11 nsites= 11 
0.2527 0.4893 0.1050 0.1530 
0.1161 0.4424 0.4412 0.0003 
0.4269 0.3195 0.0004 0.2532 
0.0052 0.6667 0.0000 0.3281 
0.4067 0.0000 0.5933 0.0000 
0.1885 0.3450 0.2668 0.1997 
0.0291 0.5148 0.2507 0.2054 
0.0573 0.2417 0.1310 0.5700 
0.2205 0.2891 0.2552 0.2353 
0.2800 0.2766 0.2392 0.2042 
0.1684 0.2411 0.2862 0.3043 

MOTIF filter15 
letter-probability matrix: alength= 4 w= 13 nsites= 13 
0.1979 0.2662 0.2103 0.3257 
0.2182 0.3202 0.2159 0.2457 
0.1108 0.4618 0.2491 0.1782 
0.0272 0.5878 0.1326 0.2524 
0.1733 0.2728 0.2296 0.3242 
0.0658 0.4433 0.4505 0.0404 
0.2656 0.5269 0.2075 0.0001 
0.6910 0.0246 0.2393 0.0451 
0.3092 0.6864 0.0042 0.0002 
0.0397 0.1936 0.7553 0.0114 
0.1116 0.3882 0.0699 0.4303 
0.0651 0.3202 0.4878 0.1269 
0.1067 0.3245 0.3701 0.1987 

MOTIF filter16 
letter-probability matrix: alength= 4 w= 10 nsites= 10 
0.1034 0.1768 0.1968 0.5230 
0.3768 0.0001 0.2950 0.3281 
0.2559 0.2496 0.4943 0.0002 
0.1110 0.8365 0.0208 0.0317 
0.0098 0.0000 0.2586 0.7316 
0.0732 0.4767 0.3915 0.0586 
0.6558 0.0122 0.0358 0.2962 
0.3449 0.1124 0.3533 0.1894 
0.3696 0.2695 0.0623 0.2986 
0.3413 0.2252 0.1384 0.2950 

MOTIF filter17 
letter-probability matrix: alength= 4 w= 13 nsites= 13 
0.2391 0.1667 0.2203 0.3739 
0.1168 0.2187 0.3989 0.2656 
0.4508 0.4099 0.1385 0.0007 
0.0041 0.1382 0.6904 0.1673 
0.0961 0.4016 0.0018 0.5005 
0.0559 0.2862 0.5298 0.1282 
0.1866 0.1387 0.6612 0.0136 
0.0013 0.3566 0.5781 0.0641 
0.0520 0.5335 0.2046 0.2099 
0.4129 0.5604 0.0119 0.0148 
0.4842 0.1762 0.0583 0.2812 
0.2088 0.3375 0.1368 0.3170 
0.1484 0.3370 0.1375 0.3770 

MOTIF filter18 
letter-probability matrix: alength= 4 w= 10 nsites= 10 
0.2998 0.2449 0.2434 0.2119 
0.2309 0.3254 0.2415 0.2023 
0.3801 0.1896 0.1796 0.2507 
0.1523 0.0000 0.1491 0.6986 
0.0547 0.2428 0.3947 0.3079 
0.1284 0.8715 0.0000 0.0002 
0.6203 0.0247 0.3550 0.0001 
0.0295 0.1500 0.3913 0.4292 
0.4304 0.2762 0.2834 0.0100 
0.3635 0.1475 0.1529 0.3361 

MOTIF filter19 
letter-probability matrix: alength= 4 w= 11 nsites= 11 
0.2449 0.3651 0.2270 0.1630 
0.1464 0.3632 0.2518 0.2385 
0.6184 0.1190 0.1494 0.1131 
0.0030 0.0914 0.0091 0.8966 
0.0008 0.4238 0.0964 0.4790 
0.3891 0.0002 0.6105 0.0001 
0.5585 0.1329 0.2682 0.0404 
0.0799 0.0269 0.1194 0.7739 
0.0552 0.3465 0.5707 0.0277 
0.4076 0.1987 0.3237 0.0699 
0.2345 0.2913 0.2160 0.2583 

MOTIF filter20 
letter-probability matrix: alength= 4 w= 10 nsites= 10 
0.2576 0.2414 0.2346 0.2664 
0.1659 0.2300 0.3327 0.2715 
0.0780 0.2975 0.1453 0.4792 
0.0879 0.0347 0.3322 0.5452 
0.4816 0.4915 0.0269 0.0000 
0.0250 0.5566 0.0035 0.4149 
0.2278 0.0000 0.6474 0.1248 
0.0959 0.3735 0.2463 0.2842 
0.4994 0.4037 0.0000 0.0969 
0.0000 0.3186 0.2184 0.4630 

MOTIF filter21 
letter-probability matrix: alength= 4 w= 11 nsites= 11 
0.2575 0.0506 0.2757 0.4162 
0.2478 0.2858 0.3410 0.1255 
0.2344 0.4190 0.1122 0.2344 
0.0163 0.2089 0.7232 0.0516 
0.0029 0.5307 0.0792 0.3871 
0.1319 0.1482 0.0001 0.7198 
0.7878 0.0004 0.2118 0.0000 
0.0079 0.0258 0.5845 0.3818 
0.2126 0.3337 0.2832 0.1705 
0.4569 0.0594 0.3342 0.1495 
0.2170 0.2826 0.2856 0.2148 

MOTIF filter22 
letter-probability matrix: alength= 4 w= 11 nsites= 11 
0.2485 0.2320 0.1247 0.3948 
0.2536 0.2065 0.2702 0.2696 
0.2799 0.3774 0.1675 0.1753 
0.0025 0.2023 0.7708 0.0245 
0.0669 0.6444 0.2867 0.0020 
0.5262 0.4576 0.0045 0.0116 
0.2352 0.5343 0.2190 0.0114 
0.7347 0.0000 0.2653 0.0000 
0.2980 0.3056 0.1541 0.2424 
0.3188 0.1410 0.4216 0.1185 
0.1979 0.2744 0.2385 0.2892 

MOTIF filter23 
letter-probability matrix: alength= 4 w= 12 nsites= 12 
0.2438 0.2617 0.2728 0.2217 
0.3132 0.2685 0.1472 0.2711 
0.2509 0.4536 0.1414 0.1541 
0.1562 0.6015 0.0801 0.1623 
0.5181 0.0750 0.0604 0.3465 
0.0646 0.1003 0.2242 0.6109 
0.1935 0.7400 0.0663 0.0002 
0.0000 0.3690 0.0067 0.6243 
0.1235 0.1717 0.5789 0.1258 
0.4126 0.3487 0.2057 0.0330 
0.0004 0.0470 0.4610 0.4916 
0.0979 0.5274 0.1325 0.2423 

MOTIF filter24 
letter-probability matrix: alength= 4 w= 7 nsites= 7 
0.1397 0.1697 0.3769 0.3137 
0.0639 0.4090 0.4131 0.1140 
0.4325 0.0000 0.3598 0.2076 
0.1417 0.8570 0.0013 0.0000 
0.4570 0.0366 0.2539 0.2526 
0.0420 0.3778 0.1818 0.3984 
0.0060 0.5092 0.0556 0.4292 

MOTIF filter25 
letter-probability matrix: alength= 4 w= 13 nsites= 13 
0.1860 0.2636 0.2768 0.2735 
0.2786 0.2625 0.2485 0.2105 
0.3180 0.2416 0.3412 0.0992 
0.1272 0.2850 0.0295 0.5583 
0.1585 0.4862 0.2078 0.1475 
0.4204 0.0005 0.0384 0.5406 
0.0000 0.3887 0.0915 0.5198 
0.3834 0.0000 0.5479 0.0687 
0.0762 0.6806 0.1331 0.1101 
0.5182 0.0037 0.4457 0.0323 
0.2053 0.2810 0.0057 0.5081 
0.1801 0.3081 0.1973 0.3146 
0.3130 0.2260 0.3330 0.1280 

MOTIF filter26 
letter-probability matrix: alength= 4 w= 15 nsites= 15 
0.2588 0.2068 0.2536 0.2807 
0.3162 0.2232 0.2356 0.2251 
0.0554 0.4488 0.1970 0.2988 
0.0002 0.4751 0.0270 0.4977 
0.2136 0.0402 0.3609 0.3853 
0.4798 0.4611 0.0590 0.0001 
0.0148 0.2667 0.1817 0.5368 
0.1586 0.1673 0.5206 0.1534 
0.5489 0.0000 0.4145 0.0365 
0.0000 0.3372 0.6533 0.0095 
0.2831 0.2579 0.1327 0.3262 
0.2573 0.5472 0.0202 0.1753 
0.3769 0.2171 0.1711 0.2349 
0.2818 0.2746 0.2796 0.1639 
0.3002 0.2633 0.1471 0.2894 

MOTIF filter27 
letter-probability matrix: alength= 4 w= 10 nsites= 10 
0.2858 0.2218 0.2233 0.2691 
0.1158 0.5813 0.0303 0.2726 
0.2633 0.1091 0.3642 0.2634 
0.3635 0.6359 0.0000 0.0006 
0.0091 0.0579 0.3869 0.5461 
0.9100 0.0487 0.0000 0.0413 
0.0659 0.0023 0.7226 0.2091 
0.3388 0.1999 0.2875 0.1737 
0.2965 0.2378 0.1805 0.2853 
0.2644 0.2326 0.2224 0.2806 

MOTIF filter28 
letter-probability matrix: alength= 4 w= 12 nsites= 12 
0.1729 0.3505 0.2340 0.2425 
0.3325 0.0545 0.2825 0.3305 
0.1963 0.4304 0.1261 0.2472 
0.0419 0.0821 0.1575 0.7185 
0.4620 0.5309 0.0070 0.0001 
0.2158 0.5729 0.0096 0.2017 
0.1804 0.5845 0.1105 0.1247 
0.5328 0.0444 0.3576 0.0651 
0.1329 0.0115 0.3768 0.4788 
0.6004 0.1965 0.0010 0.2021 
0.8961 0.0198 0.0747 0.0095 
0.3598 0.0921 0.4693 0.0788 

MOTIF filter29 
letter-probability matrix: alength= 4 w= 9 nsites= 9 
0.2728 0.3313 0.1719 0.2240 
0.2982 0.4166 0.2852 0.0000 
0.5116 0.0101 0.2584 0.2198 
0.0908 0.7305 0.0442 0.1345 
0.0001 0.9204 0.0000 0.0795 
0.1661 0.0181 0.7922 0.0235 
0.3352 0.0771 0.3937 0.1941 
0.2568 0.2796 0.0868 0.3768 
0.4813 0.1868 0.0998 0.2321 

