MEME version 4

ALPHABET= ACGT

Background letter frequencies:
A 0.2500 C 0.2500 G 0.2500 T 0.2500 

MOTIF filter0 
letter-probability matrix: alength= 4 w= 16 nsites= 16 
0.1333 0.3542 0.2093 0.3032 
0.1380 0.2740 0.4227 0.1653 
0.0559 0.3894 0.2907 0.2640 
0.0018 0.8595 0.0420 0.0968 
0.0003 0.8867 0.0139 0.0990 
0.7350 0.0509 0.1549 0.0592 
0.0000 0.2020 0.0060 0.7920 
0.1672 0.2091 0.0072 0.6165 
0.0020 0.2637 0.0043 0.7300 
0.2281 0.3470 0.0000 0.4249 
0.0727 0.2985 0.1670 0.4618 
0.2506 0.0899 0.5125 0.1470 
0.0575 0.1328 0.7174 0.0923 
0.3074 0.1715 0.2780 0.2431 
0.3250 0.3222 0.1640 0.1888 
0.4068 0.1795 0.1932 0.2204 

MOTIF filter1 
letter-probability matrix: alength= 4 w= 9 nsites= 9 
0.2709 0.2172 0.4021 0.1097 
0.2789 0.4679 0.0064 0.2467 
0.3283 0.2475 0.3139 0.1103 
0.0216 0.9663 0.0023 0.0097 
0.0782 0.0000 0.8434 0.0784 
0.0458 0.1758 0.0437 0.7347 
0.5201 0.0000 0.4255 0.0545 
0.0200 0.6032 0.0368 0.3401 
0.2317 0.1893 0.0445 0.5345 

MOTIF filter2 
letter-probability matrix: alength= 4 w= 9 nsites= 9 
0.1960 0.3122 0.0555 0.4364 
0.0408 0.3089 0.1885 0.4618 
0.2495 0.5816 0.0039 0.1650 
0.0524 0.9391 0.0024 0.0061 
0.0390 0.5379 0.3907 0.0324 
0.0435 0.0012 0.8182 0.1371 
0.1687 0.0000 0.5885 0.2427 
0.5796 0.1759 0.2385 0.0059 
0.5226 0.0362 0.1669 0.2742 

MOTIF filter3 
letter-probability matrix: alength= 4 w= 15 nsites= 15 
0.2542 0.2539 0.2854 0.2065 
0.2414 0.2745 0.2821 0.2020 
0.1529 0.2725 0.3007 0.2740 
0.1381 0.1601 0.6095 0.0923 
0.0246 0.4324 0.1443 0.3987 
0.0599 0.5298 0.2514 0.1590 
0.6244 0.2656 0.0968 0.0131 
0.0907 0.5330 0.3723 0.0040 
0.0201 0.0005 0.6331 0.3463 
0.0001 0.4540 0.2901 0.2557 
0.5787 0.1133 0.3080 0.0000 
0.0000 0.7336 0.1752 0.0912 
0.1300 0.1623 0.4785 0.2292 
0.0648 0.4817 0.1618 0.2917 
0.4878 0.1340 0.1851 0.1931 

MOTIF filter4 
letter-probability matrix: alength= 4 w= 12 nsites= 12 
0.2006 0.5798 0.0640 0.1556 
0.1026 0.2533 0.0278 0.6163 
0.6521 0.1590 0.0280 0.1610 
0.4140 0.0026 0.0337 0.5497 
0.1979 0.0363 0.4553 0.3105 
0.7902 0.1076 0.0059 0.0963 
0.1536 0.0000 0.0083 0.8380 
0.0032 0.0000 0.5681 0.4287 
0.6490 0.0381 0.3122 0.0008 
0.1500 0.2574 0.5762 0.0165 
0.1537 0.3223 0.0839 0.4401 
0.1321 0.4697 0.2449 0.1532 

MOTIF filter5 
letter-probability matrix: alength= 4 w= 11 nsites= 11 
0.2618 0.1207 0.3702 0.2474 
0.1139 0.5244 0.1592 0.2026 
0.1231 0.2657 0.1334 0.4777 
0.6534 0.0011 0.2589 0.0867 
0.2046 0.5200 0.0341 0.2414 
0.4162 0.0071 0.0060 0.5707 
0.0697 0.0002 0.6325 0.2976 
0.2049 0.7697 0.0000 0.0254 
0.0496 0.3865 0.0000 0.5638 
0.4416 0.0004 0.5511 0.0069 
0.2170 0.0349 0.5596 0.1885 

MOTIF filter6 
letter-probability matrix: alength= 4 w= 14 nsites= 14 
0.3881 0.1486 0.1220 0.3413 
0.2936 0.1645 0.1365 0.4054 
0.3001 0.0696 0.0961 0.5342 
0.0759 0.0671 0.1245 0.7325 
0.0230 0.3037 0.0053 0.6679 
0.0795 0.6003 0.2955 0.0248 
0.2315 0.7111 0.0066 0.0508 
0.0466 0.0000 0.8725 0.0809 
0.0055 0.4804 0.4325 0.0816 
0.9649 0.0307 0.0010 0.0034 
0.8062 0.0870 0.0257 0.0811 
0.3881 0.1467 0.1212 0.3441 
0.2380 0.1872 0.0964 0.4784 
0.3425 0.1856 0.2192 0.2527 

MOTIF filter7 
letter-probability matrix: alength= 4 w= 9 nsites= 9 
0.2664 0.4518 0.2737 0.0081 
0.3111 0.0686 0.4561 0.1642 
0.3351 0.1114 0.3585 0.1950 
0.0247 0.7279 0.0005 0.2469 
0.0211 0.1218 0.8572 0.0000 
0.0155 0.0010 0.9831 0.0004 
0.5128 0.1326 0.2471 0.1075 
0.2114 0.2146 0.3936 0.1804 
0.1151 0.2740 0.4479 0.1630 

MOTIF filter8 
letter-probability matrix: alength= 4 w= 14 nsites= 14 
0.2418 0.1840 0.2442 0.3301 
0.3858 0.1385 0.2641 0.2116 
0.2735 0.1445 0.3188 0.2632 
0.0665 0.5771 0.3024 0.0540 
0.0000 0.3428 0.0006 0.6566 
0.4005 0.0043 0.2186 0.3766 
0.4173 0.5827 0.0000 0.0000 
0.0000 0.2201 0.0958 0.6841 
0.1149 0.1696 0.1117 0.6039 
0.3183 0.0034 0.6668 0.0115 
0.0097 0.0514 0.6980 0.2408 
0.3907 0.2484 0.0545 0.3064 
0.4961 0.0932 0.1565 0.2542 
0.2245 0.2656 0.2725 0.2374 

MOTIF filter9 
letter-probability matrix: alength= 4 w= 12 nsites= 12 
0.2279 0.5522 0.0603 0.1596 
0.3753 0.1028 0.2580 0.2640 
0.0032 0.3177 0.3223 0.3569 
0.8660 0.1159 0.0180 0.0002 
0.2421 0.1522 0.3378 0.2679 
0.1663 0.0001 0.8335 0.0000 
0.0727 0.1857 0.0000 0.7417 
0.1852 0.0454 0.7153 0.0542 
0.0393 0.2082 0.7123 0.0403 
0.2269 0.2174 0.1712 0.3845 
0.2674 0.3551 0.2390 0.1386 
0.3894 0.2362 0.1847 0.1897 

MOTIF filter10 
letter-probability matrix: alength= 4 w= 13 nsites= 13 
0.2102 0.3082 0.3140 0.1676 
0.1206 0.4252 0.2630 0.1911 
0.3932 0.1254 0.4794 0.0020 
0.0000 0.1634 0.0000 0.8366 
0.0000 0.0000 0.0934 0.9066 
0.2976 0.0006 0.3106 0.3912 
0.0064 0.6830 0.0000 0.3107 
0.0951 0.3816 0.5233 0.0000 
0.2800 0.3046 0.1917 0.2237 
0.6618 0.1270 0.2112 0.0000 
0.5699 0.0860 0.2552 0.0889 
0.0037 0.3774 0.1635 0.4554 
0.2012 0.2850 0.3275 0.1863 

MOTIF filter11 
letter-probability matrix: alength= 4 w= 10 nsites= 10 
0.1422 0.0781 0.4525 0.3272 
0.0898 0.4818 0.4249 0.0036 
0.0367 0.3446 0.2907 0.3280 
0.2144 0.0279 0.7192 0.0385 
0.0750 0.0114 0.6059 0.3076 
0.1928 0.0000 0.8060 0.0012 
0.9587 0.0259 0.0154 0.0000 
0.4213 0.1507 0.4275 0.0005 
0.1104 0.3002 0.1993 0.3901 
0.1764 0.4396 0.2917 0.0923 

MOTIF filter12 
letter-probability matrix: alength= 4 w= 8 nsites= 8 
0.3909 0.2879 0.2524 0.0688 
0.3733 0.0004 0.3250 0.3012 
0.2808 0.6142 0.1037 0.0013 
0.0323 0.8891 0.0671 0.0114 
0.9978 0.0000 0.0011 0.0011 
0.4834 0.0000 0.0240 0.4926 
0.0000 0.1226 0.6169 0.2606 
0.0721 0.2974 0.4501 0.1804 

MOTIF filter13 
letter-probability matrix: alength= 4 w= 12 nsites= 12 
0.0656 0.6673 0.1453 0.1219 
0.3693 0.2402 0.0625 0.3279 
0.4887 0.0635 0.3797 0.0682 
0.7531 0.0120 0.0688 0.1660 
0.3560 0.0193 0.0009 0.6237 
0.0413 0.0175 0.0183 0.9228 
0.0010 0.0000 0.6869 0.3121 
0.0000 0.0010 0.9990 0.0000 
0.0269 0.7724 0.0000 0.2006 
0.0258 0.2431 0.1622 0.5689 
0.1829 0.1450 0.6427 0.0294 
0.6053 0.2919 0.0769 0.0259 

MOTIF filter14 
letter-probability matrix: alength= 4 w= 10 nsites= 10 
0.2075 0.3018 0.2068 0.2840 
0.0570 0.4328 0.3283 0.1819 
0.4810 0.0000 0.4980 0.0211 
0.0800 0.7172 0.0027 0.2001 
0.0984 0.7169 0.1731 0.0116 
0.9651 0.0000 0.0156 0.0193 
0.0023 0.2059 0.0104 0.7814 
0.2265 0.1974 0.5740 0.0020 
0.1166 0.1417 0.2774 0.4642 
0.2847 0.2322 0.2247 0.2584 

MOTIF filter15 
letter-probability matrix: alength= 4 w= 11 nsites= 11 
0.2625 0.2410 0.2573 0.2392 
0.3262 0.2894 0.2494 0.1350 
0.4022 0.2223 0.1995 0.1759 
0.0585 0.8216 0.1114 0.0085 
0.4470 0.2000 0.0158 0.3372 
0.0742 0.7607 0.1570 0.0081 
0.6798 0.1296 0.1906 0.0000 
0.0013 0.0148 0.0443 0.9395 
0.0003 0.4349 0.5088 0.0560 
0.5960 0.0922 0.1969 0.1150 
0.1567 0.3670 0.2510 0.2253 

MOTIF filter16 
letter-probability matrix: alength= 4 w= 13 nsites= 13 
0.3051 0.2086 0.1974 0.2888 
0.4257 0.1682 0.2298 0.1764 
0.4471 0.1903 0.2421 0.1205 
0.0151 0.2198 0.0228 0.7424 
0.1515 0.0135 0.2821 0.5529 
0.6002 0.0000 0.3736 0.0262 
0.0121 0.8549 0.1081 0.0248 
0.1281 0.0000 0.4342 0.4377 
0.0643 0.5032 0.0036 0.4290 
0.7822 0.1035 0.0000 0.1142 
0.5156 0.1514 0.2727 0.0604 
0.1042 0.3887 0.1285 0.3785 
0.3827 0.1754 0.1869 0.2551 

MOTIF filter17 
letter-probability matrix: alength= 4 w= 11 nsites= 11 
0.2353 0.3085 0.3142 0.1420 
0.0493 0.3535 0.0916 0.5056 
0.0000 0.5889 0.3850 0.0261 
0.9392 0.0007 0.0036 0.0565 
0.2817 0.0716 0.1571 0.4896 
0.0000 0.0002 0.0000 0.9998 
0.1823 0.3837 0.4338 0.0002 
0.8095 0.0218 0.1685 0.0002 
0.1363 0.2543 0.2375 0.3718 
0.1052 0.3816 0.2878 0.2254 
0.3049 0.2870 0.2066 0.2016 

MOTIF filter18 
letter-probability matrix: alength= 4 w= 9 nsites= 9 
0.0779 0.4789 0.0642 0.3790 
0.2394 0.5947 0.1025 0.0634 
0.5574 0.0212 0.3863 0.0350 
0.0205 0.0868 0.7933 0.0994 
0.5159 0.4841 0.0000 0.0000 
0.9998 0.0000 0.0000 0.0002 
0.1484 0.2333 0.5310 0.0872 
0.2012 0.1093 0.4766 0.2130 
0.1587 0.1370 0.1183 0.5860 

MOTIF filter19 
letter-probability matrix: alength= 4 w= 10 nsites= 10 
0.2516 0.2228 0.2526 0.2729 
0.0024 0.5801 0.1452 0.2724 
0.0569 0.5621 0.1538 0.2272 
0.7810 0.0001 0.2114 0.0075 
0.5451 0.0030 0.0071 0.4448 
0.3657 0.1230 0.0012 0.5102 
0.0000 0.2462 0.7538 0.0000 
0.1508 0.4282 0.2622 0.1589 
0.4336 0.2409 0.1995 0.1260 
0.2141 0.2359 0.1923 0.3577 

MOTIF filter20 
letter-probability matrix: alength= 4 w= 11 nsites= 11 
0.2354 0.4033 0.2198 0.1415 
0.3266 0.4584 0.1957 0.0193 
0.3049 0.0228 0.2496 0.4227 
0.1761 0.0275 0.1840 0.6124 
0.4944 0.3089 0.1739 0.0228 
0.0017 0.8369 0.0000 0.1614 
0.0018 0.0003 0.6414 0.3564 
0.0108 0.2189 0.6397 0.1306 
0.5646 0.3759 0.0001 0.0594 
0.4249 0.1642 0.2192 0.1918 
0.0321 0.1624 0.5401 0.2654 

MOTIF filter21 
letter-probability matrix: alength= 4 w= 13 nsites= 13 
0.2170 0.2196 0.3448 0.2185 
0.3591 0.3441 0.1320 0.1648 
0.3425 0.0674 0.1601 0.4301 
0.2318 0.0039 0.6840 0.0803 
0.5889 0.0333 0.3159 0.0619 
0.0195 0.1683 0.5180 0.2942 
0.0000 0.0197 0.4717 0.5086 
0.0881 0.9078 0.0000 0.0041 
0.5346 0.0000 0.2081 0.2572 
0.0000 0.0288 0.8792 0.0920 
0.4181 0.3532 0.2124 0.0162 
0.3659 0.1883 0.3823 0.0636 
0.2115 0.2736 0.1473 0.3675 

MOTIF filter22 
letter-probability matrix: alength= 4 w= 13 nsites= 13 
0.2170 0.4325 0.2576 0.0928 
0.4508 0.1980 0.2116 0.1396 
0.3034 0.2775 0.0787 0.3405 
0.0458 0.0000 0.0970 0.8572 
0.0000 0.0043 0.0820 0.9137 
0.3691 0.5634 0.0675 0.0000 
0.6387 0.3521 0.0000 0.0092 
0.1466 0.0436 0.4937 0.3161 
0.0732 0.1657 0.6578 0.1033 
0.0031 0.0514 0.6877 0.2578 
0.4137 0.2727 0.2032 0.1104 
0.6219 0.1888 0.0785 0.1109 
0.3389 0.1866 0.2826 0.1919 

MOTIF filter23 
letter-probability matrix: alength= 4 w= 13 nsites= 13 
0.1956 0.0949 0.2520 0.4575 
0.0131 0.4048 0.0434 0.5387 
0.0520 0.0119 0.3224 0.6138 
0.7851 0.2143 0.0000 0.0005 
0.3599 0.2379 0.2017 0.2005 
0.2784 0.0012 0.0006 0.7199 
0.3839 0.4160 0.0132 0.1869 
0.9567 0.0072 0.0060 0.0301 
0.0000 0.1137 0.0326 0.8536 
0.6656 0.0890 0.1404 0.1051 
0.1755 0.0313 0.6496 0.1435 
0.2309 0.4807 0.2017 0.0868 
0.1728 0.2720 0.4644 0.0907 

MOTIF filter24 
letter-probability matrix: alength= 4 w= 8 nsites= 8 
0.2023 0.4507 0.3469 0.0001 
0.0735 0.2125 0.2169 0.4972 
0.0042 0.4443 0.0026 0.5490 
0.0060 0.8175 0.0094 0.1672 
0.0350 0.9081 0.0341 0.0228 
0.0787 0.4561 0.3766 0.0887 
0.3334 0.2298 0.3048 0.1320 
0.3920 0.2676 0.2684 0.0720 

MOTIF filter25 
letter-probability matrix: alength= 4 w= 12 nsites= 12 
0.2620 0.2299 0.2688 0.2394 
0.3339 0.2461 0.2569 0.1632 
0.2864 0.2939 0.2191 0.2007 
0.0000 0.9262 0.0140 0.0598 
0.7578 0.0474 0.0521 0.1427 
0.0139 0.7319 0.0222 0.2319 
0.2407 0.0010 0.7111 0.0472 
0.1399 0.0228 0.0229 0.8144 
0.0479 0.0393 0.9128 0.0000 
0.1449 0.2500 0.3431 0.2621 
0.2116 0.2721 0.1985 0.3179 
0.2579 0.2511 0.2230 0.2679 

MOTIF filter26 
letter-probability matrix: alength= 4 w= 9 nsites= 9 
0.2130 0.3080 0.3005 0.1784 
0.4023 0.3032 0.1662 0.1283 
0.0925 0.2996 0.5792 0.0287 
0.0049 0.0000 0.0000 0.9951 
0.0028 0.5110 0.4862 0.0000 
0.9979 0.0000 0.0009 0.0013 
0.0492 0.2829 0.5144 0.1535 
0.1664 0.4281 0.0524 0.3531 
0.2390 0.3383 0.2355 0.1873 

MOTIF filter27 
letter-probability matrix: alength= 4 w= 17 nsites= 17 
0.2668 0.3530 0.1141 0.2661 
0.1757 0.2950 0.1428 0.3866 
0.3758 0.3813 0.1708 0.0721 
0.0927 0.1398 0.2050 0.5626 
0.3617 0.2788 0.2286 0.1309 
0.2556 0.0042 0.2501 0.4901 
0.3072 0.1470 0.2362 0.3097 
0.2199 0.0006 0.2663 0.5132 
0.2894 0.6277 0.0000 0.0829 
0.5848 0.0002 0.3588 0.0562 
0.3419 0.6152 0.0000 0.0429 
0.2395 0.0288 0.5019 0.2297 
0.5189 0.0979 0.0334 0.3497 
0.0621 0.2395 0.6200 0.0783 
0.2316 0.3456 0.2826 0.1401 
0.2066 0.2318 0.2597 0.3018 
0.2146 0.1983 0.2545 0.3325 

MOTIF filter28 
letter-probability matrix: alength= 4 w= 12 nsites= 12 
0.0871 0.1680 0.1905 0.5544 
0.5695 0.1445 0.2860 0.0000 
0.0839 0.4642 0.0022 0.4496 
0.1091 0.5962 0.0258 0.2689 
0.3175 0.0079 0.5435 0.1311 
0.4821 0.0007 0.4278 0.0895 
0.0000 0.5157 0.0547 0.4296 
0.7940 0.0473 0.0655 0.0931 
0.1556 0.1834 0.6226 0.0385 
0.3186 0.2921 0.2229 0.1663 
0.3637 0.1911 0.2307 0.2144 
0.1783 0.2441 0.2207 0.3569 

MOTIF filter29 
letter-probability matrix: alength= 4 w= 9 nsites= 9 
0.2540 0.2730 0.1109 0.3620 
0.2220 0.0946 0.1122 0.5712 
0.0309 0.5719 0.3231 0.0741 
0.1618 0.7659 0.0295 0.0428 
0.1235 0.0000 0.8455 0.0310 
0.0052 0.9237 0.0665 0.0045 
0.4353 0.2457 0.0709 0.2481 
0.4918 0.0607 0.0020 0.4454 
0.0925 0.3055 0.3760 0.2260 

