MEME version 4

ALPHABET= ACGT

Background letter frequencies:
A 0.2500 C 0.2500 G 0.2500 T 0.2500 

MOTIF filter0 
letter-probability matrix: alength= 4 w= 19 nsites= 19 
0.2375 0.2510 0.2582 0.2534 
0.2441 0.2372 0.2922 0.2265 
0.2310 0.2540 0.2547 0.2603 
0.3169 0.2195 0.2419 0.2216 
0.2206 0.2602 0.3124 0.2068 
0.2246 0.2468 0.2672 0.2613 
0.2165 0.2205 0.2587 0.3043 
0.2648 0.2328 0.2391 0.2633 
0.0000 0.8694 0.1306 0.0000 
0.0089 0.9911 0.0000 0.0000 
0.0000 0.0000 1.0000 0.0000 
0.0000 0.0000 1.0000 0.0000 
1.0000 0.0000 0.0000 0.0000 
1.0000 0.0000 0.0000 0.0000 
0.0372 0.0060 0.9568 0.0000 
0.0151 0.2792 0.0056 0.7001 
0.1486 0.0913 0.7055 0.0546 
0.1848 0.3231 0.4700 0.0221 
0.1854 0.4228 0.1997 0.1921 

MOTIF filter1 
letter-probability matrix: alength= 4 w= 19 nsites= 19 
1.0000 0.0000 0.0000 0.0000 
0.0000 0.0000 0.0000 1.0000 
0.0000 0.2632 0.0000 0.7368 
1.0000 0.0000 0.0000 0.0000 
1.0000 0.0000 0.0000 0.0000 
1.0000 0.0000 0.0000 0.0000 
0.1846 0.2317 0.2563 0.3274 
0.3565 0.2308 0.1958 0.2169 
0.2858 0.1882 0.2800 0.2460 
0.1923 0.2544 0.2753 0.2779 
0.1847 0.3009 0.2507 0.2637 
0.2648 0.2983 0.1679 0.2689 
0.2156 0.2451 0.2885 0.2508 
0.2281 0.2971 0.2028 0.2720 
0.2415 0.1907 0.2816 0.2863 
0.3286 0.2013 0.1956 0.2745 
0.3647 0.1659 0.2327 0.2367 
0.3282 0.1984 0.1978 0.2757 
0.2951 0.2250 0.2405 0.2394 

MOTIF filter2 
letter-probability matrix: alength= 4 w= 19 nsites= 19 
0.3385 0.2556 0.2066 0.1994 
0.3001 0.2492 0.3039 0.1467 
0.2929 0.2212 0.3028 0.1831 
0.2060 0.1970 0.2136 0.3834 
0.2356 0.2779 0.2622 0.2242 
0.2287 0.1996 0.2616 0.3101 
0.5937 0.0013 0.0000 0.4050 
0.0000 0.0000 0.0000 1.0000 
0.0000 0.0000 0.0000 1.0000 
0.8431 0.0000 0.1569 0.0000 
1.0000 0.0000 0.0000 0.0000 
0.0000 0.0000 0.0000 1.0000 
0.2577 0.2344 0.2867 0.2212 
0.1380 0.2431 0.3465 0.2724 
0.2813 0.2154 0.2947 0.2087 
0.1339 0.3098 0.2289 0.3274 
0.2983 0.2672 0.2762 0.1583 
0.2046 0.3007 0.2407 0.2540 
0.3145 0.2462 0.2347 0.2047 

MOTIF filter3 
letter-probability matrix: alength= 4 w= 19 nsites= 19 
0.2343 0.2440 0.2281 0.2936 
0.2499 0.2623 0.2688 0.2189 
0.2208 0.2659 0.2700 0.2433 
0.2718 0.2458 0.2573 0.2250 
0.2252 0.2944 0.2312 0.2492 
0.2286 0.2206 0.2705 0.2802 
0.0662 0.0401 0.7262 0.1674 
0.0725 0.7434 0.0895 0.0946 
0.2479 0.4035 0.2666 0.0820 
0.0699 0.0000 0.8459 0.0842 
0.0000 1.0000 0.0000 0.0000 
0.0000 1.0000 0.0000 0.0000 
1.0000 0.0000 0.0000 0.0000 
0.0000 0.0000 0.0000 1.0000 
0.0000 0.4984 0.1176 0.3840 
0.0000 0.0116 0.0021 0.9862 
0.0000 0.0043 0.0000 0.9957 
0.0678 0.0800 0.7008 0.1514 
0.2520 0.2316 0.2455 0.2709 

MOTIF filter4 
letter-probability matrix: alength= 4 w= 19 nsites= 19 
0.0363 0.0919 0.6807 0.1911 
0.3978 0.3909 0.0805 0.1309 
0.0000 0.9991 0.0000 0.0009 
0.0000 0.9887 0.0029 0.0084 
0.8089 0.0059 0.0092 0.1759 
0.0220 0.0000 0.0020 0.9760 
0.9973 0.0017 0.0009 0.0000 
0.0000 0.0009 0.0010 0.9981 
0.9889 0.0011 0.0000 0.0100 
0.1484 0.0083 0.0019 0.8414 
0.0154 0.0041 0.9805 0.0000 
0.0019 0.0055 0.9859 0.0067 
0.1282 0.0969 0.3801 0.3949 
0.2116 0.6695 0.0826 0.0362 
0.7263 0.0320 0.0840 0.1577 
0.2267 0.2908 0.2506 0.2318 
0.2344 0.2564 0.2630 0.2462 
0.2535 0.2345 0.2405 0.2715 
0.2613 0.2424 0.2417 0.2546 

MOTIF filter5 
letter-probability matrix: alength= 4 w= 19 nsites= 19 
0.6559 0.3441 0.0000 0.0000 
0.1241 0.4408 0.3953 0.0398 
0.2173 0.6042 0.1042 0.0744 
0.0481 0.3630 0.4812 0.1077 
0.3009 0.1421 0.5506 0.0064 
0.1220 0.0111 0.6006 0.2663 
0.4919 0.1754 0.0379 0.2947 
0.0847 0.0589 0.4026 0.4538 
0.2725 0.1056 0.2636 0.3583 
0.5378 0.0914 0.0463 0.3246 
0.6185 0.0923 0.0427 0.2465 
0.0119 0.0057 0.0327 0.9497 
0.1227 0.0000 0.3049 0.5724 
0.3097 0.0624 0.0300 0.5979 
0.5190 0.0290 0.2837 0.1683 
0.7221 0.0859 0.1001 0.0919 
0.0242 0.0171 0.1337 0.8251 
0.0220 0.3586 0.3991 0.2202 
0.0847 0.1679 0.5863 0.1610 

MOTIF filter6 
letter-probability matrix: alength= 4 w= 19 nsites= 19 
0.2743 0.2274 0.2320 0.2663 
0.1529 0.1990 0.3950 0.2531 
0.0185 0.4467 0.2977 0.2371 
0.0839 0.6643 0.1483 0.1035 
0.7464 0.0069 0.2193 0.0274 
0.0000 0.9473 0.0106 0.0421 
0.0000 0.0000 0.0000 1.0000 
0.0000 0.0000 0.0000 1.0000 
0.0000 1.0000 0.0000 0.0000 
0.0000 1.0000 0.0000 0.0000 
0.0000 0.0000 0.9910 0.0090 
0.0000 0.1520 0.8437 0.0043 
0.2633 0.2629 0.2480 0.2258 
0.2620 0.2336 0.2779 0.2265 
0.2206 0.2297 0.2558 0.2939 
0.2209 0.2786 0.2490 0.2516 
0.2925 0.2007 0.2754 0.2313 
0.2741 0.2514 0.2310 0.2435 
0.1970 0.2062 0.3102 0.2866 

MOTIF filter7 
letter-probability matrix: alength= 4 w= 19 nsites= 19 
0.2411 0.3140 0.2937 0.1512 
0.0080 0.9894 0.0000 0.0026 
0.9079 0.0000 0.0657 0.0264 
0.0000 0.8882 0.0031 0.1087 
0.0866 0.0072 0.9062 0.0000 
0.0358 0.0779 0.0000 0.8864 
0.0000 0.0000 0.9897 0.0103 
0.1622 0.2934 0.3042 0.2403 
0.1671 0.2623 0.1763 0.3942 
0.2658 0.2281 0.2555 0.2507 
0.2413 0.2628 0.2572 0.2387 
0.2615 0.2338 0.2503 0.2544 
0.2419 0.2826 0.2320 0.2435 
0.2411 0.2633 0.2569 0.2387 
0.2518 0.2397 0.2441 0.2644 
0.2489 0.2469 0.2471 0.2571 
0.2238 0.2586 0.2503 0.2674 
0.2454 0.2478 0.2556 0.2512 
0.2585 0.2579 0.2207 0.2630 

MOTIF filter8 
letter-probability matrix: alength= 4 w= 19 nsites= 19 
0.2531 0.2206 0.2543 0.2720 
0.2471 0.2430 0.2588 0.2512 
0.2600 0.2481 0.2485 0.2433 
0.2434 0.2743 0.2602 0.2221 
0.2468 0.2450 0.2610 0.2471 
0.2267 0.2515 0.2569 0.2649 
0.2630 0.2454 0.2470 0.2447 
0.2437 0.2602 0.2542 0.2419 
0.2502 0.2403 0.2491 0.2604 
0.2457 0.2580 0.2279 0.2684 
0.4785 0.1471 0.3564 0.0180 
0.0006 0.0005 0.0000 0.9989 
0.0000 0.0000 0.0709 0.9291 
0.2915 0.0017 0.6031 0.1037 
0.0247 0.8202 0.0259 0.1292 
0.1341 0.0182 0.8263 0.0214 
0.0916 0.6442 0.0000 0.2642 
0.9367 0.0633 0.0000 0.0000 
0.9989 0.0000 0.0011 0.0000 

MOTIF filter9 
letter-probability matrix: alength= 4 w= 19 nsites= 19 
0.2594 0.3125 0.1710 0.2571 
0.3316 0.2422 0.2311 0.1951 
0.2745 0.1282 0.3397 0.2575 
0.2210 0.2905 0.2500 0.2385 
0.2649 0.2368 0.2003 0.2979 
0.2491 0.2892 0.2371 0.2247 
0.2709 0.2086 0.2542 0.2663 
0.1934 0.2925 0.2934 0.2206 
0.3182 0.2010 0.1670 0.3138 
0.1929 0.2727 0.1823 0.3521 
1.0000 0.0000 0.0000 0.0000 
0.0000 0.0000 0.0000 1.0000 
0.0000 0.2580 0.0000 0.7420 
1.0000 0.0000 0.0000 0.0000 
1.0000 0.0000 0.0000 0.0000 
0.5016 0.0000 0.0011 0.4973 
0.3702 0.2571 0.2055 0.1671 
0.2201 0.2249 0.3233 0.2317 
0.2332 0.2641 0.2746 0.2281 

MOTIF filter10 
letter-probability matrix: alength= 4 w= 19 nsites= 19 
1.0000 0.0000 0.0000 0.0000 
0.0000 1.0000 0.0000 0.0000 
0.0000 0.0000 1.0000 0.0000 
0.0000 0.0000 0.0000 1.0000 
0.0000 0.0000 1.0000 0.0000 
0.1378 0.2998 0.3193 0.2431 
0.1401 0.2524 0.1971 0.4104 
0.2793 0.2070 0.2740 0.2397 
0.2255 0.2810 0.2491 0.2443 
0.2598 0.2308 0.2680 0.2413 
0.2434 0.2795 0.2146 0.2626 
0.2231 0.2442 0.2621 0.2705 
0.2405 0.2534 0.2327 0.2734 
0.2521 0.2574 0.2041 0.2864 
0.2448 0.2446 0.2516 0.2590 
0.2199 0.2681 0.2492 0.2628 
0.2392 0.2612 0.2446 0.2549 
0.2442 0.2644 0.2530 0.2384 
0.2838 0.2447 0.2438 0.2276 

MOTIF filter11 
letter-probability matrix: alength= 4 w= 19 nsites= 19 
0.2371 0.2500 0.2590 0.2540 
0.2546 0.2544 0.2423 0.2487 
0.2509 0.2381 0.2561 0.2550 
0.2497 0.2379 0.2666 0.2458 
0.2556 0.2534 0.2415 0.2496 
0.2442 0.2589 0.2336 0.2633 
0.2528 0.2499 0.2323 0.2649 
0.2604 0.2542 0.2429 0.2424 
0.2674 0.2349 0.2417 0.2559 
0.1994 0.2253 0.1716 0.4037 
0.0252 0.0500 0.0198 0.9050 
0.0129 0.0358 0.0580 0.8934 
0.1494 0.7900 0.0263 0.0342 
0.0557 0.6343 0.0069 0.3031 
0.2494 0.2241 0.2763 0.2502 
0.2793 0.0107 0.6625 0.0475 
0.0303 0.0187 0.7842 0.1668 
0.9012 0.0693 0.0093 0.0202 
0.9250 0.0233 0.0372 0.0144 

MOTIF filter12 
letter-probability matrix: alength= 4 w= 19 nsites= 19 
0.0030 0.9563 0.0000 0.0407 
0.0693 0.8852 0.0251 0.0204 
0.7363 0.1488 0.0107 0.1041 
0.1025 0.0756 0.0000 0.8220 
0.7215 0.1085 0.1521 0.0179 
0.0000 0.0000 0.0000 1.0000 
0.9289 0.0026 0.0154 0.0531 
0.0829 0.0489 0.1676 0.7006 
0.0790 0.0032 0.8906 0.0272 
0.0637 0.0000 0.9339 0.0024 
0.0388 0.0679 0.5329 0.3604 
0.0507 0.6399 0.1498 0.1596 
0.6766 0.0158 0.0028 0.3049 
0.0892 0.1965 0.5011 0.2131 
0.0485 0.1905 0.5545 0.2066 
0.3370 0.3706 0.1408 0.1515 
0.3274 0.1668 0.3836 0.1222 
0.3267 0.1551 0.2551 0.2632 
0.1385 0.2414 0.2843 0.3358 

MOTIF filter13 
letter-probability matrix: alength= 4 w= 19 nsites= 19 
0.2463 0.2415 0.2479 0.2643 
0.2573 0.2613 0.2225 0.2589 
0.3285 0.2272 0.2092 0.2351 
0.5790 0.0027 0.0952 0.3232 
0.6013 0.0117 0.0241 0.3630 
0.4717 0.0055 0.0344 0.4884 
0.2656 0.1736 0.1050 0.4558 
0.0031 0.0000 0.0000 0.9969 
0.0000 0.0000 1.0000 0.0000 
0.0305 0.9695 0.0000 0.0000 
0.0000 0.0000 0.0000 1.0000 
0.0000 0.0000 0.9973 0.0027 
1.0000 0.0000 0.0000 0.0000 
0.0567 0.5660 0.2163 0.1610 
0.1696 0.1164 0.0453 0.6687 
0.1532 0.3757 0.1524 0.3187 
0.5157 0.0426 0.1854 0.2563 
0.1094 0.0597 0.5650 0.2660 
0.2617 0.2575 0.2572 0.2236 

MOTIF filter14 
letter-probability matrix: alength= 4 w= 19 nsites= 19 
0.2313 0.2730 0.3339 0.1618 
0.1831 0.2501 0.2110 0.3558 
0.1790 0.2266 0.2544 0.3400 
0.1537 0.3448 0.2125 0.2890 
0.3618 0.1651 0.3167 0.1565 
0.1954 0.2781 0.3566 0.1698 
0.2040 0.2787 0.3830 0.1343 
0.0899 0.1423 0.6588 0.1090 
0.0000 0.8312 0.0649 0.1038 
0.0000 0.8948 0.0000 0.1052 
0.0000 1.0000 0.0000 0.0000 
0.0000 1.0000 0.0000 0.0000 
0.0345 0.0000 0.7219 0.2436 
0.0000 1.0000 0.0000 0.0000 
0.0000 1.0000 0.0000 0.0000 
0.0000 0.7672 0.0000 0.2328 
0.0209 0.8961 0.0000 0.0830 
0.0063 0.7519 0.0064 0.2353 
0.2233 0.2747 0.2097 0.2923 

MOTIF filter15 
letter-probability matrix: alength= 4 w= 19 nsites= 19 
0.6226 0.0340 0.0978 0.2457 
0.1426 0.2792 0.5437 0.0345 
0.0000 0.0000 0.0000 1.0000 
0.0163 0.9837 0.0000 0.0000 
1.0000 0.0000 0.0000 0.0000 
0.0000 0.0000 0.9773 0.0227 
0.0000 1.0000 0.0000 0.0000 
1.0000 0.0000 0.0000 0.0000 
0.4180 0.1231 0.1288 0.3301 
0.4979 0.0378 0.0000 0.4643 
0.3351 0.0479 0.0097 0.6074 
0.3461 0.1029 0.0282 0.5229 
0.2573 0.2509 0.2545 0.2373 
0.3295 0.1984 0.2295 0.2426 
0.2392 0.2923 0.2380 0.2305 
0.3250 0.2423 0.2079 0.2248 
0.2100 0.2410 0.3063 0.2426 
0.2977 0.2334 0.2275 0.2414 
0.2334 0.2278 0.2628 0.2760 

MOTIF filter16 
letter-probability matrix: alength= 4 w= 19 nsites= 19 
0.2508 0.2283 0.3015 0.2194 
0.3073 0.2164 0.2552 0.2211 
0.2431 0.2684 0.2293 0.2592 
0.2237 0.2437 0.2473 0.2853 
0.2673 0.2524 0.2017 0.2786 
0.2709 0.1987 0.2866 0.2439 
0.2683 0.2198 0.2458 0.2661 
0.2809 0.0838 0.5553 0.0800 
0.1381 0.0000 0.7467 0.1153 
0.2132 0.0000 0.7868 0.0000 
0.0000 0.0000 0.9985 0.0015 
0.0016 0.0000 0.9984 0.0000 
0.3173 0.5167 0.0000 0.1661 
0.0014 0.0000 0.9986 0.0000 
0.0000 0.0000 0.9971 0.0029 
0.2206 0.0000 0.7702 0.0092 
0.2116 0.0789 0.7095 0.0000 
0.1711 0.4965 0.2202 0.1122 
0.2402 0.2615 0.2727 0.2256 

MOTIF filter17 
letter-probability matrix: alength= 4 w= 19 nsites= 19 
0.3080 0.2381 0.2251 0.2287 
0.2363 0.2690 0.2737 0.2210 
0.2364 0.2265 0.2708 0.2664 
0.2592 0.2377 0.2018 0.3014 
0.2926 0.2818 0.1957 0.2298 
0.2530 0.2375 0.3153 0.1942 
0.2942 0.2846 0.2648 0.1564 
0.0000 0.0000 0.0000 1.0000 
0.0000 0.0000 0.0000 1.0000 
0.0000 0.0000 0.0000 1.0000 
0.6635 0.0000 0.3365 0.0000 
1.0000 0.0000 0.0000 0.0000 
0.0000 0.0000 0.0000 1.0000 
0.2688 0.2718 0.2671 0.1924 
0.2465 0.2367 0.2873 0.2295 
0.1986 0.2835 0.2048 0.3131 
0.2989 0.2625 0.2648 0.1738 
0.1876 0.2283 0.3181 0.2660 
0.2295 0.2923 0.2002 0.2781 

MOTIF filter18 
letter-probability matrix: alength= 4 w= 19 nsites= 19 
0.2557 0.2560 0.2589 0.2293 
0.2293 0.2687 0.2401 0.2618 
0.2171 0.2608 0.2343 0.2878 
0.4961 0.1125 0.3830 0.0084 
0.0000 0.0000 0.0000 1.0000 
0.0000 0.0000 0.0136 0.9864 
0.2659 0.0000 0.6625 0.0715 
0.0030 0.9406 0.0000 0.0564 
0.0705 0.0010 0.9285 0.0000 
0.0602 0.7192 0.0000 0.2206 
0.9874 0.0126 0.0000 0.0000 
1.0000 0.0000 0.0000 0.0000 
0.0010 0.3499 0.0829 0.5662 
0.2579 0.2564 0.2516 0.2342 
0.2614 0.1810 0.2605 0.2971 
0.2806 0.2189 0.2111 0.2893 
0.2547 0.2409 0.2572 0.2471 
0.2481 0.2462 0.2610 0.2447 
0.2549 0.2550 0.2664 0.2237 

MOTIF filter19 
letter-probability matrix: alength= 4 w= 19 nsites= 19 
0.1022 0.7590 0.0929 0.0460 
0.9955 0.0000 0.0045 0.0000 
0.9902 0.0021 0.0077 0.0000 
0.4113 0.1066 0.4486 0.0336 
1.0000 0.0000 0.0000 0.0000 
0.0000 0.0000 0.0000 1.0000 
0.0000 0.0000 1.0000 0.0000 
0.0000 0.0000 1.0000 0.0000 
0.0790 0.8431 0.0000 0.0780 
0.0949 0.2437 0.3948 0.2667 
0.0883 0.1068 0.7611 0.0438 
0.1394 0.7502 0.0227 0.0877 
0.2481 0.2318 0.2709 0.2492 
0.2629 0.2243 0.2826 0.2303 
0.2476 0.2813 0.2405 0.2306 
0.2784 0.2319 0.2244 0.2653 
0.2391 0.2862 0.2867 0.1879 
0.2906 0.2061 0.2600 0.2433 
0.2477 0.2608 0.2158 0.2757 

MOTIF filter20 
letter-probability matrix: alength= 4 w= 19 nsites= 19 
0.3855 0.4547 0.0633 0.0965 
0.0000 0.9987 0.0013 0.0000 
0.0000 1.0000 0.0000 0.0000 
0.8050 0.0013 0.0078 0.1859 
0.0037 0.0000 0.0000 0.9963 
1.0000 0.0000 0.0000 0.0000 
0.0000 0.0000 0.0000 1.0000 
0.9988 0.0000 0.0000 0.0012 
0.1521 0.0026 0.0000 0.8453 
0.0041 0.0000 0.9959 0.0000 
0.0000 0.0000 1.0000 0.0000 
0.1187 0.0527 0.3508 0.4778 
0.1871 0.7033 0.0843 0.0253 
0.7573 0.0215 0.0805 0.1407 
0.2599 0.2943 0.2387 0.2071 
0.2348 0.2396 0.2810 0.2446 
0.2674 0.2559 0.2584 0.2182 
0.2758 0.2184 0.2431 0.2627 
0.2365 0.2450 0.2796 0.2389 

MOTIF filter21 
letter-probability matrix: alength= 4 w= 19 nsites= 19 
0.2539 0.2442 0.2645 0.2375 
0.2663 0.2752 0.2433 0.2152 
0.2371 0.2620 0.2412 0.2596 
0.2499 0.2782 0.2393 0.2326 
0.2447 0.2594 0.2475 0.2484 
0.2391 0.2511 0.2336 0.2762 
0.0808 0.0524 0.3662 0.5006 
0.0116 0.9015 0.0009 0.0861 
0.0000 0.0000 0.0000 1.0000 
1.0000 0.0000 0.0000 0.0000 
0.2171 0.0000 0.0000 0.7829 
0.4436 0.0000 0.0000 0.5564 
0.5561 0.0000 0.0000 0.4439 
0.7265 0.0010 0.0000 0.2725 
0.0000 0.0000 0.0000 1.0000 
1.0000 0.0000 0.0000 0.0000 
0.0561 0.0010 0.9298 0.0131 
0.5046 0.3804 0.0325 0.0825 
0.2453 0.2658 0.2330 0.2559 

MOTIF filter22 
letter-probability matrix: alength= 4 w= 19 nsites= 19 
0.2558 0.2453 0.2370 0.2620 
0.2512 0.2492 0.2508 0.2488 
0.2244 0.2178 0.3424 0.2154 
0.3848 0.2447 0.3279 0.0425 
0.0220 0.0168 0.0014 0.9598 
0.0304 0.0236 0.8713 0.0746 
0.9575 0.0116 0.0099 0.0210 
0.0386 0.4516 0.4667 0.0430 
0.0122 0.0000 0.0167 0.9711 
0.0482 0.9205 0.0118 0.0196 
0.9500 0.0091 0.0220 0.0189 
0.0357 0.3619 0.2414 0.3611 
0.2070 0.3548 0.1998 0.2384 
0.2799 0.2311 0.2519 0.2370 
0.2537 0.2515 0.2463 0.2485 
0.2735 0.2308 0.2408 0.2550 
0.2202 0.2558 0.2438 0.2802 
0.2425 0.2461 0.2477 0.2638 
0.2618 0.2675 0.2387 0.2320 

MOTIF filter23 
letter-probability matrix: alength= 4 w= 19 nsites= 19 
0.0781 0.1886 0.5128 0.2205 
0.0000 0.6762 0.0565 0.2673 
0.0149 0.7854 0.0000 0.1998 
0.0000 1.0000 0.0000 0.0000 
0.0000 0.9953 0.0000 0.0047 
0.1722 0.0000 0.4822 0.3455 
0.0000 1.0000 0.0000 0.0000 
0.0000 1.0000 0.0000 0.0000 
0.0000 0.7544 0.0000 0.2456 
0.0801 0.7719 0.0000 0.1480 
0.0659 0.5648 0.0866 0.2827 
0.2625 0.2903 0.2440 0.2032 
0.2595 0.2401 0.2766 0.2237 
0.2469 0.2702 0.2446 0.2383 
0.2203 0.3069 0.2425 0.2303 
0.2156 0.2695 0.2877 0.2272 
0.2164 0.2768 0.2642 0.2426 
0.2383 0.2612 0.2421 0.2583 
0.2490 0.2826 0.2174 0.2510 

MOTIF filter24 
letter-probability matrix: alength= 4 w= 19 nsites= 19 
0.2747 0.2682 0.2188 0.2382 
0.2258 0.2487 0.2335 0.2921 
0.2602 0.1801 0.1962 0.3635 
0.3138 0.2765 0.2089 0.2008 
0.3160 0.2103 0.1957 0.2779 
0.2561 0.3745 0.1754 0.1940 
0.2807 0.1618 0.2953 0.2622 
0.3273 0.1651 0.2112 0.2965 
0.1773 0.3103 0.2579 0.2545 
0.0393 0.1715 0.6042 0.1850 
0.0000 0.8403 0.0117 0.1481 
0.0000 0.8313 0.0000 0.1687 
0.0000 1.0000 0.0000 0.0000 
0.0000 0.9902 0.0000 0.0098 
0.1103 0.0000 0.5733 0.3165 
0.0000 1.0000 0.0000 0.0000 
0.0000 1.0000 0.0000 0.0000 
0.0000 0.9284 0.0000 0.0716 
0.0759 0.8237 0.0000 0.1005 

MOTIF filter25 
letter-probability matrix: alength= 4 w= 19 nsites= 19 
0.1016 0.0425 0.0039 0.8520 
0.0308 0.0617 0.7051 0.2024 
0.3685 0.4286 0.0740 0.1289 
0.0013 0.9987 0.0000 0.0000 
0.0000 0.9987 0.0000 0.0013 
0.8227 0.0047 0.0075 0.1652 
0.0037 0.0000 0.0000 0.9963 
1.0000 0.0000 0.0000 0.0000 
0.0000 0.0013 0.0000 0.9987 
0.9971 0.0000 0.0000 0.0029 
0.1241 0.0056 0.0016 0.8687 
0.0027 0.0044 0.9929 0.0000 
0.0000 0.0000 0.9958 0.0042 
0.1263 0.0788 0.4041 0.3908 
0.2010 0.7103 0.0737 0.0150 
0.7748 0.0279 0.0585 0.1388 
0.2614 0.2668 0.2592 0.2125 
0.2526 0.2842 0.1976 0.2656 
0.2546 0.2231 0.2532 0.2691 

MOTIF filter26 
letter-probability matrix: alength= 4 w= 19 nsites= 19 
0.2793 0.2304 0.3054 0.1850 
0.2644 0.2409 0.2656 0.2291 
0.2669 0.2532 0.2319 0.2480 
0.1908 0.2560 0.2716 0.2816 
0.2786 0.2534 0.2112 0.2567 
0.2734 0.2067 0.2718 0.2482 
0.2652 0.2415 0.2423 0.2510 
0.2181 0.0785 0.6452 0.0581 
0.0818 0.0000 0.8384 0.0798 
0.1424 0.0000 0.8576 0.0000 
0.0000 0.0000 1.0000 0.0000 
0.0000 0.0000 1.0000 0.0000 
0.3102 0.5517 0.0000 0.1381 
0.0000 0.0000 1.0000 0.0000 
0.0000 0.0000 1.0000 0.0000 
0.1278 0.0000 0.8722 0.0000 
0.2282 0.0315 0.7403 0.0000 
0.1903 0.5162 0.2280 0.0654 
0.2699 0.2114 0.3058 0.2129 

MOTIF filter27 
letter-probability matrix: alength= 4 w= 19 nsites= 19 
0.2738 0.1857 0.2621 0.2783 
0.0520 0.6855 0.1564 0.1061 
0.0936 0.1625 0.1082 0.6357 
0.1779 0.1692 0.6417 0.0112 
0.8938 0.0416 0.0425 0.0221 
0.1562 0.0763 0.0484 0.7191 
0.0195 0.0789 0.0150 0.8866 
0.0151 0.0814 0.8630 0.0405 
0.1484 0.0196 0.8320 0.0000 
0.2631 0.2380 0.1732 0.3257 
0.0000 0.7744 0.0444 0.1812 
0.0775 0.7956 0.0916 0.0353 
0.8242 0.0419 0.1270 0.0069 
0.6107 0.0455 0.1178 0.2261 
0.0576 0.0233 0.0628 0.8563 
0.0189 0.5062 0.2420 0.2329 
0.4905 0.1377 0.2440 0.1277 
0.1863 0.1453 0.5468 0.1216 
0.2510 0.2485 0.2465 0.2540 

MOTIF filter28 
letter-probability matrix: alength= 4 w= 19 nsites= 19 
0.2641 0.2315 0.2334 0.2710 
0.2204 0.2528 0.2619 0.2648 
0.2469 0.2406 0.2595 0.2530 
0.2702 0.2730 0.2511 0.2056 
0.2381 0.2634 0.2345 0.2640 
0.2431 0.2781 0.2433 0.2355 
0.2434 0.2697 0.2444 0.2425 
0.2357 0.2568 0.2427 0.2647 
0.1004 0.0642 0.3652 0.4701 
0.0342 0.8664 0.0016 0.0979 
0.0008 0.0018 0.0008 0.9966 
1.0000 0.0000 0.0000 0.0000 
0.2705 0.0000 0.0017 0.7278 
0.4896 0.0008 0.0000 0.5096 
0.5905 0.0000 0.0000 0.4095 
0.7552 0.0008 0.0000 0.2440 
0.0000 0.0008 0.0000 0.9992 
0.9975 0.0000 0.0025 0.0000 
0.1031 0.0000 0.8748 0.0221 

MOTIF filter29 
letter-probability matrix: alength= 4 w= 19 nsites= 19 
0.2324 0.2658 0.2759 0.2259 
0.2242 0.2623 0.2664 0.2471 
0.2640 0.2486 0.2258 0.2616 
0.2581 0.2622 0.2267 0.2529 
0.2621 0.1982 0.2797 0.2600 
0.2770 0.2637 0.2466 0.2127 
0.2440 0.2505 0.2524 0.2532 
0.2466 0.2515 0.2637 0.2381 
0.2242 0.2201 0.2933 0.2624 
0.2605 0.2294 0.2475 0.2627 
0.2395 0.2359 0.2433 0.2813 
0.2007 0.1634 0.4375 0.1984 
0.3975 0.2349 0.3637 0.0038 
0.0000 0.0000 0.0000 1.0000 
0.0000 0.0000 0.9993 0.0007 
1.0000 0.0000 0.0000 0.0000 
0.0000 0.5216 0.4784 0.0000 
0.0000 0.0000 0.0000 1.0000 
0.0000 1.0000 0.0000 0.0000 

