MEME version 4

ALPHABET= ACGT

Background letter frequencies:
A 0.2500 C 0.2500 G 0.2500 T 0.2500 

MOTIF filter0 
letter-probability matrix: alength= 4 w= 19 nsites= 19 
0.2698 0.2264 0.2656 0.2382 
0.2468 0.2571 0.2445 0.2515 
0.2462 0.2782 0.2218 0.2538 
0.2586 0.2447 0.2607 0.2359 
0.2499 0.2276 0.2568 0.2656 
0.2030 0.2265 0.2242 0.3462 
0.0218 0.0774 0.0240 0.8768 
0.0271 0.0518 0.0869 0.8341 
0.2477 0.6952 0.0267 0.0305 
0.1012 0.4969 0.0065 0.3954 
0.2748 0.1437 0.3325 0.2490 
0.2818 0.0233 0.6383 0.0567 
0.0580 0.0283 0.6587 0.2549 
0.8691 0.0563 0.0423 0.0323 
0.9364 0.0184 0.0202 0.0250 
0.3566 0.2047 0.2048 0.2339 
0.2317 0.2758 0.2658 0.2267 
0.2417 0.2490 0.2469 0.2625 
0.2558 0.2524 0.2014 0.2904 

MOTIF filter1 
letter-probability matrix: alength= 4 w= 19 nsites= 19 
0.2426 0.2534 0.2630 0.2411 
0.2620 0.2547 0.2651 0.2181 
0.2176 0.2056 0.1211 0.4557 
0.1804 0.1392 0.4009 0.2795 
0.2966 0.3503 0.1745 0.1786 
0.0246 0.7579 0.1293 0.0882 
0.0259 0.7571 0.0955 0.1215 
0.4663 0.0593 0.1584 0.3159 
0.1484 0.0769 0.0654 0.7093 
0.7631 0.0757 0.0803 0.0808 
0.0392 0.1578 0.0960 0.7069 
0.6886 0.1088 0.0056 0.1970 
0.2537 0.1648 0.0637 0.5178 
0.1142 0.1482 0.6259 0.1117 
0.0380 0.1437 0.7467 0.0717 
0.2708 0.1354 0.3280 0.2658 
0.3022 0.4065 0.1604 0.1309 
0.4228 0.1271 0.1631 0.2870 
0.2457 0.2258 0.2455 0.2830 

MOTIF filter2 
letter-probability matrix: alength= 4 w= 19 nsites= 19 
0.3869 0.2400 0.3216 0.0514 
0.0307 0.0252 0.0185 0.9255 
0.0187 0.0138 0.8525 0.1150 
0.9619 0.0135 0.0126 0.0121 
0.0515 0.4390 0.4534 0.0562 
0.0227 0.0147 0.0195 0.9432 
0.0815 0.8865 0.0197 0.0123 
0.9390 0.0131 0.0279 0.0199 
0.0986 0.3151 0.2172 0.3690 
0.2325 0.3073 0.2090 0.2512 
0.2148 0.1902 0.2717 0.3233 
0.2717 0.2102 0.2644 0.2537 
0.2658 0.2042 0.2499 0.2800 
0.2523 0.2815 0.2213 0.2450 
0.2564 0.2400 0.2711 0.2325 
0.2491 0.2656 0.2419 0.2434 
0.2832 0.1896 0.2734 0.2538 
0.2444 0.2563 0.2287 0.2706 
0.2430 0.2423 0.2322 0.2825 

MOTIF filter3 
letter-probability matrix: alength= 4 w= 19 nsites= 19 
0.0386 0.2638 0.4151 0.2824 
0.4108 0.4528 0.1156 0.0207 
0.0094 0.1980 0.7590 0.0336 
0.0399 0.1116 0.7488 0.0997 
0.4801 0.2797 0.1028 0.1374 
0.2824 0.1028 0.6062 0.0086 
0.0271 0.1308 0.8119 0.0302 
0.0168 0.2221 0.3068 0.4543 
0.1852 0.1113 0.5969 0.1066 
0.3407 0.4777 0.1572 0.0243 
0.0660 0.3002 0.6224 0.0114 
0.0754 0.1317 0.6292 0.1636 
0.1253 0.2438 0.5329 0.0981 
0.4192 0.2461 0.2716 0.0631 
0.1428 0.3329 0.3217 0.2027 
0.1215 0.3141 0.4730 0.0914 
0.1314 0.2799 0.3658 0.2228 
0.2446 0.3197 0.2799 0.1557 
0.1289 0.2368 0.3612 0.2731 

MOTIF filter4 
letter-probability matrix: alength= 4 w= 19 nsites= 19 
0.2515 0.2670 0.2204 0.2610 
0.2417 0.2368 0.2094 0.3121 
0.1926 0.2796 0.3001 0.2277 
0.3422 0.2699 0.3435 0.0444 
0.0136 0.0164 0.0268 0.9432 
0.0186 0.0198 0.8834 0.0782 
0.9467 0.0068 0.0276 0.0189 
0.0333 0.5256 0.4022 0.0390 
0.0183 0.0154 0.0227 0.9435 
0.0456 0.9064 0.0112 0.0368 
0.9419 0.0248 0.0062 0.0271 
0.0594 0.3353 0.2464 0.3589 
0.2211 0.2940 0.2402 0.2447 
0.2306 0.2493 0.2672 0.2530 
0.2267 0.2556 0.2620 0.2557 
0.2610 0.2818 0.2545 0.2027 
0.2138 0.2838 0.2765 0.2259 
0.2216 0.2527 0.2460 0.2797 
0.2526 0.2678 0.2202 0.2594 

MOTIF filter5 
letter-probability matrix: alength= 4 w= 19 nsites= 19 
0.2654 0.2169 0.2364 0.2813 
0.2380 0.2410 0.2576 0.2634 
0.2615 0.2489 0.2305 0.2591 
0.2729 0.2357 0.2548 0.2367 
0.1672 0.1390 0.3042 0.3896 
0.1196 0.6732 0.0315 0.1757 
0.0185 0.0541 0.0201 0.9073 
0.9411 0.0078 0.0233 0.0277 
0.3399 0.0170 0.0455 0.5976 
0.3789 0.0235 0.0128 0.5849 
0.5679 0.0089 0.0185 0.4047 
0.5603 0.0369 0.0128 0.3900 
0.0300 0.0143 0.0274 0.9284 
0.9138 0.0141 0.0497 0.0224 
0.1914 0.0312 0.6697 0.1076 
0.3445 0.3679 0.1521 0.1355 
0.2278 0.2464 0.2772 0.2486 
0.2541 0.2344 0.2886 0.2229 
0.2496 0.2355 0.2605 0.2544 

MOTIF filter6 
letter-probability matrix: alength= 4 w= 19 nsites= 19 
0.2564 0.2527 0.2239 0.2670 
0.2783 0.2059 0.2767 0.2391 
0.2776 0.2415 0.2182 0.2627 
0.2827 0.4201 0.1328 0.1644 
0.2633 0.2562 0.1136 0.3669 
0.2809 0.2079 0.2582 0.2530 
0.3880 0.1311 0.1689 0.3120 
0.2283 0.3093 0.3440 0.1184 
0.0124 0.0439 0.0130 0.9307 
0.1258 0.8191 0.0196 0.0355 
0.9247 0.0275 0.0235 0.0242 
0.0129 0.0073 0.8059 0.1739 
0.0296 0.9293 0.0222 0.0190 
0.8429 0.0256 0.0249 0.1066 
0.3345 0.1972 0.1732 0.2951 
0.4279 0.1213 0.0631 0.3876 
0.3212 0.1322 0.1032 0.4434 
0.3157 0.1668 0.1248 0.3927 
0.2190 0.2668 0.2679 0.2463 

MOTIF filter7 
letter-probability matrix: alength= 4 w= 19 nsites= 19 
0.2333 0.3020 0.2466 0.2181 
0.2654 0.2310 0.2109 0.2926 
0.2842 0.2304 0.2666 0.2188 
0.2372 0.2483 0.2653 0.2493 
0.2514 0.2749 0.2188 0.2549 
0.2066 0.4496 0.1863 0.1575 
0.8613 0.0131 0.0872 0.0384 
0.5856 0.1090 0.2413 0.0641 
0.3632 0.2736 0.3241 0.0391 
0.8986 0.0127 0.0760 0.0127 
0.0286 0.0560 0.0352 0.8802 
0.0987 0.0644 0.8152 0.0218 
0.0700 0.0224 0.8826 0.0250 
0.2352 0.5583 0.0210 0.1855 
0.1778 0.2370 0.3528 0.2324 
0.1678 0.1953 0.4451 0.1917 
0.2970 0.4013 0.0866 0.2151 
0.2740 0.2511 0.2189 0.2560 
0.2685 0.2143 0.2817 0.2355 

MOTIF filter8 
letter-probability matrix: alength= 4 w= 19 nsites= 19 
0.2569 0.2246 0.2356 0.2830 
0.2810 0.2293 0.2640 0.2256 
0.2496 0.2817 0.2452 0.2235 
0.2989 0.2302 0.2632 0.2077 
0.2513 0.2386 0.2874 0.2227 
0.2667 0.2355 0.2646 0.2333 
0.2390 0.2145 0.2818 0.2646 
0.2563 0.1924 0.1636 0.3877 
0.0175 0.0150 0.0130 0.9545 
0.0174 0.0147 0.0530 0.9149 
0.1305 0.7910 0.0360 0.0425 
0.0489 0.6921 0.0128 0.2462 
0.2546 0.2460 0.1848 0.3146 
0.3910 0.0142 0.4882 0.1065 
0.0278 0.0443 0.6994 0.2285 
0.8542 0.1123 0.0174 0.0160 
0.9182 0.0130 0.0545 0.0143 
0.3391 0.2121 0.2202 0.2286 
0.2625 0.2303 0.2623 0.2449 

MOTIF filter9 
letter-probability matrix: alength= 4 w= 19 nsites= 19 
0.2287 0.2424 0.2688 0.2601 
0.1936 0.2443 0.2964 0.2658 
0.1276 0.3205 0.2656 0.2863 
0.1970 0.4195 0.2368 0.1466 
0.4697 0.0839 0.3228 0.1236 
0.0200 0.6604 0.1077 0.2119 
0.0478 0.0213 0.0318 0.8991 
0.0153 0.0217 0.0118 0.9512 
0.0175 0.9403 0.0247 0.0175 
0.0437 0.9130 0.0185 0.0248 
0.0365 0.0226 0.7210 0.2199 
0.0331 0.2429 0.5787 0.1453 
0.2057 0.2308 0.2900 0.2735 
0.2104 0.2301 0.2927 0.2668 
0.2798 0.2262 0.2302 0.2638 
0.2313 0.2445 0.2699 0.2543 
0.2863 0.2591 0.2275 0.2271 
0.2442 0.2025 0.2722 0.2811 
0.2899 0.2058 0.2682 0.2361 

MOTIF filter10 
letter-probability matrix: alength= 4 w= 19 nsites= 19 
0.2828 0.2429 0.2543 0.2199 
0.2271 0.2224 0.2843 0.2662 
0.2624 0.2337 0.2524 0.2515 
0.2149 0.2970 0.2595 0.2286 
0.2446 0.2744 0.2413 0.2397 
0.2389 0.2771 0.2334 0.2506 
0.3842 0.1730 0.3930 0.0498 
0.0099 0.0114 0.0114 0.9673 
0.0148 0.0095 0.1477 0.8281 
0.3175 0.0205 0.5112 0.1508 
0.0574 0.7276 0.0463 0.1688 
0.1977 0.0518 0.6829 0.0677 
0.1737 0.5210 0.0096 0.2957 
0.8486 0.1161 0.0168 0.0184 
0.9461 0.0302 0.0157 0.0080 
0.0612 0.3497 0.1431 0.4460 
0.2483 0.2591 0.2417 0.2510 
0.2694 0.2329 0.2686 0.2291 
0.2717 0.2319 0.2307 0.2657 

MOTIF filter11 
letter-probability matrix: alength= 4 w= 19 nsites= 19 
0.2418 0.2271 0.3525 0.1786 
0.1693 0.3302 0.2234 0.2770 
0.4026 0.1470 0.2452 0.2052 
0.1957 0.2197 0.4358 0.1489 
0.6275 0.1114 0.2043 0.0569 
0.0254 0.1393 0.1080 0.7273 
0.0529 0.1015 0.2693 0.5763 
0.1899 0.0254 0.7719 0.0128 
0.1456 0.0474 0.7049 0.1021 
0.0453 0.6798 0.1540 0.1210 
0.0033 0.8087 0.0461 0.1419 
0.7575 0.1195 0.1110 0.0121 
0.8520 0.0336 0.1057 0.0087 
0.0573 0.0835 0.1522 0.7070 
0.0844 0.3616 0.2520 0.3020 
0.4703 0.1627 0.1813 0.1857 
0.1803 0.2815 0.4245 0.1137 
0.3390 0.2621 0.1214 0.2776 
0.2376 0.2336 0.2833 0.2456 

MOTIF filter12 
letter-probability matrix: alength= 4 w= 19 nsites= 19 
0.2549 0.2239 0.2945 0.2267 
0.2499 0.2310 0.2532 0.2659 
0.2316 0.2473 0.2955 0.2257 
0.2341 0.2316 0.2460 0.2883 
0.3062 0.1993 0.2279 0.2665 
0.2893 0.2232 0.2451 0.2425 
0.2601 0.2716 0.2270 0.2413 
0.2774 0.2254 0.2999 0.1973 
0.2995 0.1918 0.2435 0.2652 
0.1027 0.6102 0.2704 0.0166 
0.1547 0.8249 0.0051 0.0152 
0.0166 0.0136 0.9480 0.0218 
0.0218 0.0296 0.9279 0.0207 
0.9134 0.0445 0.0249 0.0172 
0.9540 0.0145 0.0118 0.0196 
0.1884 0.0960 0.7009 0.0147 
0.1113 0.3373 0.0628 0.4886 
0.2827 0.1336 0.4583 0.1254 
0.2402 0.2822 0.3692 0.1084 

MOTIF filter13 
letter-probability matrix: alength= 4 w= 19 nsites= 19 
0.2255 0.2642 0.2485 0.2618 
0.2621 0.2453 0.1838 0.3088 
0.2172 0.2397 0.3109 0.2322 
0.2039 0.1862 0.2872 0.3226 
0.0923 0.7397 0.0335 0.1344 
0.0069 0.3184 0.0102 0.6646 
0.8171 0.0262 0.0427 0.1139 
0.2839 0.0105 0.0213 0.6843 
0.5738 0.0169 0.0142 0.3951 
0.3474 0.0365 0.0283 0.5878 
0.6834 0.0173 0.0098 0.2895 
0.1140 0.0443 0.0286 0.8131 
0.6471 0.0473 0.3000 0.0056 
0.1649 0.0336 0.6979 0.1035 
0.3173 0.2337 0.2020 0.2470 
0.2489 0.3267 0.2319 0.1925 
0.3311 0.2242 0.2267 0.2181 
0.2599 0.2407 0.2261 0.2733 
0.2694 0.2405 0.2676 0.2225 

MOTIF filter14 
letter-probability matrix: alength= 4 w= 19 nsites= 19 
0.1852 0.1289 0.4340 0.2519 
0.1860 0.4356 0.1774 0.2010 
0.2330 0.3215 0.2805 0.1650 
0.1860 0.0496 0.5370 0.2274 
0.0194 0.9094 0.0243 0.0470 
0.0101 0.9528 0.0239 0.0131 
0.9217 0.0202 0.0383 0.0197 
0.0205 0.0099 0.0177 0.9519 
0.0516 0.4036 0.2181 0.3267 
0.0662 0.1922 0.0811 0.6606 
0.0220 0.1468 0.0163 0.8149 
0.2129 0.2019 0.3619 0.2233 
0.3028 0.2054 0.2330 0.2588 
0.2364 0.2426 0.2772 0.2438 
0.2610 0.2757 0.2185 0.2449 
0.2821 0.2484 0.2557 0.2138 
0.2694 0.2438 0.2686 0.2181 
0.2326 0.2608 0.2433 0.2633 
0.2653 0.2350 0.2401 0.2596 

MOTIF filter15 
letter-probability matrix: alength= 4 w= 19 nsites= 19 
0.1945 0.3060 0.2261 0.2735 
0.2066 0.1932 0.1775 0.4227 
0.1702 0.1994 0.2794 0.3509 
0.2500 0.3678 0.1787 0.2035 
0.0589 0.6763 0.1854 0.0794 
0.1628 0.7049 0.0792 0.0531 
0.0996 0.0154 0.8533 0.0318 
0.0113 0.0842 0.8780 0.0265 
0.9248 0.0285 0.0165 0.0302 
0.9660 0.0160 0.0098 0.0082 
0.2371 0.1277 0.5655 0.0697 
0.1589 0.2739 0.1150 0.4521 
0.2132 0.1985 0.3835 0.2048 
0.2910 0.2362 0.3077 0.1650 
0.2593 0.2799 0.2036 0.2572 
0.2777 0.2557 0.2054 0.2611 
0.2620 0.2734 0.2012 0.2634 
0.2128 0.2364 0.2448 0.3061 
0.2991 0.2286 0.2374 0.2348 

MOTIF filter16 
letter-probability matrix: alength= 4 w= 19 nsites= 19 
0.4573 0.0776 0.1929 0.2722 
0.4471 0.0969 0.1301 0.3260 
0.4187 0.0505 0.1060 0.4248 
0.2544 0.2355 0.1712 0.3389 
0.0959 0.0137 0.0329 0.8575 
0.0203 0.0138 0.9551 0.0108 
0.1433 0.8344 0.0092 0.0130 
0.0184 0.0157 0.0177 0.9482 
0.0148 0.0145 0.8536 0.1171 
0.9490 0.0142 0.0237 0.0130 
0.1157 0.3730 0.2741 0.2372 
0.2518 0.1622 0.1414 0.4447 
0.2129 0.2791 0.2026 0.3054 
0.3542 0.1004 0.2752 0.2702 
0.1957 0.1237 0.4479 0.2326 
0.2778 0.2327 0.2835 0.2060 
0.2491 0.2550 0.2293 0.2666 
0.2531 0.2301 0.2741 0.2426 
0.2595 0.2508 0.2685 0.2212 

MOTIF filter17 
letter-probability matrix: alength= 4 w= 19 nsites= 19 
0.2320 0.3029 0.2404 0.2247 
0.2307 0.3195 0.2536 0.1962 
0.2947 0.2583 0.2861 0.1609 
0.3365 0.2262 0.2626 0.1747 
0.0218 0.5280 0.0621 0.3880 
0.0163 0.5779 0.3734 0.0324 
0.9360 0.0371 0.0106 0.0163 
0.4249 0.0975 0.0893 0.3883 
0.0141 0.0245 0.0303 0.9311 
0.0596 0.4108 0.5138 0.0158 
0.4129 0.0459 0.5261 0.0150 
0.1752 0.2654 0.2930 0.2664 
0.1793 0.2680 0.2447 0.3080 
0.2310 0.2873 0.2959 0.1858 
0.2447 0.2207 0.2994 0.2352 
0.1923 0.2488 0.2580 0.3009 
0.2475 0.2135 0.2298 0.3092 
0.1723 0.2464 0.2470 0.3343 
0.2547 0.2507 0.2550 0.2396 

MOTIF filter18 
letter-probability matrix: alength= 4 w= 19 nsites= 19 
0.2323 0.3346 0.1962 0.2369 
0.2293 0.3022 0.2614 0.2071 
0.1900 0.3925 0.2589 0.1585 
0.3333 0.2158 0.2336 0.2172 
0.3837 0.2020 0.3672 0.0471 
0.0143 0.0370 0.0414 0.9073 
0.0752 0.0039 0.1131 0.8078 
0.2742 0.1967 0.3308 0.1983 
0.0094 0.7965 0.0571 0.1369 
0.1883 0.0039 0.7975 0.0102 
0.2143 0.5878 0.0515 0.1464 
0.7329 0.0546 0.0898 0.1227 
0.7673 0.0460 0.1179 0.0688 
0.0976 0.3895 0.1122 0.4008 
0.2530 0.1997 0.2124 0.3349 
0.2307 0.1763 0.3223 0.2707 
0.2441 0.2504 0.2451 0.2604 
0.1643 0.2208 0.3386 0.2763 
0.2847 0.1862 0.2758 0.2533 

MOTIF filter19 
letter-probability matrix: alength= 4 w= 19 nsites= 19 
0.2432 0.2365 0.2621 0.2582 
0.2169 0.2603 0.2538 0.2690 
0.2654 0.2163 0.2483 0.2700 
0.2589 0.2161 0.2606 0.2644 
0.2901 0.2239 0.2395 0.2465 
0.2473 0.2722 0.2017 0.2788 
0.2466 0.2283 0.2228 0.3023 
0.0488 0.5185 0.2638 0.1690 
0.0450 0.2378 0.0863 0.6310 
0.1123 0.2466 0.4366 0.2044 
0.9047 0.0187 0.0470 0.0296 
0.0133 0.0246 0.0211 0.9409 
0.0425 0.0402 0.0478 0.8695 
0.0572 0.0098 0.9264 0.0065 
0.0152 0.0737 0.8773 0.0338 
0.1551 0.3906 0.0234 0.4309 
0.0602 0.3327 0.2328 0.3744 
0.1986 0.3688 0.2513 0.1813 
0.2876 0.2431 0.2979 0.1714 

MOTIF filter20 
letter-probability matrix: alength= 4 w= 19 nsites= 19 
0.1790 0.4040 0.2456 0.1714 
0.3110 0.3069 0.1971 0.1850 
0.1785 0.1561 0.5014 0.1640 
0.1051 0.7413 0.0619 0.0917 
0.4333 0.5120 0.0261 0.0286 
0.8692 0.0443 0.0573 0.0292 
0.1572 0.1004 0.2212 0.5212 
0.3572 0.3368 0.0740 0.2319 
0.0374 0.0224 0.0028 0.9374 
0.0203 0.0223 0.3765 0.5809 
0.0226 0.1585 0.7264 0.0925 
0.2450 0.4183 0.1568 0.1800 
0.2569 0.2301 0.2975 0.2154 
0.1483 0.1817 0.4617 0.2083 
0.2737 0.4104 0.1643 0.1516 
0.2213 0.2546 0.2791 0.2449 
0.2352 0.2495 0.2692 0.2461 
0.2351 0.3011 0.2582 0.2056 
0.2714 0.2642 0.2235 0.2409 

MOTIF filter21 
letter-probability matrix: alength= 4 w= 19 nsites= 19 
0.2602 0.2136 0.3081 0.2181 
0.2543 0.2456 0.2552 0.2448 
0.2814 0.2716 0.2338 0.2132 
0.2694 0.2517 0.2748 0.2040 
0.2342 0.2595 0.2617 0.2447 
0.2288 0.3013 0.2266 0.2433 
0.2369 0.2465 0.2554 0.2612 
0.4118 0.2072 0.2378 0.1432 
0.2216 0.3266 0.3002 0.1516 
0.0217 0.9562 0.0115 0.0105 
0.9170 0.0168 0.0526 0.0136 
0.0182 0.8784 0.0355 0.0679 
0.0878 0.0229 0.8651 0.0242 
0.0465 0.0759 0.0146 0.8629 
0.0119 0.0285 0.9292 0.0305 
0.1707 0.2484 0.3371 0.2437 
0.1820 0.2867 0.2011 0.3302 
0.2667 0.2195 0.2285 0.2853 
0.2550 0.2665 0.2612 0.2173 

MOTIF filter22 
letter-probability matrix: alength= 4 w= 19 nsites= 19 
0.2217 0.2511 0.3032 0.2239 
0.2666 0.2139 0.2674 0.2521 
0.2917 0.2321 0.2387 0.2374 
0.2590 0.2316 0.2462 0.2632 
0.2457 0.2498 0.2193 0.2851 
0.2483 0.2383 0.2260 0.2873 
0.2780 0.2377 0.2154 0.2689 
0.2985 0.1230 0.4378 0.1407 
0.2600 0.0118 0.5389 0.1893 
0.3280 0.0141 0.6428 0.0151 
0.0193 0.0279 0.9398 0.0130 
0.0281 0.0315 0.9151 0.0253 
0.3025 0.4477 0.0113 0.2385 
0.0279 0.0143 0.9316 0.0262 
0.0151 0.0140 0.9353 0.0356 
0.3156 0.0133 0.6176 0.0535 
0.2720 0.1340 0.5761 0.0179 
0.2372 0.3714 0.2181 0.1733 
0.2744 0.2581 0.2286 0.2389 

MOTIF filter23 
letter-probability matrix: alength= 4 w= 19 nsites= 19 
0.3269 0.2311 0.2067 0.2353 
0.3109 0.2585 0.1771 0.2535 
0.1652 0.2849 0.1752 0.3747 
0.1378 0.2778 0.3562 0.2282 
0.3641 0.3094 0.2405 0.0860 
0.3889 0.2462 0.2456 0.1193 
0.0239 0.9377 0.0276 0.0107 
0.2419 0.6184 0.0212 0.1185 
0.6064 0.0298 0.0170 0.3468 
0.9479 0.0327 0.0142 0.0052 
0.0088 0.0314 0.0172 0.9426 
0.3928 0.3854 0.1586 0.0632 
0.5068 0.0929 0.1713 0.2290 
0.1523 0.1610 0.6416 0.0451 
0.1644 0.1987 0.4442 0.1927 
0.2421 0.1534 0.2473 0.3572 
0.2505 0.3271 0.2001 0.2224 
0.3204 0.2398 0.2059 0.2338 
0.2529 0.2627 0.2464 0.2380 

MOTIF filter24 
letter-probability matrix: alength= 4 w= 19 nsites= 19 
0.2830 0.2482 0.2205 0.2483 
0.2677 0.2401 0.2750 0.2173 
0.2474 0.2589 0.2655 0.2282 
0.2388 0.2418 0.2735 0.2459 
0.1353 0.2402 0.4046 0.2199 
0.0138 0.5378 0.1357 0.3128 
0.0448 0.6612 0.0101 0.2839 
0.0300 0.9340 0.0233 0.0127 
0.0179 0.9423 0.0135 0.0264 
0.2325 0.0225 0.4161 0.3289 
0.0196 0.9621 0.0098 0.0085 
0.0116 0.9614 0.0158 0.0112 
0.0108 0.6367 0.0132 0.3394 
0.1715 0.6269 0.0138 0.1878 
0.1282 0.4732 0.1215 0.2771 
0.2545 0.2477 0.2553 0.2425 
0.2261 0.2749 0.2520 0.2470 
0.2469 0.2919 0.2665 0.1947 
0.2594 0.2565 0.2619 0.2222 

MOTIF filter25 
letter-probability matrix: alength= 4 w= 19 nsites= 19 
0.2294 0.2432 0.2526 0.2748 
0.2399 0.2635 0.2506 0.2460 
0.2370 0.2567 0.2489 0.2575 
0.3024 0.2096 0.2259 0.2621 
0.2716 0.2635 0.2464 0.2185 
0.3414 0.1976 0.2649 0.1961 
0.2668 0.2863 0.2880 0.1588 
0.0672 0.8851 0.0291 0.0186 
0.8362 0.0230 0.0842 0.0567 
0.0460 0.7810 0.0211 0.1519 
0.1732 0.0213 0.7866 0.0189 
0.0118 0.0446 0.0126 0.9310 
0.0401 0.0092 0.8941 0.0566 
0.1785 0.2832 0.3073 0.2309 
0.2059 0.2763 0.1984 0.3195 
0.2546 0.2379 0.2637 0.2437 
0.2389 0.2428 0.2692 0.2491 
0.2488 0.2193 0.2342 0.2976 
0.2858 0.2436 0.2181 0.2525 

MOTIF filter26 
letter-probability matrix: alength= 4 w= 19 nsites= 19 
0.1518 0.0500 0.1413 0.6569 
0.0228 0.0589 0.1550 0.7633 
0.2388 0.0148 0.5758 0.1706 
0.2918 0.5501 0.0136 0.1445 
0.1665 0.2271 0.5592 0.0472 
0.1259 0.3388 0.0088 0.5265 
0.5265 0.4431 0.0138 0.0166 
0.9310 0.0116 0.0419 0.0155 
0.0673 0.3218 0.2390 0.3719 
0.2686 0.2729 0.2829 0.1756 
0.2699 0.2521 0.2217 0.2563 
0.2607 0.2331 0.2726 0.2336 
0.2859 0.2619 0.2050 0.2472 
0.2208 0.3162 0.2020 0.2611 
0.2617 0.2793 0.2645 0.1946 
0.2420 0.2250 0.2514 0.2816 
0.2420 0.2381 0.2648 0.2552 
0.2629 0.3055 0.2009 0.2307 
0.2229 0.2090 0.2879 0.2802 

MOTIF filter27 
letter-probability matrix: alength= 4 w= 19 nsites= 19 
0.2472 0.2339 0.2519 0.2670 
0.2353 0.2446 0.2608 0.2593 
0.2950 0.2384 0.2299 0.2367 
0.2731 0.2394 0.2551 0.2324 
0.2711 0.2392 0.2544 0.2353 
0.2513 0.2511 0.2241 0.2735 
0.2589 0.2449 0.2427 0.2535 
0.2827 0.2134 0.2493 0.2545 
0.5870 0.0682 0.0099 0.3349 
0.0242 0.0502 0.0726 0.8530 
0.1259 0.1843 0.0074 0.6824 
0.6642 0.0302 0.2418 0.0637 
0.7968 0.0524 0.0664 0.0844 
0.3151 0.0480 0.0785 0.5584 
0.2570 0.2444 0.2410 0.2576 
0.2644 0.2379 0.2820 0.2157 
0.2499 0.2367 0.2462 0.2673 
0.2252 0.2352 0.2951 0.2445 
0.2411 0.2603 0.2513 0.2473 

MOTIF filter28 
letter-probability matrix: alength= 4 w= 19 nsites= 19 
0.9077 0.0178 0.0564 0.0182 
0.2104 0.1396 0.2528 0.3973 
0.9248 0.0135 0.0075 0.0542 
0.1423 0.0260 0.0355 0.7962 
0.0081 0.0099 0.9712 0.0107 
0.0084 0.0075 0.9720 0.0122 
0.1238 0.4349 0.2025 0.2388 
0.1940 0.3519 0.2512 0.2028 
0.3826 0.1408 0.3497 0.1269 
0.2370 0.3792 0.1400 0.2438 
0.2267 0.1993 0.2931 0.2808 
0.2031 0.2015 0.3016 0.2937 
0.2202 0.2513 0.3169 0.2116 
0.2092 0.2542 0.2794 0.2572 
0.2257 0.2589 0.2825 0.2328 
0.2660 0.2583 0.2341 0.2417 
0.2318 0.2163 0.2418 0.3101 
0.2868 0.2512 0.1901 0.2718 
0.2419 0.2401 0.2635 0.2545 

MOTIF filter29 
letter-probability matrix: alength= 4 w= 19 nsites= 19 
0.2310 0.2395 0.2576 0.2719 
0.1597 0.2540 0.3143 0.2720 
0.0774 0.3800 0.2639 0.2786 
0.0917 0.4912 0.1941 0.2230 
0.5375 0.0931 0.2872 0.0822 
0.0133 0.7753 0.0799 0.1315 
0.0260 0.0218 0.0226 0.9297 
0.0226 0.0220 0.0129 0.9426 
0.0097 0.9683 0.0113 0.0107 
0.0250 0.9459 0.0127 0.0164 
0.0091 0.0235 0.8443 0.1231 
0.0172 0.2574 0.6579 0.0675 
0.2432 0.3135 0.2423 0.2010 
0.2750 0.2649 0.1900 0.2701 
0.2674 0.1988 0.2999 0.2339 
0.2635 0.2493 0.2341 0.2531 
0.2673 0.2662 0.2413 0.2253 
0.2902 0.2209 0.2797 0.2092 
0.2187 0.2178 0.3036 0.2599 

