MEME version 4

ALPHABET= ACGT

Background letter frequencies:
A 0.2500 C 0.2500 G 0.2500 T 0.2500 

MOTIF filter0 
letter-probability matrix: alength= 4 w= 19 nsites= 19 
0.2421 0.2465 0.2890 0.2224 
0.2006 0.2588 0.2565 0.2841 
0.2185 0.2084 0.2702 0.3029 
0.2468 0.2773 0.2383 0.2377 
0.0023 0.8511 0.1465 0.0000 
0.0106 0.9894 0.0000 0.0000 
0.0000 0.0000 1.0000 0.0000 
0.0000 0.0000 1.0000 0.0000 
1.0000 0.0000 0.0000 0.0000 
1.0000 0.0000 0.0000 0.0000 
0.0642 0.0098 0.9260 0.0000 
0.0292 0.2842 0.0069 0.6797 
0.1613 0.1111 0.6608 0.0668 
0.1957 0.3268 0.4363 0.0411 
0.1742 0.4175 0.2088 0.1995 
0.2343 0.2329 0.2779 0.2549 
0.2681 0.2242 0.2912 0.2165 
0.2609 0.2475 0.2063 0.2853 
0.2355 0.2243 0.2837 0.2565 

MOTIF filter1 
letter-probability matrix: alength= 4 w= 19 nsites= 19 
0.2731 0.2567 0.2399 0.2303 
0.2581 0.2523 0.2572 0.2324 
0.2562 0.2376 0.2544 0.2519 
0.2388 0.2476 0.2322 0.2814 
0.4802 0.1339 0.3694 0.0166 
0.0000 0.0000 0.0000 1.0000 
0.0000 0.0000 0.0474 0.9526 
0.2830 0.0013 0.6233 0.0924 
0.0152 0.8865 0.0094 0.0889 
0.1208 0.0132 0.8511 0.0148 
0.0805 0.6743 0.0000 0.2452 
0.9591 0.0409 0.0000 0.0000 
1.0000 0.0000 0.0000 0.0000 
0.0204 0.3346 0.1249 0.5201 
0.2708 0.2530 0.2436 0.2326 
0.2518 0.1968 0.2603 0.2912 
0.2664 0.2151 0.2170 0.3015 
0.2537 0.2363 0.2470 0.2630 
0.2493 0.2293 0.2770 0.2445 

MOTIF filter2 
letter-probability matrix: alength= 4 w= 19 nsites= 19 
0.2450 0.1708 0.4009 0.1834 
0.4738 0.0760 0.1660 0.2842 
0.2311 0.3094 0.3632 0.0963 
0.0009 0.0000 0.0000 0.9991 
0.1136 0.8781 0.0065 0.0018 
0.9309 0.0000 0.0351 0.0339 
0.0031 0.0164 0.6947 0.2857 
0.0000 0.9981 0.0019 0.0000 
0.9730 0.0000 0.0048 0.0222 
0.2781 0.1456 0.3167 0.2596 
0.3748 0.0809 0.1669 0.3774 
0.2359 0.0855 0.1621 0.5166 
0.3218 0.2156 0.1683 0.2943 
0.1394 0.2756 0.2452 0.3399 
0.2474 0.2084 0.2583 0.2859 
0.2747 0.2771 0.2522 0.1959 
0.3338 0.2808 0.1692 0.2163 
0.2672 0.2590 0.2603 0.2134 
0.3054 0.2350 0.2637 0.1960 

MOTIF filter3 
letter-probability matrix: alength= 4 w= 19 nsites= 19 
0.1925 0.4310 0.1399 0.2366 
0.2168 0.1535 0.3569 0.2727 
0.3646 0.2558 0.1819 0.1978 
0.2101 0.1386 0.4593 0.1921 
0.4173 0.1403 0.1577 0.2846 
0.2693 0.2691 0.1717 0.2899 
0.4220 0.5317 0.0463 0.0000 
0.9461 0.0000 0.0539 0.0000 
0.1181 0.5488 0.2586 0.0745 
0.2810 0.0239 0.6951 0.0000 
0.0516 0.0404 0.0035 0.9045 
0.0025 0.0250 0.9543 0.0182 
0.0435 0.2749 0.6362 0.0453 
0.1176 0.3531 0.0171 0.5122 
0.0376 0.2801 0.4456 0.2367 
0.1621 0.3544 0.1746 0.3089 
0.1445 0.7515 0.0517 0.0523 
0.1774 0.4040 0.2382 0.1804 
0.4324 0.2154 0.2544 0.0979 

MOTIF filter4 
letter-probability matrix: alength= 4 w= 19 nsites= 19 
0.3152 0.4343 0.1128 0.1378 
0.0000 0.9499 0.0483 0.0018 
0.0509 0.9491 0.0000 0.0000 
0.6573 0.0385 0.0172 0.2869 
0.0000 0.0039 0.0000 0.9961 
0.9465 0.0187 0.0275 0.0074 
0.0185 0.0074 0.0116 0.9625 
0.8775 0.0000 0.1004 0.0221 
0.0766 0.0203 0.0098 0.8933 
0.0323 0.0786 0.8855 0.0035 
0.0991 0.0054 0.8956 0.0000 
0.1399 0.0756 0.3694 0.4151 
0.1192 0.7904 0.0667 0.0237 
0.6282 0.0392 0.1524 0.1802 
0.1524 0.2490 0.1777 0.4210 
0.2811 0.1109 0.3199 0.2880 
0.3559 0.4596 0.0683 0.1162 
0.1476 0.2262 0.3594 0.2668 
0.2428 0.1886 0.3445 0.2240 

MOTIF filter5 
letter-probability matrix: alength= 4 w= 19 nsites= 19 
0.2459 0.2374 0.2521 0.2646 
0.2792 0.2207 0.2643 0.2358 
0.2016 0.3312 0.2458 0.2214 
0.2490 0.2155 0.2802 0.2552 
0.4209 0.2210 0.3151 0.0430 
0.4586 0.2175 0.1493 0.1746 
0.4495 0.2380 0.1665 0.1460 
0.0926 0.3631 0.1111 0.4331 
0.0951 0.3218 0.3662 0.2169 
0.4135 0.1355 0.4510 0.0000 
0.5212 0.0000 0.4356 0.0432 
0.0000 1.0000 0.0000 0.0000 
0.0000 1.0000 0.0000 0.0000 
1.0000 0.0000 0.0000 0.0000 
1.0000 0.0000 0.0000 0.0000 
0.0000 0.0000 0.0000 1.0000 
0.0419 0.7481 0.2100 0.0000 
0.8085 0.0019 0.1896 0.0000 
0.1113 0.0908 0.7879 0.0100 

MOTIF filter6 
letter-probability matrix: alength= 4 w= 19 nsites= 19 
0.1007 0.1826 0.1579 0.5588 
0.0000 0.5206 0.3226 0.1567 
0.2630 0.1607 0.4025 0.1738 
0.6324 0.2979 0.0296 0.0401 
0.6694 0.1398 0.0448 0.1460 
0.2594 0.0777 0.0835 0.5794 
0.0187 0.1817 0.7737 0.0258 
0.0073 0.8188 0.0708 0.1031 
0.0703 0.2013 0.4720 0.2564 
0.0310 0.2699 0.2914 0.4077 
0.2419 0.2313 0.0465 0.4803 
0.5117 0.0989 0.1301 0.2593 
0.2096 0.4059 0.0020 0.3825 
0.2117 0.0674 0.5492 0.1717 
0.1494 0.0112 0.0366 0.8028 
0.2708 0.2043 0.3659 0.1590 
0.3252 0.0037 0.1127 0.5584 
0.4887 0.0344 0.0645 0.4124 
0.0902 0.3359 0.0451 0.5289 

MOTIF filter7 
letter-probability matrix: alength= 4 w= 19 nsites= 19 
0.2387 0.0760 0.6171 0.0682 
0.1281 0.0000 0.7734 0.0985 
0.1849 0.0000 0.8151 0.0000 
0.0000 0.0000 1.0000 0.0000 
0.0000 0.0000 1.0000 0.0000 
0.2935 0.5639 0.0000 0.1426 
0.0000 0.0000 1.0000 0.0000 
0.0000 0.0000 0.9982 0.0018 
0.2097 0.0000 0.7885 0.0018 
0.1947 0.0693 0.7361 0.0000 
0.1925 0.4806 0.2077 0.1192 
0.2540 0.2105 0.2834 0.2521 
0.2120 0.2347 0.2496 0.3037 
0.2677 0.2341 0.2562 0.2420 
0.2551 0.2640 0.2028 0.2781 
0.2369 0.2935 0.2523 0.2173 
0.2883 0.2243 0.2613 0.2261 
0.2745 0.2107 0.2703 0.2445 
0.2512 0.2121 0.2749 0.2618 

MOTIF filter8 
letter-probability matrix: alength= 4 w= 19 nsites= 19 
0.5629 0.0117 0.1012 0.3242 
0.6150 0.0069 0.0378 0.3404 
0.4844 0.0048 0.0476 0.4632 
0.2689 0.1931 0.1242 0.4139 
0.0098 0.0000 0.0000 0.9902 
0.0000 0.0000 1.0000 0.0000 
0.0627 0.9373 0.0000 0.0000 
0.0000 0.0000 0.0000 1.0000 
0.0000 0.0000 0.9843 0.0157 
1.0000 0.0000 0.0000 0.0000 
0.0603 0.5255 0.2377 0.1766 
0.1858 0.1225 0.0707 0.6210 
0.1643 0.3518 0.1643 0.3196 
0.5135 0.0364 0.2187 0.2314 
0.1062 0.0613 0.5287 0.3037 
0.2419 0.2350 0.3084 0.2148 
0.2326 0.2511 0.2725 0.2438 
0.2063 0.2497 0.2819 0.2621 
0.2624 0.2522 0.2894 0.1960 

MOTIF filter9 
letter-probability matrix: alength= 4 w= 19 nsites= 19 
0.2245 0.2540 0.2956 0.2258 
0.2827 0.2483 0.2281 0.2409 
0.3096 0.2381 0.2171 0.2352 
0.2231 0.2510 0.2475 0.2784 
0.2440 0.2506 0.2511 0.2543 
0.2881 0.2472 0.2062 0.2585 
0.2531 0.2934 0.2161 0.2375 
0.2016 0.2874 0.2706 0.2403 
0.2698 0.2620 0.2183 0.2499 
0.0034 0.8171 0.0856 0.0938 
0.0000 0.1759 0.0000 0.8241 
0.0000 0.2608 0.7041 0.0351 
1.0000 0.0000 0.0000 0.0000 
0.0054 0.0000 0.0000 0.9946 
0.0000 0.0018 0.0000 0.9982 
0.0000 0.0018 0.9982 0.0000 
0.0000 0.0017 0.9983 0.0000 
0.0710 0.4325 0.0163 0.4802 
0.0184 0.4141 0.1573 0.4102 

MOTIF filter10 
letter-probability matrix: alength= 4 w= 19 nsites= 19 
0.4729 0.1210 0.1011 0.3051 
0.0748 0.1513 0.3429 0.4310 
0.1661 0.3048 0.2669 0.2622 
0.2482 0.1663 0.2860 0.2995 
0.3687 0.2878 0.2492 0.0944 
0.2158 0.4039 0.2288 0.1515 
0.2161 0.0680 0.5460 0.1698 
0.2630 0.2847 0.1599 0.2925 
0.3554 0.2274 0.2499 0.1673 
0.1846 0.1290 0.1982 0.4882 
0.3360 0.0299 0.3981 0.2361 
0.1148 0.7684 0.1125 0.0043 
0.0000 0.9840 0.0150 0.0010 
0.7229 0.0032 0.1439 0.1300 
0.0043 0.7742 0.0000 0.2215 
0.0022 0.1735 0.7333 0.0909 
0.0130 0.1253 0.0143 0.8474 
0.2144 0.0452 0.6173 0.1231 
0.1568 0.2697 0.4555 0.1180 

MOTIF filter11 
letter-probability matrix: alength= 4 w= 19 nsites= 19 
0.2373 0.2600 0.2775 0.2252 
0.2478 0.3034 0.2453 0.2035 
0.2535 0.2303 0.2951 0.2211 
0.2367 0.2615 0.2544 0.2474 
0.2762 0.2717 0.2141 0.2380 
0.2310 0.2327 0.2510 0.2853 
0.2420 0.2392 0.2568 0.2619 
0.1666 0.0519 0.3184 0.4632 
0.0518 0.8288 0.0000 0.1194 
0.0000 0.1004 0.0000 0.8996 
0.9742 0.0000 0.0019 0.0239 
0.2268 0.0000 0.0129 0.7603 
0.4613 0.0006 0.0075 0.5306 
0.4896 0.0006 0.0006 0.5092 
0.6667 0.0006 0.0006 0.3321 
0.0510 0.0000 0.0048 0.9442 
0.8673 0.0000 0.1327 0.0000 
0.0914 0.0258 0.8202 0.0627 
0.4216 0.3531 0.0588 0.1664 

MOTIF filter12 
letter-probability matrix: alength= 4 w= 19 nsites= 19 
0.2599 0.2141 0.2460 0.2800 
0.2788 0.2361 0.2462 0.2389 
0.2771 0.2464 0.2215 0.2550 
0.2523 0.2663 0.2351 0.2463 
0.2228 0.3250 0.2100 0.2422 
0.2425 0.1998 0.3154 0.2423 
0.1602 0.6474 0.1206 0.0718 
0.9597 0.0000 0.0204 0.0199 
0.8992 0.0308 0.0701 0.0000 
0.4447 0.1050 0.4100 0.0403 
1.0000 0.0000 0.0000 0.0000 
0.0000 0.0000 0.0016 0.9984 
0.0047 0.0015 0.9938 0.0000 
0.0000 0.0000 1.0000 0.0000 
0.1466 0.7557 0.0000 0.0977 
0.1334 0.2410 0.4117 0.2138 
0.1099 0.1346 0.6700 0.0855 
0.1728 0.6068 0.0533 0.1671 
0.2597 0.2212 0.2894 0.2297 

MOTIF filter13 
letter-probability matrix: alength= 4 w= 19 nsites= 19 
0.1286 0.2110 0.3583 0.3021 
0.2121 0.3677 0.2144 0.2058 
0.1935 0.1776 0.3660 0.2629 
0.2203 0.2540 0.2144 0.3113 
0.2049 0.1812 0.3387 0.2752 
0.2857 0.1334 0.3227 0.2582 
0.4442 0.1118 0.2133 0.2307 
0.3285 0.2444 0.1195 0.3076 
0.3496 0.4693 0.0149 0.1662 
0.2583 0.1133 0.0822 0.5463 
0.0276 0.0929 0.0552 0.8243 
0.4220 0.0000 0.5733 0.0047 
0.0304 0.6934 0.1749 0.1013 
0.0027 0.0029 0.0175 0.9769 
0.0026 0.1696 0.8132 0.0146 
0.9603 0.0180 0.0217 0.0000 
0.1051 0.5043 0.2820 0.1085 
0.2332 0.2967 0.0106 0.4595 
0.3608 0.4017 0.1377 0.0998 

MOTIF filter14 
letter-probability matrix: alength= 4 w= 19 nsites= 19 
0.0532 0.0250 0.1577 0.7641 
0.4193 0.1817 0.1028 0.2962 
0.1371 0.0034 0.3119 0.5477 
0.0556 0.0346 0.8867 0.0232 
0.0402 0.7664 0.0211 0.1722 
0.0471 0.7075 0.0036 0.2418 
0.3446 0.2037 0.4221 0.0296 
0.7583 0.0677 0.1740 0.0000 
0.3067 0.1378 0.0853 0.4702 
0.2640 0.0500 0.0056 0.6805 
0.4376 0.4963 0.0176 0.0485 
0.6601 0.1195 0.1368 0.0837 
0.3153 0.0430 0.5219 0.1198 
0.2116 0.4985 0.1779 0.1120 
0.3373 0.2021 0.0413 0.4193 
0.3030 0.2277 0.1898 0.2794 
0.2013 0.4166 0.1034 0.2787 
0.0965 0.3782 0.2668 0.2585 
0.2603 0.3052 0.1753 0.2592 

MOTIF filter15 
letter-probability matrix: alength= 4 w= 19 nsites= 19 
0.2351 0.2235 0.2421 0.2993 
0.2453 0.3020 0.2086 0.2441 
0.2364 0.2291 0.2718 0.2627 
0.2344 0.2727 0.2602 0.2328 
0.2625 0.2701 0.2298 0.2376 
0.2226 0.2314 0.2787 0.2674 
0.1031 0.1212 0.3646 0.4110 
0.0528 0.7300 0.0899 0.1272 
0.0018 0.0043 0.0545 0.9394 
0.9857 0.0025 0.0107 0.0012 
0.3339 0.0134 0.0116 0.6411 
0.5114 0.0062 0.0000 0.4823 
0.5527 0.0000 0.0211 0.4262 
0.7286 0.0559 0.0000 0.2156 
0.0000 0.0934 0.0057 0.9009 
0.9549 0.0252 0.0006 0.0193 
0.1683 0.0030 0.7998 0.0290 
0.4394 0.3879 0.0919 0.0809 
0.2394 0.2655 0.2300 0.2651 

MOTIF filter16 
letter-probability matrix: alength= 4 w= 19 nsites= 19 
0.2608 0.2779 0.2269 0.2344 
0.2501 0.2400 0.2690 0.2409 
0.2314 0.3299 0.2235 0.2152 
0.2767 0.1977 0.2748 0.2509 
0.2863 0.2377 0.2633 0.2127 
0.2568 0.2672 0.2500 0.2260 
0.0731 0.2079 0.5319 0.1872 
0.0000 0.7231 0.0485 0.2284 
0.0020 0.8188 0.0000 0.1792 
0.0000 1.0000 0.0000 0.0000 
0.0000 1.0000 0.0000 0.0000 
0.1357 0.0000 0.5365 0.3278 
0.0000 1.0000 0.0000 0.0000 
0.0000 1.0000 0.0000 0.0000 
0.0000 0.7804 0.0000 0.2196 
0.0893 0.7709 0.0000 0.1398 
0.0573 0.5836 0.0779 0.2812 
0.2636 0.2530 0.2582 0.2251 
0.2595 0.2328 0.2742 0.2335 

MOTIF filter17 
letter-probability matrix: alength= 4 w= 19 nsites= 19 
0.1507 0.0677 0.0301 0.7516 
0.0355 0.0825 0.6851 0.1968 
0.3971 0.3985 0.0802 0.1242 
0.0020 0.9980 0.0000 0.0000 
0.0000 0.9942 0.0028 0.0030 
0.8219 0.0032 0.0067 0.1681 
0.0180 0.0000 0.0022 0.9798 
0.9971 0.0018 0.0011 0.0000 
0.0000 0.0020 0.0010 0.9971 
0.9904 0.0010 0.0000 0.0087 
0.1502 0.0074 0.0020 0.8404 
0.0080 0.0024 0.9895 0.0000 
0.0000 0.0011 0.9933 0.0056 
0.1322 0.0877 0.3812 0.3990 
0.2077 0.6732 0.0903 0.0288 
0.7469 0.0271 0.0721 0.1538 
0.2441 0.2800 0.2608 0.2151 
0.2337 0.2632 0.2546 0.2485 
0.2425 0.2291 0.2574 0.2710 

MOTIF filter18 
letter-probability matrix: alength= 4 w= 19 nsites= 19 
0.3151 0.2549 0.1558 0.2741 
0.4037 0.0819 0.2416 0.2728 
0.2078 0.4484 0.1723 0.1716 
0.0339 0.0518 0.1277 0.7866 
0.3156 0.4299 0.1712 0.0834 
0.6672 0.1493 0.1684 0.0151 
0.1414 0.0981 0.4955 0.2650 
0.0403 0.9088 0.0114 0.0395 
0.9168 0.0033 0.0765 0.0035 
0.4255 0.0331 0.1085 0.4329 
0.6175 0.1136 0.0210 0.2478 
0.3765 0.0626 0.0060 0.5550 
0.1752 0.0380 0.0067 0.7801 
0.1716 0.0488 0.6692 0.1104 
0.3575 0.4055 0.0938 0.1433 
0.2978 0.2397 0.2063 0.2563 
0.3405 0.0528 0.5570 0.0497 
0.3674 0.2436 0.1613 0.2277 
0.2564 0.3690 0.1098 0.2649 

MOTIF filter19 
letter-probability matrix: alength= 4 w= 19 nsites= 19 
0.2781 0.2123 0.2486 0.2610 
0.1762 0.2151 0.3709 0.2378 
0.0180 0.4499 0.2776 0.2545 
0.0874 0.6693 0.1390 0.1043 
0.7461 0.0086 0.2116 0.0337 
0.0000 0.9131 0.0161 0.0708 
0.0000 0.0000 0.0000 1.0000 
0.0000 0.0000 0.0000 1.0000 
0.0000 1.0000 0.0000 0.0000 
0.0000 1.0000 0.0000 0.0000 
0.0000 0.0000 0.9789 0.0211 
0.0000 0.1257 0.8639 0.0104 
0.2430 0.2476 0.2676 0.2418 
0.2785 0.2175 0.2792 0.2248 
0.2741 0.2120 0.2352 0.2787 
0.2381 0.2642 0.2501 0.2476 
0.2867 0.2209 0.2518 0.2405 
0.2638 0.2582 0.2195 0.2585 
0.2132 0.1957 0.3127 0.2785 

MOTIF filter20 
letter-probability matrix: alength= 4 w= 19 nsites= 19 
0.2773 0.2411 0.2351 0.2466 
0.2627 0.2204 0.2869 0.2300 
0.2535 0.2467 0.2388 0.2611 
0.2495 0.2408 0.2475 0.2622 
0.2141 0.2048 0.3729 0.2081 
0.4064 0.2413 0.3273 0.0249 
0.0000 0.0000 0.0000 1.0000 
0.0000 0.0000 0.9610 0.0390 
1.0000 0.0000 0.0000 0.0000 
0.0304 0.4818 0.4583 0.0295 
0.0000 0.0000 0.0000 1.0000 
0.0219 0.9781 0.0000 0.0000 
1.0000 0.0000 0.0000 0.0000 
0.0216 0.3469 0.2298 0.4016 
0.2175 0.3682 0.1883 0.2259 
0.2807 0.2217 0.2475 0.2500 
0.2565 0.2508 0.2286 0.2641 
0.2653 0.2456 0.2305 0.2586 
0.2272 0.2354 0.2548 0.2825 

MOTIF filter21 
letter-probability matrix: alength= 4 w= 19 nsites= 19 
0.2573 0.2840 0.2310 0.2277 
0.4533 0.2125 0.2073 0.1269 
0.2579 0.2994 0.2889 0.1538 
0.0000 1.0000 0.0000 0.0000 
0.9909 0.0000 0.0091 0.0000 
0.0000 0.9786 0.0000 0.0214 
0.0457 0.0000 0.9543 0.0000 
0.0007 0.0185 0.0000 0.9808 
0.0000 0.0000 1.0000 0.0000 
0.1657 0.2960 0.2937 0.2446 
0.1492 0.2474 0.1939 0.4096 
0.2901 0.2217 0.2455 0.2428 
0.2416 0.2490 0.2570 0.2524 
0.2867 0.2176 0.2412 0.2544 
0.2481 0.2783 0.2180 0.2556 
0.2364 0.2458 0.2574 0.2604 
0.2587 0.2455 0.2355 0.2603 
0.2375 0.2448 0.2414 0.2762 
0.2274 0.2405 0.2527 0.2794 

MOTIF filter22 
letter-probability matrix: alength= 4 w= 19 nsites= 19 
0.4255 0.2745 0.0822 0.2178 
0.1120 0.4788 0.1670 0.2422 
0.2451 0.4459 0.0596 0.2493 
0.1974 0.4943 0.1240 0.1843 
0.1486 0.1781 0.5196 0.1536 
0.2627 0.0106 0.6342 0.0926 
0.0847 0.8024 0.0771 0.0358 
0.0612 0.1172 0.7874 0.0342 
0.0942 0.0890 0.6798 0.1370 
0.0923 0.8152 0.0035 0.0890 
0.2164 0.7609 0.0128 0.0099 
0.7293 0.0031 0.2610 0.0066 
0.0206 0.0381 0.0715 0.8698 
0.1444 0.3389 0.1859 0.3308 
0.1489 0.1017 0.0297 0.7197 
0.0000 0.4418 0.0483 0.5099 
0.0214 0.0641 0.8973 0.0172 
0.2222 0.2082 0.2204 0.3492 
0.2774 0.1866 0.3056 0.2304 

MOTIF filter23 
letter-probability matrix: alength= 4 w= 19 nsites= 19 
1.0000 0.0000 0.0000 0.0000 
0.0000 0.0000 0.0000 1.0000 
0.0000 0.0000 0.0000 1.0000 
0.0000 0.0000 1.0000 0.0000 
0.0000 0.0000 1.0000 0.0000 
0.0423 0.4776 0.0000 0.4801 
0.0070 0.4625 0.1410 0.3894 
0.2560 0.4682 0.2224 0.0534 
0.5344 0.0962 0.3370 0.0324 
0.1803 0.1410 0.2598 0.4190 
0.1951 0.1153 0.2490 0.4406 
0.0407 0.1686 0.2052 0.5855 
0.2178 0.2520 0.2742 0.2560 
0.2885 0.2530 0.1621 0.2964 
0.3214 0.1872 0.2579 0.2334 
0.1978 0.2499 0.2807 0.2715 
0.2858 0.1984 0.2634 0.2524 
0.2125 0.2354 0.3073 0.2447 
0.2901 0.1948 0.2387 0.2764 

MOTIF filter24 
letter-probability matrix: alength= 4 w= 19 nsites= 19 
0.2455 0.2899 0.2240 0.2406 
0.2987 0.2389 0.2352 0.2272 
0.2957 0.2424 0.2576 0.2043 
0.2732 0.2627 0.2254 0.2386 
0.3192 0.5596 0.0255 0.0957 
0.2143 0.2026 0.0271 0.5560 
0.2835 0.1471 0.3772 0.1922 
0.6001 0.0533 0.0986 0.2480 
0.1533 0.2642 0.5567 0.0259 
0.0000 0.0026 0.0000 0.9974 
0.0233 0.9767 0.0000 0.0000 
1.0000 0.0000 0.0000 0.0000 
0.0000 0.0000 0.9607 0.0393 
0.0000 1.0000 0.0000 0.0000 
0.9689 0.0149 0.0000 0.0162 
0.4428 0.1676 0.1017 0.2879 
0.4812 0.0502 0.0000 0.4686 
0.4010 0.0370 0.0162 0.5457 
0.3443 0.0946 0.0380 0.5231 

MOTIF filter25 
letter-probability matrix: alength= 4 w= 19 nsites= 19 
0.2523 0.2412 0.2355 0.2711 
0.1715 0.2110 0.1781 0.4394 
0.0000 0.0300 0.0015 0.9685 
0.0000 0.0030 0.0252 0.9718 
0.1082 0.8855 0.0040 0.0023 
0.0108 0.7152 0.0000 0.2740 
0.2817 0.1734 0.3240 0.2208 
0.1624 0.0000 0.8369 0.0008 
0.0056 0.0007 0.9250 0.0687 
0.9978 0.0022 0.0000 0.0000 
0.9977 0.0007 0.0016 0.0000 
0.5020 0.1256 0.2003 0.1722 
0.2400 0.2661 0.2143 0.2796 
0.2646 0.2521 0.2504 0.2329 
0.2613 0.2331 0.2348 0.2707 
0.2519 0.2555 0.2549 0.2377 
0.2323 0.2630 0.2511 0.2536 
0.2497 0.2438 0.2424 0.2641 
0.2538 0.2345 0.2587 0.2529 

MOTIF filter26 
letter-probability matrix: alength= 4 w= 19 nsites= 19 
0.2781 0.2559 0.2265 0.2396 
0.2752 0.3027 0.2297 0.1924 
0.2858 0.2224 0.2079 0.2838 
0.2318 0.2415 0.2997 0.2271 
0.2681 0.2640 0.2558 0.2121 
0.1616 0.1881 0.0227 0.6276 
0.0000 0.0000 0.0000 1.0000 
0.0018 0.0000 0.0000 0.9982 
0.0174 0.9757 0.0000 0.0070 
0.0121 0.9405 0.0000 0.0474 
0.1410 0.4163 0.0382 0.4045 
0.4277 0.0000 0.5151 0.0572 
0.0000 0.0033 0.8251 0.1716 
0.8986 0.1014 0.0000 0.0000 
0.9822 0.0000 0.0000 0.0178 
0.5697 0.1197 0.2416 0.0690 
0.3193 0.2434 0.1900 0.2473 
0.2480 0.2308 0.2365 0.2847 
0.2053 0.2830 0.2312 0.2806 

MOTIF filter27 
letter-probability matrix: alength= 4 w= 19 nsites= 19 
0.2323 0.2511 0.2637 0.2529 
0.2522 0.2664 0.2694 0.2120 
0.2405 0.2893 0.2319 0.2382 
0.2280 0.2355 0.2409 0.2956 
0.0958 0.0621 0.6397 0.2025 
0.0976 0.6475 0.1316 0.1234 
0.2742 0.3825 0.2384 0.1049 
0.0963 0.0051 0.7850 0.1136 
0.0000 1.0000 0.0000 0.0000 
0.0000 1.0000 0.0000 0.0000 
1.0000 0.0000 0.0000 0.0000 
0.0000 0.0000 0.0000 1.0000 
0.0216 0.4573 0.1390 0.3821 
0.0000 0.0220 0.0064 0.9717 
0.0014 0.0222 0.0000 0.9763 
0.1033 0.1051 0.5912 0.2004 
0.2732 0.2466 0.2246 0.2556 
0.2248 0.2662 0.2662 0.2428 
0.1955 0.2538 0.2855 0.2651 

MOTIF filter28 
letter-probability matrix: alength= 4 w= 19 nsites= 19 
0.3238 0.1379 0.4048 0.1334 
0.0858 0.6713 0.1270 0.1159 
0.1809 0.6931 0.0297 0.0964 
0.9359 0.0161 0.0479 0.0000 
0.6478 0.0000 0.0052 0.3470 
0.2233 0.3371 0.2368 0.2029 
0.7142 0.0535 0.0019 0.2304 
0.0000 0.0000 0.0000 1.0000 
0.0374 0.0140 0.9387 0.0099 
0.0400 0.0227 0.9286 0.0087 
0.0729 0.6537 0.1087 0.1647 
0.2298 0.2279 0.2675 0.2748 
0.1782 0.1788 0.5435 0.0995 
0.3171 0.6101 0.0334 0.0394 
0.2970 0.2315 0.1711 0.3004 
0.1722 0.2355 0.2794 0.3130 
0.2296 0.3452 0.2624 0.1629 
0.3087 0.2324 0.2584 0.2004 
0.2996 0.2189 0.2490 0.2325 

MOTIF filter29 
letter-probability matrix: alength= 4 w= 19 nsites= 19 
0.3177 0.2437 0.1782 0.2604 
0.2388 0.2557 0.2019 0.3036 
0.2573 0.2325 0.4083 0.1020 
0.2188 0.0011 0.5288 0.2514 
0.2239 0.0000 0.7661 0.0100 
0.0005 0.0005 0.9989 0.0000 
0.1009 0.2364 0.6219 0.0408 
0.4642 0.3152 0.0000 0.2206 
0.2751 0.0437 0.6154 0.0658 
0.0000 0.0000 1.0000 0.0000 
0.1940 0.0006 0.6018 0.2036 
0.4102 0.1120 0.4299 0.0480 
0.1281 0.5717 0.1742 0.1259 
0.2777 0.4320 0.1638 0.1265 
0.2619 0.3906 0.2251 0.1225 
0.2548 0.1977 0.2462 0.3013 
0.3545 0.2408 0.2588 0.1459 
0.2836 0.2686 0.2011 0.2467 
0.1825 0.3295 0.2226 0.2655 

