MEME version 4

ALPHABET= ACGT

Background letter frequencies:
A 0.2500 C 0.2500 G 0.2500 T 0.2500 

MOTIF filter0 
letter-probability matrix: alength= 4 w= 19 nsites= 19 
0.2024 0.3399 0.2317 0.2261 
0.2454 0.2958 0.2358 0.2230 
0.3172 0.2595 0.1695 0.2539 
0.2877 0.2796 0.1682 0.2645 
0.2010 0.3207 0.2387 0.2397 
0.1234 0.5071 0.1351 0.2343 
0.2207 0.1362 0.4454 0.1976 
0.0084 0.2762 0.6099 0.1054 
0.8162 0.0000 0.0034 0.1804 
0.9451 0.0245 0.0114 0.0191 
0.0237 0.4386 0.5212 0.0165 
0.1480 0.0894 0.0340 0.7287 
0.0721 0.2521 0.3721 0.3037 
0.2268 0.4067 0.1457 0.2208 
0.2524 0.2932 0.2453 0.2091 
0.2398 0.1968 0.2755 0.2879 
0.1731 0.2819 0.2607 0.2843 
0.1885 0.2783 0.3116 0.2217 
0.2675 0.2183 0.2889 0.2254 

MOTIF filter1 
letter-probability matrix: alength= 4 w= 19 nsites= 19 
0.2384 0.3233 0.1931 0.2451 
0.2869 0.2703 0.2882 0.1546 
0.2453 0.2463 0.3188 0.1896 
0.2682 0.1997 0.3321 0.2000 
0.0006 0.3033 0.0000 0.6961 
0.0000 0.0000 0.5574 0.4426 
1.0000 0.0000 0.0000 0.0000 
0.1027 0.2959 0.2992 0.3022 
0.1159 0.0000 0.0000 0.8841 
0.2279 0.5764 0.0000 0.1957 
0.9037 0.0000 0.0000 0.0963 
0.0006 0.1707 0.0478 0.7809 
0.6437 0.1986 0.0637 0.0940 
0.2318 0.0914 0.5105 0.1664 
0.3626 0.3771 0.1018 0.1585 
0.2370 0.2015 0.2547 0.3069 
0.2353 0.2446 0.2681 0.2521 
0.2588 0.2727 0.2324 0.2361 
0.2481 0.3096 0.2016 0.2407 

MOTIF filter2 
letter-probability matrix: alength= 4 w= 19 nsites= 19 
0.2734 0.2085 0.2500 0.2681 
0.2404 0.2670 0.2430 0.2496 
0.2370 0.2525 0.2346 0.2759 
0.2916 0.1843 0.2614 0.2628 
0.2507 0.2216 0.3068 0.2209 
0.2849 0.0900 0.2522 0.3729 
0.4581 0.1121 0.4074 0.0223 
0.2450 0.1275 0.2042 0.4233 
0.0055 0.7842 0.1780 0.0323 
0.5097 0.0053 0.0353 0.4498 
0.1086 0.8184 0.0164 0.0567 
0.5913 0.0014 0.3383 0.0690 
0.0831 0.3594 0.0873 0.4703 
0.2182 0.2167 0.2771 0.2880 
0.2814 0.2562 0.2334 0.2289 
0.2105 0.3036 0.2203 0.2656 
0.2285 0.2274 0.2534 0.2907 
0.2424 0.2767 0.2336 0.2473 
0.2931 0.2271 0.2426 0.2371 

MOTIF filter3 
letter-probability matrix: alength= 4 w= 19 nsites= 19 
0.3954 0.2476 0.1723 0.1847 
0.4105 0.2440 0.1961 0.1494 
0.1022 0.3454 0.1297 0.4227 
0.1147 0.3372 0.3343 0.2138 
0.4018 0.1719 0.4185 0.0078 
0.4972 0.0162 0.4181 0.0685 
0.0000 1.0000 0.0000 0.0000 
0.0000 0.9419 0.0000 0.0581 
0.9317 0.0355 0.0328 0.0000 
1.0000 0.0000 0.0000 0.0000 
0.0000 0.0000 0.0000 1.0000 
0.0295 0.6785 0.1957 0.0963 
0.6731 0.0056 0.3213 0.0000 
0.0948 0.1072 0.7849 0.0131 
0.2110 0.2643 0.2324 0.2924 
0.2439 0.2123 0.2449 0.2989 
0.2287 0.2808 0.2583 0.2323 
0.2120 0.2797 0.2660 0.2424 
0.2567 0.2399 0.2381 0.2654 

MOTIF filter4 
letter-probability matrix: alength= 4 w= 19 nsites= 19 
0.2725 0.2001 0.2806 0.2468 
0.2258 0.2337 0.2877 0.2528 
0.2024 0.1365 0.1960 0.4651 
0.1980 0.2265 0.4097 0.1658 
0.3132 0.1039 0.1685 0.4144 
0.1791 0.6975 0.1214 0.0019 
0.0971 0.3347 0.0600 0.5082 
0.7174 0.0901 0.0585 0.1340 
0.2232 0.0737 0.0081 0.6950 
0.8179 0.0114 0.0182 0.1526 
0.1435 0.0009 0.2430 0.6126 
0.9480 0.0009 0.0000 0.0511 
0.0303 0.0280 0.0840 0.8577 
0.4678 0.1030 0.3616 0.0675 
0.0659 0.0319 0.8588 0.0435 
0.2645 0.2674 0.2317 0.2364 
0.2268 0.4566 0.1858 0.1308 
0.4531 0.1291 0.2042 0.2136 
0.2342 0.2754 0.2357 0.2546 

MOTIF filter5 
letter-probability matrix: alength= 4 w= 19 nsites= 19 
0.2087 0.2435 0.2625 0.2852 
0.2108 0.2198 0.3078 0.2615 
0.2811 0.2241 0.1942 0.3006 
0.2171 0.2663 0.3174 0.1993 
0.2679 0.3155 0.1699 0.2467 
0.2126 0.4597 0.1845 0.1433 
0.1926 0.2967 0.1617 0.3490 
0.5530 0.0634 0.1947 0.1889 
0.0052 0.2734 0.0675 0.6539 
0.9566 0.0123 0.0202 0.0110 
0.0039 0.2955 0.0000 0.7006 
0.1748 0.2113 0.6139 0.0000 
0.0913 0.0304 0.3299 0.5484 
0.0009 0.0005 0.9824 0.0161 
0.1501 0.1889 0.4636 0.1973 
0.2446 0.2064 0.1987 0.3504 
0.2792 0.3292 0.1875 0.2042 
0.3128 0.2058 0.2430 0.2384 
0.2134 0.2505 0.2536 0.2825 

MOTIF filter6 
letter-probability matrix: alength= 4 w= 19 nsites= 19 
0.2408 0.2081 0.3174 0.2338 
0.1839 0.3397 0.2460 0.2303 
0.2064 0.3743 0.1898 0.2294 
0.4145 0.1775 0.2579 0.1501 
0.2160 0.4794 0.1603 0.1443 
0.0816 0.0846 0.0926 0.7412 
0.1007 0.0826 0.0984 0.7184 
0.0076 0.7995 0.1928 0.0000 
0.0150 0.9850 0.0000 0.0000 
0.0000 0.0000 0.9952 0.0048 
0.0023 0.1419 0.8409 0.0149 
0.9115 0.0496 0.0079 0.0310 
0.9167 0.0348 0.0411 0.0074 
0.0823 0.1098 0.6772 0.1307 
0.0764 0.2712 0.0808 0.5716 
0.2665 0.1352 0.4728 0.1255 
0.2335 0.2650 0.4171 0.0844 
0.2021 0.3640 0.2667 0.1672 
0.2189 0.2373 0.2817 0.2621 

MOTIF filter7 
letter-probability matrix: alength= 4 w= 19 nsites= 19 
0.2503 0.2096 0.2733 0.2668 
0.2671 0.2479 0.2450 0.2401 
0.2674 0.2356 0.2482 0.2488 
0.2619 0.2577 0.2226 0.2578 
0.2335 0.2836 0.2538 0.2291 
0.2178 0.2555 0.2854 0.2413 
0.1740 0.6423 0.1066 0.0772 
0.9669 0.0000 0.0224 0.0107 
0.9475 0.0125 0.0400 0.0000 
0.4134 0.1241 0.3998 0.0626 
1.0000 0.0000 0.0000 0.0000 
0.0000 0.0000 0.0000 1.0000 
0.0044 0.0000 0.9956 0.0000 
0.0014 0.0000 0.9986 0.0000 
0.1280 0.7651 0.0000 0.1069 
0.1207 0.2502 0.3729 0.2563 
0.1083 0.1393 0.6740 0.0784 
0.1870 0.6521 0.0449 0.1160 
0.2434 0.2320 0.2872 0.2374 

MOTIF filter8 
letter-probability matrix: alength= 4 w= 19 nsites= 19 
0.2098 0.2806 0.2727 0.2368 
0.2416 0.2887 0.2350 0.2347 
0.2476 0.2371 0.2673 0.2480 
0.2494 0.2292 0.2654 0.2559 
0.3209 0.2242 0.2074 0.2475 
0.2762 0.2473 0.2425 0.2340 
0.5201 0.1815 0.2201 0.0782 
0.2076 0.3481 0.3155 0.1288 
0.0000 1.0000 0.0000 0.0000 
1.0000 0.0000 0.0000 0.0000 
0.0000 1.0000 0.0000 0.0000 
0.0000 0.0000 1.0000 0.0000 
0.0000 0.0000 0.0000 1.0000 
0.0000 0.0000 1.0000 0.0000 
0.1426 0.3172 0.3459 0.1942 
0.1131 0.2588 0.1427 0.4854 
0.2693 0.2124 0.2547 0.2636 
0.2409 0.2470 0.2839 0.2282 
0.2812 0.2327 0.2429 0.2432 

MOTIF filter9 
letter-probability matrix: alength= 4 w= 19 nsites= 19 
0.3420 0.2049 0.2078 0.2454 
0.2132 0.2218 0.1172 0.4478 
0.1773 0.1525 0.3999 0.2703 
0.3357 0.2712 0.2990 0.0941 
0.2014 0.5834 0.1414 0.0738 
0.0827 0.7211 0.1860 0.0102 
0.5419 0.0091 0.1331 0.3159 
0.3398 0.0395 0.2909 0.3298 
0.8265 0.0925 0.0809 0.0000 
0.0000 0.1839 0.0599 0.7562 
0.4139 0.0208 0.0576 0.5076 
0.1067 0.1911 0.0023 0.6998 
0.0856 0.2263 0.4542 0.2339 
0.0130 0.1539 0.6033 0.2298 
0.2123 0.1614 0.2249 0.4014 
0.2894 0.3916 0.1727 0.1464 
0.4561 0.1433 0.1530 0.2476 
0.2990 0.2257 0.2665 0.2087 
0.2345 0.3224 0.2278 0.2153 

MOTIF filter10 
letter-probability matrix: alength= 4 w= 19 nsites= 19 
0.2740 0.2356 0.2453 0.2451 
0.2636 0.2346 0.2721 0.2297 
0.2586 0.2573 0.2485 0.2357 
0.2381 0.2484 0.2199 0.2936 
0.2621 0.3131 0.2164 0.2084 
0.2051 0.2661 0.2108 0.3180 
0.6272 0.0000 0.0003 0.3726 
0.0003 0.0000 0.0000 0.9997 
0.0432 0.0822 0.0000 0.8746 
0.6473 0.0000 0.2722 0.0805 
0.9895 0.0000 0.0000 0.0105 
0.2729 0.0000 0.0104 0.7168 
0.3435 0.2073 0.2399 0.2093 
0.2301 0.2088 0.3409 0.2203 
0.2834 0.2451 0.2496 0.2219 
0.2419 0.2321 0.2597 0.2663 
0.2405 0.2600 0.2580 0.2415 
0.2544 0.2620 0.2465 0.2371 
0.2506 0.2545 0.2531 0.2418 

MOTIF filter11 
letter-probability matrix: alength= 4 w= 19 nsites= 19 
0.2273 0.2292 0.2799 0.2636 
0.1368 0.1134 0.5637 0.1861 
0.1154 0.6500 0.1428 0.0918 
0.2722 0.3718 0.2487 0.1073 
0.0994 0.0119 0.6876 0.2011 
0.0135 0.8957 0.0122 0.0786 
0.0133 0.8658 0.0157 0.1053 
0.9410 0.0255 0.0253 0.0082 
0.0029 0.0094 0.0053 0.9824 
0.0080 0.4030 0.1372 0.4519 
0.0000 0.0330 0.0021 0.9649 
0.0040 0.0286 0.0011 0.9664 
0.1074 0.1515 0.5093 0.2317 
0.3487 0.2209 0.1941 0.2362 
0.2033 0.2540 0.3190 0.2236 
0.2197 0.2802 0.3001 0.2000 
0.2946 0.1855 0.2440 0.2758 
0.2441 0.2693 0.2838 0.2028 
0.2577 0.2363 0.2656 0.2403 

MOTIF filter12 
letter-probability matrix: alength= 4 w= 19 nsites= 19 
0.2426 0.2490 0.2573 0.2512 
0.2568 0.2458 0.2356 0.2618 
0.2864 0.2010 0.3440 0.1685 
0.2856 0.0974 0.4309 0.1861 
0.3426 0.0586 0.5194 0.0794 
0.1445 0.0793 0.7762 0.0000 
0.2167 0.0135 0.7662 0.0037 
0.3225 0.3419 0.0781 0.2575 
0.1532 0.0723 0.5811 0.1934 
0.0661 0.0000 0.8371 0.0968 
0.3109 0.0350 0.4846 0.1695 
0.2586 0.1916 0.4280 0.1218 
0.2528 0.3124 0.2709 0.1639 
0.2530 0.2625 0.2490 0.2356 
0.2557 0.2482 0.2334 0.2626 
0.2195 0.2808 0.2599 0.2398 
0.2681 0.2494 0.2328 0.2497 
0.2491 0.2447 0.2445 0.2616 
0.2776 0.2513 0.2442 0.2269 

MOTIF filter13 
letter-probability matrix: alength= 4 w= 19 nsites= 19 
0.2154 0.2956 0.2054 0.2836 
0.2599 0.2874 0.2328 0.2199 
0.2399 0.2786 0.2621 0.2195 
0.2599 0.2487 0.2424 0.2491 
0.1774 0.2236 0.3239 0.2750 
0.1198 0.3663 0.2108 0.3031 
0.1162 0.5152 0.1069 0.2617 
0.0135 0.9048 0.0254 0.0563 
0.0000 0.8218 0.1665 0.0117 
0.3200 0.0128 0.3821 0.2850 
0.0000 0.7265 0.1201 0.1534 
0.0029 0.6392 0.3078 0.0501 
0.0483 0.5387 0.0114 0.4017 
0.2053 0.4125 0.1828 0.1994 
0.1794 0.3480 0.2101 0.2625 
0.2261 0.2477 0.2570 0.2693 
0.2542 0.2451 0.2367 0.2640 
0.2544 0.2605 0.2451 0.2400 
0.2622 0.2571 0.2401 0.2407 

MOTIF filter14 
letter-probability matrix: alength= 4 w= 19 nsites= 19 
0.2268 0.2181 0.3158 0.2392 
0.1920 0.1821 0.1177 0.5082 
0.1189 0.1504 0.5711 0.1596 
0.4299 0.3522 0.2074 0.0105 
0.0000 0.3001 0.0101 0.6899 
0.0000 0.3916 0.6070 0.0014 
0.9739 0.0062 0.0000 0.0198 
0.0030 0.2724 0.3283 0.3963 
0.3483 0.0102 0.0036 0.6380 
0.0000 0.6204 0.0127 0.3669 
0.9886 0.0095 0.0019 0.0000 
0.1318 0.2653 0.1620 0.4409 
0.0677 0.2110 0.5320 0.1892 
0.1292 0.1209 0.6061 0.1438 
0.1269 0.1249 0.3848 0.3634 
0.2289 0.4561 0.2180 0.0970 
0.4386 0.1195 0.1827 0.2592 
0.2497 0.2903 0.2555 0.2045 
0.2737 0.2784 0.2554 0.1925 

MOTIF filter15 
letter-probability matrix: alength= 4 w= 19 nsites= 19 
0.2641 0.2890 0.2407 0.2062 
0.2818 0.2531 0.2112 0.2538 
0.2370 0.1931 0.2129 0.3570 
0.1853 0.2399 0.3261 0.2486 
0.4421 0.1843 0.3061 0.0675 
0.0057 0.2065 0.0008 0.7870 
0.0000 0.3501 0.0167 0.6332 
0.3808 0.0000 0.4180 0.2012 
0.0121 0.6002 0.0029 0.3848 
0.4307 0.0000 0.5693 0.0000 
0.0832 0.4798 0.0000 0.4370 
0.9813 0.0107 0.0000 0.0080 
0.8897 0.0008 0.0000 0.1095 
0.0132 0.2430 0.3556 0.3883 
0.1620 0.1948 0.4552 0.1880 
0.2139 0.1661 0.2733 0.3467 
0.2699 0.3236 0.1546 0.2520 
0.3897 0.1610 0.2254 0.2239 
0.2215 0.2476 0.2625 0.2683 

MOTIF filter16 
letter-probability matrix: alength= 4 w= 19 nsites= 19 
0.1552 0.2302 0.3725 0.2421 
0.0320 0.4108 0.2793 0.2778 
0.0780 0.6454 0.1673 0.1093 
0.7001 0.0154 0.2443 0.0402 
0.0000 0.8937 0.0232 0.0831 
0.0019 0.0000 0.0000 0.9981 
0.0000 0.0000 0.0000 1.0000 
0.0000 0.9941 0.0000 0.0059 
0.0038 0.9962 0.0000 0.0000 
0.0000 0.0035 0.8884 0.1081 
0.0022 0.2565 0.6764 0.0650 
0.1835 0.2855 0.2574 0.2736 
0.1048 0.2712 0.3402 0.2838 
0.2217 0.2327 0.2206 0.3250 
0.2497 0.2830 0.2415 0.2258 
0.2666 0.2479 0.2355 0.2500 
0.2724 0.2416 0.1984 0.2875 
0.2262 0.1866 0.2890 0.2982 
0.2357 0.2668 0.2338 0.2636 

MOTIF filter17 
letter-probability matrix: alength= 4 w= 19 nsites= 19 
0.2647 0.2254 0.2915 0.2183 
0.2370 0.2558 0.2659 0.2414 
0.2696 0.1985 0.2687 0.2632 
0.1780 0.2808 0.3105 0.2308 
0.2964 0.1949 0.2787 0.2300 
0.3419 0.3274 0.2620 0.0687 
0.3680 0.1764 0.2925 0.1630 
0.1334 0.5817 0.2687 0.0161 
0.1663 0.8333 0.0004 0.0000 
0.5363 0.0000 0.4627 0.0009 
0.0093 0.3675 0.6233 0.0000 
0.7228 0.0000 0.2772 0.0000 
0.4458 0.0000 0.0000 0.5542 
0.0366 0.0009 0.9625 0.0000 
0.0695 0.3022 0.1559 0.4725 
0.1554 0.1876 0.4547 0.2023 
0.2311 0.2954 0.3641 0.1094 
0.2208 0.3313 0.2259 0.2220 
0.2569 0.2888 0.1844 0.2699 

MOTIF filter18 
letter-probability matrix: alength= 4 w= 19 nsites= 19 
0.2313 0.2747 0.2077 0.2863 
0.2385 0.2648 0.2491 0.2475 
0.2561 0.2505 0.2302 0.2632 
0.1829 0.2115 0.1951 0.4105 
0.0371 0.0548 0.0488 0.8594 
0.0316 0.0803 0.1045 0.7836 
0.1755 0.8083 0.0143 0.0019 
0.0573 0.6205 0.0583 0.2640 
0.2761 0.2504 0.2379 0.2357 
0.2697 0.0059 0.6946 0.0297 
0.0085 0.0272 0.8522 0.1122 
0.9209 0.0727 0.0006 0.0058 
0.9873 0.0022 0.0030 0.0075 
0.4071 0.1498 0.2762 0.1669 
0.2209 0.2609 0.2447 0.2736 
0.2696 0.2306 0.2546 0.2452 
0.2613 0.2478 0.2515 0.2394 
0.2775 0.2624 0.2329 0.2272 
0.2421 0.2653 0.2462 0.2464 

MOTIF filter19 
letter-probability matrix: alength= 4 w= 19 nsites= 19 
0.2237 0.2342 0.2529 0.2893 
0.1132 0.0637 0.6162 0.2069 
0.1048 0.6341 0.1339 0.1272 
0.2538 0.3597 0.2627 0.1239 
0.1032 0.0089 0.7855 0.1024 
0.0000 0.9971 0.0000 0.0029 
0.0000 1.0000 0.0000 0.0000 
1.0000 0.0000 0.0000 0.0000 
0.0000 0.0000 0.0013 0.9987 
0.0318 0.4699 0.1446 0.3537 
0.0083 0.0433 0.0103 0.9381 
0.0029 0.0377 0.0000 0.9594 
0.0922 0.0933 0.6186 0.1959 
0.2553 0.2275 0.2573 0.2600 
0.2107 0.2725 0.2514 0.2653 
0.2010 0.2613 0.2696 0.2681 
0.2778 0.2304 0.2345 0.2573 
0.2822 0.2694 0.1997 0.2487 
0.2241 0.2602 0.2592 0.2566 

MOTIF filter20 
letter-probability matrix: alength= 4 w= 19 nsites= 19 
0.2411 0.2315 0.2992 0.2282 
0.2424 0.2221 0.2706 0.2649 
0.2632 0.2401 0.2517 0.2450 
0.2827 0.2354 0.2253 0.2566 
0.4861 0.0463 0.1777 0.2899 
0.5019 0.0497 0.0951 0.3533 
0.5113 0.0454 0.0782 0.3650 
0.2877 0.1708 0.1549 0.3866 
0.0000 0.0009 0.0158 0.9833 
0.0132 0.0019 0.9777 0.0071 
0.2178 0.7537 0.0193 0.0092 
0.0000 0.0020 0.0070 0.9910 
0.0041 0.0090 0.9272 0.0596 
0.9768 0.0040 0.0141 0.0051 
0.0884 0.4481 0.2872 0.1763 
0.1907 0.1570 0.1171 0.5352 
0.2005 0.3486 0.1845 0.2664 
0.4765 0.0809 0.2134 0.2292 
0.1406 0.0979 0.4786 0.2830 

MOTIF filter21 
letter-probability matrix: alength= 4 w= 19 nsites= 19 
0.2513 0.2608 0.2625 0.2253 
0.1851 0.2614 0.3027 0.2508 
0.0727 0.4467 0.2011 0.2795 
0.1580 0.4739 0.0720 0.2961 
0.1344 0.7399 0.0991 0.0266 
0.1086 0.8197 0.0439 0.0278 
0.2291 0.1878 0.3113 0.2719 
0.0026 0.8996 0.0068 0.0910 
0.1746 0.6955 0.0628 0.0670 
0.0202 0.5589 0.0233 0.3976 
0.2418 0.4733 0.0128 0.2720 
0.1844 0.3609 0.1649 0.2898 
0.2542 0.2628 0.2552 0.2278 
0.2320 0.2767 0.2563 0.2350 
0.2347 0.2741 0.2599 0.2313 
0.2435 0.2620 0.2517 0.2428 
0.2574 0.2506 0.2467 0.2453 
0.2296 0.2610 0.2469 0.2625 
0.2469 0.2378 0.2483 0.2670 

MOTIF filter22 
letter-probability matrix: alength= 4 w= 19 nsites= 19 
0.2520 0.2389 0.2769 0.2322 
0.2985 0.3927 0.1215 0.1873 
0.2404 0.2344 0.0887 0.4365 
0.2400 0.1978 0.3336 0.2286 
0.4917 0.1140 0.1419 0.2524 
0.1989 0.3445 0.3621 0.0946 
0.0618 0.0004 0.0280 0.9097 
0.1200 0.8094 0.0180 0.0527 
0.9851 0.0105 0.0004 0.0041 
0.0341 0.0286 0.7137 0.2236 
0.1115 0.8300 0.0029 0.0556 
0.8626 0.0357 0.0070 0.0947 
0.3469 0.1754 0.1749 0.3028 
0.4209 0.1112 0.0343 0.4337 
0.3311 0.1315 0.1180 0.4194 
0.3212 0.1888 0.1105 0.3794 
0.2459 0.2460 0.2521 0.2560 
0.2733 0.2345 0.2379 0.2542 
0.2606 0.2674 0.2325 0.2395 

MOTIF filter23 
letter-probability matrix: alength= 4 w= 19 nsites= 19 
0.2471 0.1555 0.4482 0.1492 
0.2285 0.0274 0.5073 0.2368 
0.3152 0.0380 0.6088 0.0380 
0.0700 0.0516 0.8517 0.0268 
0.0284 0.1021 0.7984 0.0710 
0.3336 0.3834 0.0602 0.2229 
0.0467 0.0102 0.9289 0.0141 
0.0224 0.0018 0.9337 0.0421 
0.3674 0.0039 0.5780 0.0507 
0.3336 0.1119 0.5392 0.0153 
0.2298 0.3237 0.2697 0.1769 
0.2563 0.2282 0.2755 0.2401 
0.2151 0.2308 0.3143 0.2399 
0.2651 0.2396 0.2567 0.2386 
0.2488 0.2829 0.2367 0.2316 
0.2337 0.2651 0.2549 0.2463 
0.2662 0.2428 0.2618 0.2292 
0.2649 0.2346 0.2388 0.2617 
0.2351 0.2257 0.2667 0.2725 

MOTIF filter24 
letter-probability matrix: alength= 4 w= 19 nsites= 19 
0.2215 0.2581 0.2438 0.2766 
0.2436 0.2423 0.2311 0.2830 
0.2673 0.2674 0.2243 0.2410 
0.2533 0.2877 0.2257 0.2334 
0.2155 0.2816 0.2337 0.2692 
0.2229 0.2762 0.2233 0.2776 
0.0475 0.6749 0.1258 0.1517 
0.0019 0.1483 0.0130 0.8368 
0.0000 0.2110 0.6757 0.1134 
1.0000 0.0000 0.0000 0.0000 
0.0000 0.0017 0.0000 0.9983 
0.0000 0.0000 0.0039 0.9961 
0.0000 0.0018 0.9982 0.0000 
0.0000 0.0000 1.0000 0.0000 
0.0484 0.4792 0.0000 0.4724 
0.0056 0.4741 0.1516 0.3687 
0.2221 0.3810 0.2924 0.1044 
0.4158 0.1608 0.3163 0.1071 
0.1707 0.1674 0.2602 0.4018 

MOTIF filter25 
letter-probability matrix: alength= 4 w= 19 nsites= 19 
0.2394 0.2527 0.2385 0.2694 
0.2489 0.2710 0.2138 0.2664 
0.2288 0.2606 0.1655 0.3451 
0.0477 0.0455 0.4696 0.4371 
0.0381 0.9103 0.0035 0.0480 
0.0012 0.1019 0.0000 0.8969 
0.8871 0.1082 0.0036 0.0011 
0.3041 0.0078 0.0109 0.6772 
0.5029 0.0023 0.0000 0.4948 
0.6871 0.0000 0.0022 0.3108 
0.5203 0.0477 0.0057 0.4263 
0.0693 0.0000 0.0000 0.9307 
0.9550 0.0034 0.0000 0.0416 
0.0703 0.0032 0.9194 0.0071 
0.3997 0.3397 0.1966 0.0640 
0.2215 0.2186 0.2245 0.3353 
0.2612 0.3064 0.2400 0.1924 
0.3355 0.1929 0.2046 0.2670 
0.2802 0.2108 0.2624 0.2467 

MOTIF filter26 
letter-probability matrix: alength= 4 w= 19 nsites= 19 
0.2534 0.2519 0.2366 0.2581 
0.2467 0.2465 0.2389 0.2678 
0.2531 0.2364 0.2570 0.2535 
0.2709 0.2434 0.2586 0.2271 
0.2754 0.2326 0.2354 0.2566 
0.2096 0.1987 0.1624 0.4293 
0.0010 0.0025 0.0000 0.9965 
0.0000 0.0000 0.0114 0.9886 
0.1299 0.8276 0.0010 0.0415 
0.0328 0.6888 0.0016 0.2767 
0.2498 0.2247 0.2538 0.2717 
0.2634 0.0036 0.6840 0.0491 
0.0005 0.0133 0.8499 0.1363 
0.9405 0.0348 0.0026 0.0221 
0.9497 0.0190 0.0278 0.0036 
0.4663 0.1577 0.2034 0.1726 
0.2598 0.2609 0.2262 0.2531 
0.2522 0.2685 0.2393 0.2400 
0.2557 0.2544 0.2333 0.2566 

MOTIF filter27 
letter-probability matrix: alength= 4 w= 19 nsites= 19 
0.2244 0.1988 0.1905 0.3863 
0.2249 0.1986 0.3052 0.2713 
0.2272 0.1996 0.2745 0.2987 
0.1491 0.6569 0.0730 0.1210 
0.0180 0.2832 0.0354 0.6633 
0.7331 0.0008 0.0266 0.2395 
0.4046 0.0069 0.0115 0.5770 
0.6140 0.0349 0.0451 0.3060 
0.3249 0.0050 0.0235 0.6467 
0.6293 0.0170 0.0078 0.3459 
0.1804 0.0445 0.0019 0.7732 
0.5980 0.0781 0.2780 0.0459 
0.2345 0.0139 0.6996 0.0519 
0.2937 0.2980 0.1721 0.2363 
0.2407 0.3668 0.1545 0.2380 
0.3546 0.1748 0.2373 0.2333 
0.2316 0.2465 0.2534 0.2685 
0.2533 0.2255 0.2599 0.2613 
0.2384 0.2882 0.2358 0.2376 

MOTIF filter28 
letter-probability matrix: alength= 4 w= 19 nsites= 19 
0.2663 0.2556 0.2161 0.2620 
0.2250 0.2646 0.2816 0.2287 
0.2481 0.2608 0.2333 0.2578 
0.2057 0.2756 0.2275 0.2913 
0.5002 0.1007 0.3980 0.0012 
0.0000 0.0000 0.0000 1.0000 
0.0000 0.0000 0.0142 0.9858 
0.2707 0.0000 0.6805 0.0488 
0.0000 0.9792 0.0000 0.0208 
0.0674 0.0024 0.9277 0.0024 
0.0520 0.7353 0.0000 0.2127 
0.9752 0.0248 0.0000 0.0000 
1.0000 0.0000 0.0000 0.0000 
0.0012 0.3550 0.0806 0.5632 
0.2692 0.2743 0.2288 0.2277 
0.2428 0.1914 0.2626 0.3033 
0.3123 0.1969 0.2025 0.2883 
0.2329 0.2472 0.2567 0.2631 
0.2725 0.2522 0.2455 0.2298 

MOTIF filter29 
letter-probability matrix: alength= 4 w= 19 nsites= 19 
0.2381 0.2358 0.2461 0.2800 
0.2378 0.2417 0.2600 0.2605 
0.2165 0.2203 0.3741 0.1891 
0.4790 0.1402 0.3797 0.0010 
0.0000 0.0000 0.0000 1.0000 
0.0000 0.0000 1.0000 0.0000 
1.0000 0.0000 0.0000 0.0000 
0.0000 0.4543 0.5457 0.0000 
0.0000 0.0000 0.0000 1.0000 
0.0152 0.9848 0.0000 0.0000 
1.0000 0.0000 0.0000 0.0000 
0.0068 0.4273 0.1950 0.3709 
0.1527 0.3825 0.2075 0.2572 
0.2307 0.2368 0.2608 0.2718 
0.2356 0.2519 0.2657 0.2468 
0.2540 0.2152 0.2549 0.2760 
0.1854 0.3006 0.2961 0.2179 
0.2227 0.2566 0.2486 0.2721 
0.2204 0.3147 0.2441 0.2208 

