MEME version 4

ALPHABET= ACGT

Background letter frequencies:
A 0.2500 C 0.2500 G 0.2500 T 0.2500 

MOTIF filter0 
letter-probability matrix: alength= 4 w= 19 nsites= 19 
0.2589 0.2434 0.2327 0.2650 
0.2287 0.2656 0.2275 0.2782 
0.2298 0.2601 0.2290 0.2812 
0.2718 0.2459 0.2401 0.2422 
0.2616 0.2388 0.2313 0.2683 
0.1375 0.2005 0.1693 0.4927 
0.0000 0.0000 0.0000 1.0000 
0.0000 0.0000 0.0000 1.0000 
0.0663 0.9337 0.0000 0.0000 
0.0076 0.7514 0.0000 0.2410 
0.2882 0.1381 0.3233 0.2504 
0.1465 0.0000 0.8535 0.0000 
0.0000 0.0000 0.9313 0.0687 
1.0000 0.0000 0.0000 0.0000 
1.0000 0.0000 0.0000 0.0000 
0.5503 0.1151 0.1810 0.1536 
0.2635 0.2661 0.2034 0.2670 
0.2612 0.2471 0.2349 0.2567 
0.2443 0.2461 0.2137 0.2959 

MOTIF filter1 
letter-probability matrix: alength= 4 w= 19 nsites= 19 
0.2581 0.2613 0.2465 0.2341 
0.2637 0.2344 0.2469 0.2549 
0.1534 0.0677 0.0310 0.7480 
0.0340 0.0749 0.6901 0.2011 
0.3938 0.4080 0.0765 0.1217 
0.0009 0.9991 0.0000 0.0000 
0.0000 0.9942 0.0029 0.0029 
0.8037 0.0032 0.0110 0.1821 
0.0143 0.0000 0.0021 0.9836 
0.9973 0.0018 0.0009 0.0000 
0.0000 0.0011 0.0008 0.9981 
0.9898 0.0009 0.0000 0.0093 
0.1493 0.0119 0.0021 0.8367 
0.0062 0.0045 0.9894 0.0000 
0.0009 0.0022 0.9920 0.0049 
0.1391 0.0834 0.3888 0.3887 
0.2073 0.6742 0.0895 0.0290 
0.7457 0.0282 0.0732 0.1530 
0.2383 0.2710 0.2586 0.2322 

MOTIF filter2 
letter-probability matrix: alength= 4 w= 19 nsites= 19 
0.4324 0.2337 0.3331 0.0008 
0.0000 0.0000 0.0000 1.0000 
0.0000 0.0000 0.9966 0.0034 
1.0000 0.0000 0.0000 0.0000 
0.0000 0.5156 0.4819 0.0025 
0.0000 0.0000 0.0000 1.0000 
0.0000 1.0000 0.0000 0.0000 
1.0000 0.0000 0.0000 0.0000 
0.0186 0.3723 0.2043 0.4048 
0.2214 0.3725 0.1649 0.2411 
0.2587 0.2140 0.2597 0.2676 
0.2632 0.2388 0.2331 0.2649 
0.2631 0.2312 0.2426 0.2630 
0.2419 0.2309 0.2542 0.2730 
0.2442 0.2526 0.2583 0.2449 
0.2357 0.2876 0.2298 0.2469 
0.2736 0.2437 0.2424 0.2403 
0.2512 0.2489 0.2460 0.2538 
0.2744 0.2448 0.2240 0.2568 

MOTIF filter3 
letter-probability matrix: alength= 4 w= 19 nsites= 19 
0.0361 0.2936 0.4109 0.2594 
0.3868 0.4419 0.1555 0.0158 
0.0023 0.1564 0.8252 0.0161 
0.0323 0.0935 0.7818 0.0924 
0.5035 0.2615 0.1385 0.0965 
0.2971 0.0634 0.6344 0.0050 
0.0143 0.1076 0.8629 0.0152 
0.0051 0.1999 0.3855 0.4096 
0.1546 0.0871 0.6699 0.0884 
0.3237 0.4583 0.2070 0.0111 
0.0597 0.2776 0.6592 0.0035 
0.0704 0.1139 0.6416 0.1741 
0.1287 0.2526 0.5327 0.0860 
0.4284 0.2230 0.2840 0.0646 
0.1606 0.3323 0.3028 0.2043 
0.1218 0.2893 0.4822 0.1067 
0.1283 0.2810 0.3648 0.2258 
0.2512 0.3348 0.2680 0.1461 
0.1600 0.2042 0.3633 0.2725 

MOTIF filter4 
letter-probability matrix: alength= 4 w= 19 nsites= 19 
0.2466 0.2565 0.2375 0.2594 
0.2431 0.2410 0.2434 0.2725 
0.1964 0.2070 0.3933 0.2033 
0.4092 0.2461 0.3392 0.0056 
0.0000 0.0000 0.0000 1.0000 
0.0000 0.0000 0.9992 0.0008 
1.0000 0.0000 0.0000 0.0000 
0.0008 0.5321 0.4664 0.0008 
0.0000 0.0000 0.0000 1.0000 
0.0000 1.0000 0.0000 0.0000 
1.0000 0.0000 0.0000 0.0000 
0.0132 0.3746 0.2146 0.3976 
0.2186 0.3683 0.1714 0.2418 
0.2565 0.2376 0.2601 0.2458 
0.2439 0.2560 0.2357 0.2645 
0.2573 0.2587 0.2387 0.2453 
0.2279 0.2325 0.2712 0.2685 
0.2319 0.2547 0.2538 0.2596 
0.2386 0.2876 0.2263 0.2475 

MOTIF filter5 
letter-probability matrix: alength= 4 w= 19 nsites= 19 
0.2385 0.2642 0.2404 0.2570 
0.2493 0.2618 0.2489 0.2400 
0.2445 0.2626 0.2470 0.2459 
0.2413 0.2442 0.2489 0.2656 
0.0963 0.0624 0.3573 0.4840 
0.0364 0.8615 0.0033 0.0988 
0.0007 0.0056 0.0008 0.9928 
0.9985 0.0000 0.0015 0.0000 
0.2534 0.0000 0.0017 0.7450 
0.4701 0.0023 0.0000 0.5276 
0.5739 0.0000 0.0008 0.4253 
0.7213 0.0050 0.0000 0.2737 
0.0008 0.0000 0.0000 0.9992 
0.9944 0.0000 0.0056 0.0000 
0.1010 0.0017 0.8673 0.0301 
0.4815 0.3665 0.0488 0.1031 
0.2366 0.2616 0.2353 0.2665 
0.2368 0.2544 0.2657 0.2431 
0.2416 0.2327 0.2663 0.2595 

MOTIF filter6 
letter-probability matrix: alength= 4 w= 19 nsites= 19 
0.2883 0.2231 0.2614 0.2272 
0.2783 0.2276 0.2695 0.2247 
0.2838 0.2518 0.2283 0.2361 
0.3136 0.5388 0.0376 0.1100 
0.2172 0.2131 0.0385 0.5312 
0.2818 0.1546 0.3327 0.2309 
0.6082 0.0418 0.1039 0.2461 
0.1726 0.2842 0.5138 0.0294 
0.0000 0.0000 0.0000 1.0000 
0.0171 0.9829 0.0000 0.0000 
1.0000 0.0000 0.0000 0.0000 
0.0000 0.0000 0.9522 0.0478 
0.0000 1.0000 0.0000 0.0000 
0.9882 0.0000 0.0000 0.0118 
0.4398 0.1437 0.1154 0.3011 
0.5014 0.0519 0.0023 0.4444 
0.3442 0.0384 0.0213 0.5961 
0.3229 0.1053 0.0415 0.5302 
0.2670 0.2384 0.2458 0.2488 

MOTIF filter7 
letter-probability matrix: alength= 4 w= 19 nsites= 19 
0.2754 0.2474 0.2436 0.2337 
0.2798 0.2136 0.2322 0.2744 
0.2821 0.2539 0.2230 0.2410 
0.2421 0.2725 0.2627 0.2227 
0.2216 0.2653 0.2653 0.2477 
0.1478 0.6858 0.1054 0.0610 
0.9945 0.0000 0.0055 0.0000 
0.9164 0.0213 0.0605 0.0019 
0.4182 0.1523 0.4130 0.0165 
1.0000 0.0000 0.0000 0.0000 
0.0000 0.0000 0.0000 1.0000 
0.0017 0.0018 0.9966 0.0000 
0.0000 0.0000 1.0000 0.0000 
0.1111 0.8079 0.0000 0.0809 
0.1025 0.2353 0.3994 0.2629 
0.0989 0.1245 0.6953 0.0812 
0.1858 0.6780 0.0347 0.1014 
0.2564 0.2368 0.2648 0.2420 
0.2662 0.2254 0.2879 0.2205 

MOTIF filter8 
letter-probability matrix: alength= 4 w= 19 nsites= 19 
0.2438 0.2158 0.2730 0.2674 
0.2698 0.2103 0.2707 0.2491 
0.2562 0.2644 0.2319 0.2476 
0.2425 0.2621 0.2424 0.2529 
0.2385 0.2451 0.2546 0.2618 
0.2755 0.2339 0.2494 0.2411 
0.2501 0.2453 0.2423 0.2624 
0.1742 0.1792 0.1318 0.5147 
0.0000 0.0000 0.0000 1.0000 
0.0000 0.0000 0.0000 1.0000 
0.0186 0.9814 0.0000 0.0000 
0.0000 0.8595 0.0000 0.1405 
0.2532 0.2447 0.2164 0.2857 
0.2495 0.0000 0.7429 0.0076 
0.0000 0.0000 0.9349 0.0651 
0.9968 0.0032 0.0000 0.0000 
1.0000 0.0000 0.0000 0.0000 
0.5434 0.1357 0.1934 0.1274 
0.2654 0.2410 0.2218 0.2717 

MOTIF filter9 
letter-probability matrix: alength= 4 w= 19 nsites= 19 
0.2805 0.2075 0.2543 0.2577 
0.1601 0.2190 0.3714 0.2495 
0.0380 0.4284 0.2708 0.2628 
0.1247 0.6451 0.1390 0.0912 
0.7125 0.0057 0.2421 0.0397 
0.0000 0.9058 0.0168 0.0774 
0.0000 0.0000 0.0000 1.0000 
0.0000 0.0000 0.0000 1.0000 
0.0000 1.0000 0.0000 0.0000 
0.0000 1.0000 0.0000 0.0000 
0.0000 0.0000 0.9457 0.0543 
0.0000 0.1329 0.8373 0.0298 
0.2222 0.2339 0.3037 0.2401 
0.2960 0.1937 0.2911 0.2192 
0.3134 0.2098 0.2188 0.2580 
0.2392 0.2582 0.2590 0.2435 
0.2797 0.2316 0.2509 0.2379 
0.2627 0.2327 0.2239 0.2808 
0.2368 0.2010 0.2888 0.2733 

MOTIF filter10 
letter-probability matrix: alength= 4 w= 19 nsites= 19 
0.2563 0.2601 0.2504 0.2332 
0.2250 0.2537 0.2674 0.2540 
0.2751 0.2587 0.2360 0.2302 
0.2468 0.2556 0.2688 0.2287 
0.2510 0.2480 0.2478 0.2531 
0.2326 0.2574 0.2355 0.2745 
0.4781 0.1242 0.3863 0.0115 
0.0000 0.0000 0.0000 1.0000 
0.0000 0.0000 0.0346 0.9654 
0.2783 0.0000 0.6482 0.0735 
0.0059 0.9158 0.0042 0.0742 
0.1000 0.0043 0.8867 0.0091 
0.0749 0.6932 0.0000 0.2319 
0.9765 0.0235 0.0000 0.0000 
1.0000 0.0000 0.0000 0.0000 
0.0123 0.3555 0.1067 0.5255 
0.2687 0.2579 0.2388 0.2347 
0.2571 0.1975 0.2628 0.2826 
0.2773 0.2152 0.2031 0.3044 

MOTIF filter11 
letter-probability matrix: alength= 4 w= 19 nsites= 19 
0.1851 0.2907 0.3530 0.1712 
0.1607 0.3664 0.2550 0.2180 
0.4226 0.1318 0.2450 0.2005 
0.2953 0.2105 0.3788 0.1154 
0.7418 0.1002 0.1254 0.0326 
0.0056 0.1332 0.0628 0.7984 
0.0209 0.1507 0.3043 0.5241 
0.2076 0.0178 0.7746 0.0000 
0.1720 0.0265 0.7371 0.0644 
0.0063 0.8459 0.0951 0.0528 
0.0000 0.9110 0.0192 0.0698 
0.8604 0.0939 0.0457 0.0000 
0.9592 0.0000 0.0408 0.0000 
0.0152 0.0272 0.0503 0.9073 
0.0500 0.5207 0.2288 0.2005 
0.6097 0.1146 0.1620 0.1137 
0.1155 0.2310 0.5989 0.0546 
0.3010 0.2507 0.1398 0.3084 
0.2468 0.2122 0.2976 0.2434 

MOTIF filter12 
letter-probability matrix: alength= 4 w= 19 nsites= 19 
0.2334 0.2630 0.2745 0.2291 
0.2393 0.2577 0.2505 0.2525 
0.2458 0.2480 0.3069 0.1994 
0.2292 0.2631 0.2476 0.2602 
0.3424 0.2128 0.2333 0.2115 
0.2410 0.2363 0.3028 0.2199 
0.2104 0.2680 0.2496 0.2721 
0.2347 0.2091 0.2646 0.2916 
0.2623 0.2661 0.2197 0.2520 
0.0043 0.8491 0.1466 0.0000 
0.0281 0.9719 0.0000 0.0000 
0.0000 0.0000 1.0000 0.0000 
0.0000 0.0000 1.0000 0.0000 
1.0000 0.0000 0.0000 0.0000 
1.0000 0.0000 0.0000 0.0000 
0.0737 0.0138 0.9125 0.0000 
0.0177 0.3167 0.0052 0.6604 
0.1898 0.0818 0.6532 0.0752 
0.1876 0.3197 0.4479 0.0447 

MOTIF filter13 
letter-probability matrix: alength= 4 w= 19 nsites= 19 
0.2448 0.2601 0.2473 0.2478 
0.2093 0.1833 0.1467 0.4607 
0.1470 0.1827 0.4330 0.2372 
0.2001 0.1882 0.2508 0.3608 
0.0043 0.9693 0.0006 0.0258 
0.0000 0.4191 0.0000 0.5809 
0.9861 0.0000 0.0000 0.0139 
0.1409 0.0000 0.0000 0.8591 
0.7018 0.0000 0.0000 0.2982 
0.3185 0.0006 0.0000 0.6809 
0.8539 0.0000 0.0000 0.1461 
0.0097 0.0000 0.0000 0.9903 
0.5849 0.0012 0.4139 0.0000 
0.0369 0.0000 0.9520 0.0112 
0.3622 0.2382 0.1705 0.2290 
0.2207 0.4523 0.1674 0.1596 
0.4587 0.1604 0.1800 0.2010 
0.2500 0.2501 0.2491 0.2508 
0.2555 0.2497 0.2504 0.2444 

MOTIF filter14 
letter-probability matrix: alength= 4 w= 19 nsites= 19 
0.0709 0.0488 0.6935 0.1868 
0.0788 0.7114 0.1038 0.1060 
0.2490 0.4024 0.2657 0.0828 
0.0778 0.0039 0.8171 0.1012 
0.0000 1.0000 0.0000 0.0000 
0.0000 1.0000 0.0000 0.0000 
1.0000 0.0000 0.0000 0.0000 
0.0000 0.0000 0.0000 1.0000 
0.0000 0.4937 0.1340 0.3722 
0.0000 0.0201 0.0055 0.9743 
0.0000 0.0114 0.0000 0.9886 
0.0903 0.0971 0.6503 0.1623 
0.2620 0.2430 0.2350 0.2599 
0.2109 0.2694 0.2679 0.2519 
0.1941 0.2688 0.2638 0.2732 
0.2899 0.2077 0.2275 0.2750 
0.2821 0.2736 0.2080 0.2363 
0.2335 0.2571 0.2703 0.2392 
0.2864 0.2320 0.2313 0.2504 

MOTIF filter15 
letter-probability matrix: alength= 4 w= 19 nsites= 19 
0.1912 0.2472 0.2471 0.3146 
0.1434 0.1760 0.1613 0.5192 
0.1445 0.1434 0.1936 0.5186 
0.1993 0.4905 0.1386 0.1716 
0.0064 0.8809 0.1016 0.0111 
0.1121 0.8149 0.0499 0.0232 
0.0226 0.0000 0.9762 0.0012 
0.0000 0.0071 0.9918 0.0011 
1.0000 0.0000 0.0000 0.0000 
1.0000 0.0000 0.0000 0.0000 
0.2218 0.0658 0.6955 0.0168 
0.0913 0.2779 0.0423 0.5885 
0.1886 0.1597 0.4897 0.1620 
0.2540 0.2843 0.3572 0.1045 
0.2357 0.3132 0.2100 0.2411 
0.2507 0.2347 0.2498 0.2648 
0.2775 0.2509 0.2441 0.2275 
0.2533 0.2217 0.2170 0.3081 
0.2795 0.2470 0.2505 0.2229 

MOTIF filter16 
letter-probability matrix: alength= 4 w= 19 nsites= 19 
0.5493 0.0145 0.1245 0.3117 
0.5726 0.0206 0.0452 0.3616 
0.4853 0.0084 0.0447 0.4616 
0.2740 0.1859 0.1189 0.4213 
0.0107 0.0000 0.0000 0.9893 
0.0000 0.0000 1.0000 0.0000 
0.0449 0.9551 0.0000 0.0000 
0.0000 0.0000 0.0000 1.0000 
0.0000 0.0000 0.9836 0.0164 
1.0000 0.0000 0.0000 0.0000 
0.0637 0.5187 0.2364 0.1813 
0.1799 0.1247 0.0672 0.6281 
0.1739 0.3599 0.1657 0.3004 
0.5021 0.0503 0.2099 0.2378 
0.1148 0.0753 0.5175 0.2924 
0.2556 0.2555 0.2657 0.2233 
0.2469 0.2410 0.2582 0.2539 
0.2062 0.2693 0.2650 0.2595 
0.2563 0.2613 0.2719 0.2106 

MOTIF filter17 
letter-probability matrix: alength= 4 w= 19 nsites= 19 
0.1945 0.3391 0.2079 0.2585 
0.2038 0.3216 0.2939 0.1808 
0.3596 0.2217 0.3338 0.0849 
0.3441 0.2769 0.2802 0.0988 
0.0000 0.6468 0.0000 0.3532 
0.0000 0.6984 0.3016 0.0000 
1.0000 0.0000 0.0000 0.0000 
0.5595 0.0060 0.0054 0.4292 
0.0000 0.0000 0.0000 1.0000 
0.0000 0.4446 0.5554 0.0000 
0.4227 0.0000 0.5773 0.0000 
0.1184 0.2766 0.3741 0.2309 
0.1331 0.3162 0.2380 0.3127 
0.2297 0.3271 0.2944 0.1488 
0.2697 0.2075 0.3083 0.2145 
0.1669 0.2269 0.2598 0.3465 
0.2496 0.1978 0.2155 0.3371 
0.1369 0.2567 0.2243 0.3821 
0.2484 0.2426 0.2725 0.2366 

MOTIF filter18 
letter-probability matrix: alength= 4 w= 19 nsites= 19 
0.2570 0.3180 0.2028 0.2222 
0.2462 0.2659 0.2704 0.2176 
0.2113 0.3267 0.2466 0.2154 
0.2838 0.2345 0.2379 0.2438 
0.4661 0.1598 0.3560 0.0181 
0.0007 0.0047 0.0039 0.9907 
0.0156 0.0000 0.0479 0.9365 
0.2760 0.0833 0.5290 0.1118 
0.0000 0.9170 0.0117 0.0713 
0.1114 0.0000 0.8886 0.0000 
0.1168 0.7104 0.0158 0.1570 
0.9151 0.0197 0.0192 0.0460 
0.9531 0.0090 0.0234 0.0145 
0.0285 0.3802 0.0966 0.4948 
0.2647 0.2213 0.2207 0.2932 
0.2423 0.1831 0.2804 0.2942 
0.2685 0.2259 0.2095 0.2960 
0.2077 0.2190 0.3031 0.2701 
0.2687 0.2002 0.2870 0.2441 

MOTIF filter19 
letter-probability matrix: alength= 4 w= 19 nsites= 19 
0.2880 0.2454 0.2232 0.2434 
0.2278 0.2556 0.2408 0.2759 
0.2369 0.2354 0.2611 0.2665 
0.2719 0.2413 0.2298 0.2571 
0.2724 0.2866 0.2014 0.2396 
0.2283 0.2723 0.2670 0.2324 
0.2645 0.2352 0.2151 0.2852 
0.0000 0.7862 0.1040 0.1098 
0.0000 0.1721 0.0070 0.8209 
0.0153 0.2377 0.6686 0.0783 
1.0000 0.0000 0.0000 0.0000 
0.0000 0.0000 0.0000 1.0000 
0.0000 0.0000 0.0000 1.0000 
0.0000 0.0000 1.0000 0.0000 
0.0000 0.0000 1.0000 0.0000 
0.0547 0.4284 0.0000 0.5169 
0.0106 0.4448 0.1657 0.3789 
0.1925 0.4034 0.2962 0.1079 
0.3959 0.1903 0.3002 0.1136 

MOTIF filter20 
letter-probability matrix: alength= 4 w= 19 nsites= 19 
0.1479 0.5460 0.1642 0.1419 
0.2985 0.3485 0.2208 0.1322 
0.1249 0.0890 0.6860 0.1001 
0.0214 0.9462 0.0142 0.0182 
0.3989 0.5998 0.0014 0.0000 
0.9961 0.0013 0.0013 0.0013 
0.1437 0.0366 0.1802 0.6394 
0.3649 0.3427 0.0452 0.2473 
0.0014 0.0000 0.0000 0.9986 
0.0000 0.0000 0.3453 0.6547 
0.0000 0.0661 0.8916 0.0424 
0.1935 0.5326 0.1237 0.1501 
0.1934 0.2153 0.3245 0.2668 
0.1054 0.1719 0.5563 0.1664 
0.2902 0.4213 0.1475 0.1411 
0.2271 0.2688 0.2629 0.2412 
0.2388 0.2371 0.2607 0.2634 
0.2522 0.3106 0.2445 0.1928 
0.2862 0.2521 0.2182 0.2435 

MOTIF filter21 
letter-probability matrix: alength= 4 w= 19 nsites= 19 
0.2599 0.2312 0.2640 0.2450 
0.2250 0.2567 0.2750 0.2434 
0.2627 0.2636 0.2520 0.2217 
0.2629 0.2502 0.2483 0.2386 
0.2448 0.2346 0.2745 0.2461 
0.2932 0.2352 0.2253 0.2462 
0.2535 0.2696 0.2299 0.2471 
0.4561 0.2063 0.2232 0.1144 
0.2531 0.3205 0.2892 0.1372 
0.0000 1.0000 0.0000 0.0000 
1.0000 0.0000 0.0000 0.0000 
0.0000 1.0000 0.0000 0.0000 
0.0000 0.0000 1.0000 0.0000 
0.0000 0.0009 0.0000 0.9991 
0.0000 0.0000 1.0000 0.0000 
0.1570 0.2971 0.3191 0.2268 
0.1388 0.2649 0.1692 0.4270 
0.2677 0.2217 0.2555 0.2551 
0.2386 0.2680 0.2577 0.2357 

MOTIF filter22 
letter-probability matrix: alength= 4 w= 19 nsites= 19 
0.2606 0.2306 0.3144 0.1944 
0.2882 0.2344 0.2495 0.2279 
0.2697 0.2561 0.2086 0.2656 
0.2221 0.2397 0.2450 0.2932 
0.2787 0.2503 0.1861 0.2850 
0.2716 0.2008 0.2536 0.2740 
0.2778 0.2272 0.2200 0.2750 
0.2712 0.0591 0.6027 0.0670 
0.0993 0.0000 0.8017 0.0991 
0.1862 0.0000 0.8138 0.0000 
0.0000 0.0000 1.0000 0.0000 
0.0000 0.0000 1.0000 0.0000 
0.3219 0.5367 0.0000 0.1414 
0.0000 0.0000 1.0000 0.0000 
0.0000 0.0000 1.0000 0.0000 
0.1739 0.0000 0.8241 0.0019 
0.2013 0.0494 0.7493 0.0000 
0.1697 0.5313 0.2034 0.0956 
0.2644 0.2411 0.2710 0.2235 

MOTIF filter23 
letter-probability matrix: alength= 4 w= 19 nsites= 19 
0.3800 0.2512 0.1655 0.2034 
0.3880 0.2462 0.1457 0.2201 
0.0658 0.2111 0.0558 0.6674 
0.0328 0.2095 0.5751 0.1826 
0.4685 0.3246 0.2056 0.0013 
0.3043 0.4944 0.1853 0.0160 
0.0000 1.0000 0.0000 0.0000 
0.4484 0.5186 0.0000 0.0330 
0.5163 0.0000 0.0000 0.4837 
1.0000 0.0000 0.0000 0.0000 
0.0000 0.0000 0.0000 1.0000 
0.5473 0.3894 0.0573 0.0059 
0.5763 0.0013 0.0721 0.3503 
0.0158 0.0343 0.9500 0.0000 
0.0831 0.1469 0.6665 0.1034 
0.1869 0.1077 0.2769 0.4284 
0.2038 0.5220 0.1315 0.1427 
0.5054 0.1599 0.1512 0.1834 
0.2635 0.2626 0.2479 0.2260 

MOTIF filter24 
letter-probability matrix: alength= 4 w= 19 nsites= 19 
0.2318 0.3109 0.2301 0.2272 
0.2684 0.2080 0.2782 0.2454 
0.2763 0.2483 0.2488 0.2266 
0.2739 0.2617 0.2588 0.2057 
0.0783 0.2133 0.5213 0.1872 
0.0000 0.6954 0.0510 0.2536 
0.0019 0.7877 0.0000 0.2104 
0.0000 1.0000 0.0000 0.0000 
0.0000 1.0000 0.0000 0.0000 
0.1612 0.0000 0.5189 0.3199 
0.0000 1.0000 0.0000 0.0000 
0.0000 1.0000 0.0000 0.0000 
0.0000 0.7634 0.0000 0.2366 
0.0828 0.7777 0.0000 0.1395 
0.0568 0.5876 0.0816 0.2739 
0.2629 0.2680 0.2464 0.2227 
0.2529 0.2340 0.2717 0.2414 
0.2519 0.2785 0.2371 0.2325 
0.2279 0.3092 0.2311 0.2317 

MOTIF filter25 
letter-probability matrix: alength= 4 w= 19 nsites= 19 
0.2391 0.2576 0.2564 0.2468 
0.2531 0.2533 0.2384 0.2552 
0.2502 0.2384 0.2667 0.2447 
0.3197 0.2017 0.2265 0.2521 
0.2693 0.2741 0.2335 0.2231 
0.4363 0.1908 0.2322 0.1407 
0.2650 0.3073 0.2872 0.1405 
0.0000 1.0000 0.0000 0.0000 
0.9993 0.0000 0.0007 0.0000 
0.0000 0.9718 0.0000 0.0282 
0.0284 0.0000 0.9716 0.0000 
0.0000 0.0000 0.0000 1.0000 
0.0000 0.0000 1.0000 0.0000 
0.1524 0.3106 0.3165 0.2204 
0.1479 0.2515 0.1712 0.4294 
0.2585 0.2265 0.2717 0.2433 
0.2325 0.2575 0.2582 0.2518 
0.2757 0.2315 0.2379 0.2549 
0.2623 0.2745 0.2152 0.2481 

MOTIF filter26 
letter-probability matrix: alength= 4 w= 19 nsites= 19 
0.0212 0.0000 0.0202 0.9586 
0.0000 0.0000 0.0221 0.9779 
0.1814 0.0000 0.7559 0.0627 
0.1153 0.8408 0.0000 0.0439 
0.0565 0.0544 0.8891 0.0000 
0.0335 0.5244 0.0000 0.4421 
0.8091 0.1909 0.0000 0.0000 
1.0000 0.0000 0.0000 0.0000 
0.0097 0.3279 0.1428 0.5196 
0.2691 0.2856 0.2852 0.1601 
0.2644 0.2111 0.2472 0.2773 
0.2686 0.2188 0.2439 0.2687 
0.2928 0.2490 0.2088 0.2494 
0.2146 0.3038 0.2206 0.2610 
0.2585 0.2899 0.2491 0.2025 
0.2642 0.2132 0.2541 0.2685 
0.2568 0.2114 0.2519 0.2800 
0.2828 0.3021 0.1945 0.2206 
0.2220 0.2021 0.2991 0.2768 

MOTIF filter27 
letter-probability matrix: alength= 4 w= 19 nsites= 19 
0.2420 0.2361 0.2569 0.2650 
0.2444 0.2362 0.2457 0.2737 
0.2904 0.2411 0.2254 0.2431 
0.2755 0.2438 0.2639 0.2168 
0.2856 0.2260 0.2638 0.2246 
0.2395 0.2428 0.2402 0.2774 
0.2617 0.2650 0.2398 0.2335 
0.2780 0.1998 0.2337 0.2885 
0.6861 0.0000 0.0000 0.3139 
0.0000 0.0000 0.0000 1.0000 
0.0034 0.0427 0.0000 0.9538 
0.8593 0.0000 0.1407 0.0000 
1.0000 0.0000 0.0000 0.0000 
0.3189 0.0000 0.0000 0.6811 
0.2739 0.2255 0.2410 0.2596 
0.2612 0.2085 0.3241 0.2063 
0.2715 0.2340 0.2407 0.2537 
0.2144 0.2332 0.2952 0.2573 
0.2397 0.2613 0.2601 0.2389 

MOTIF filter28 
letter-probability matrix: alength= 4 w= 19 nsites= 19 
1.0000 0.0000 0.0000 0.0000 
0.1725 0.0644 0.1914 0.5717 
1.0000 0.0000 0.0000 0.0000 
0.0320 0.0000 0.0000 0.9680 
0.0000 0.0000 1.0000 0.0000 
0.0000 0.0000 1.0000 0.0000 
0.0952 0.4153 0.2202 0.2694 
0.1588 0.4860 0.2107 0.1445 
0.4923 0.0776 0.3519 0.0781 
0.2126 0.4473 0.1361 0.2039 
0.2401 0.2125 0.2878 0.2596 
0.2240 0.2110 0.2750 0.2900 
0.2375 0.2732 0.2689 0.2203 
0.2392 0.2395 0.2589 0.2624 
0.2187 0.2785 0.2789 0.2239 
0.2553 0.2770 0.2349 0.2328 
0.2352 0.2330 0.2409 0.2910 
0.2852 0.2305 0.2069 0.2774 
0.2317 0.2548 0.2638 0.2497 

MOTIF filter29 
letter-probability matrix: alength= 4 w= 19 nsites= 19 
0.2787 0.2159 0.2377 0.2677 
0.1655 0.2205 0.3632 0.2508 
0.0255 0.4416 0.2796 0.2533 
0.0723 0.6417 0.1418 0.1442 
0.7042 0.0228 0.2296 0.0434 
0.0000 0.9041 0.0271 0.0688 
0.0000 0.0000 0.0000 1.0000 
0.0000 0.0000 0.0000 1.0000 
0.0000 1.0000 0.0000 0.0000 
0.0000 1.0000 0.0000 0.0000 
0.0000 0.0000 0.9747 0.0253 
0.0000 0.1660 0.8197 0.0142 
0.2531 0.2738 0.2681 0.2049 
0.3135 0.2260 0.2445 0.2160 
0.2887 0.2058 0.2520 0.2535 
0.2561 0.2550 0.2367 0.2521 
0.2754 0.2253 0.2624 0.2368 
0.3053 0.2460 0.2168 0.2319 
0.1852 0.2178 0.3078 0.2892 

