MEME version 4

ALPHABET= ACGT

Background letter frequencies:
A 0.2500 C 0.2500 G 0.2500 T 0.2500 

MOTIF filter0 
letter-probability matrix: alength= 4 w= 19 nsites= 19 
0.2537 0.2479 0.2236 0.2748 
0.1978 0.2408 0.3011 0.2603 
0.2330 0.2888 0.2533 0.2250 
0.1917 0.2751 0.2973 0.2359 
0.2031 0.3704 0.2273 0.1992 
0.3016 0.2349 0.2157 0.2477 
0.2141 0.0702 0.2877 0.4281 
0.1042 0.4887 0.1126 0.2946 
0.0204 0.4370 0.1469 0.3957 
0.3756 0.4279 0.0088 0.1878 
0.0928 0.5383 0.0872 0.2817 
0.1443 0.2401 0.3497 0.2658 
0.0569 0.0497 0.6682 0.2252 
0.2695 0.1084 0.3216 0.3004 
0.2183 0.2790 0.2690 0.2336 
0.3510 0.2055 0.2284 0.2150 
0.2564 0.1800 0.3326 0.2310 
0.2667 0.2621 0.2444 0.2268 
0.2470 0.2275 0.2692 0.2562 

MOTIF filter1 
letter-probability matrix: alength= 4 w= 19 nsites= 19 
0.2484 0.2178 0.3132 0.2206 
0.2444 0.2655 0.2276 0.2625 
0.2031 0.2706 0.2447 0.2817 
0.2564 0.2617 0.2328 0.2490 
0.1434 0.4149 0.2679 0.1739 
0.2568 0.0910 0.4502 0.2020 
0.1256 0.5695 0.1173 0.1876 
0.3768 0.0284 0.5836 0.0112 
0.0653 0.2062 0.3441 0.3844 
0.3733 0.0136 0.1414 0.4717 
0.2914 0.1175 0.2343 0.3569 
0.1933 0.4094 0.0075 0.3899 
0.2376 0.2650 0.2785 0.2190 
0.2423 0.3092 0.2114 0.2371 
0.2962 0.1940 0.2778 0.2320 
0.2619 0.2347 0.2449 0.2585 
0.2368 0.2821 0.2274 0.2537 
0.2565 0.2387 0.2427 0.2621 
0.2581 0.2323 0.2680 0.2416 

MOTIF filter2 
letter-probability matrix: alength= 4 w= 19 nsites= 19 
0.2723 0.2361 0.2489 0.2427 
0.2637 0.2572 0.2381 0.2410 
0.2208 0.2399 0.2295 0.3098 
0.2265 0.2564 0.2535 0.2636 
0.3517 0.3296 0.2873 0.0314 
0.1312 0.4399 0.1061 0.3227 
0.0087 0.7020 0.0991 0.1903 
0.3256 0.0649 0.4712 0.1382 
0.0187 0.3397 0.3763 0.2653 
0.3854 0.1612 0.3302 0.1233 
0.2420 0.2386 0.1028 0.4166 
0.4102 0.2102 0.3694 0.0102 
0.4715 0.0998 0.3217 0.1071 
0.1303 0.2684 0.2766 0.3248 
0.2462 0.2046 0.2909 0.2583 
0.2275 0.2490 0.2662 0.2573 
0.2245 0.3004 0.2413 0.2339 
0.2900 0.2302 0.2349 0.2448 
0.2674 0.2259 0.2542 0.2525 

MOTIF filter3 
letter-probability matrix: alength= 4 w= 19 nsites= 19 
0.2337 0.2526 0.2716 0.2421 
0.2388 0.2167 0.2644 0.2802 
0.2502 0.2477 0.2678 0.2343 
0.2248 0.2137 0.2825 0.2791 
0.2312 0.3064 0.2843 0.1782 
0.2598 0.2792 0.2461 0.2149 
0.1810 0.4015 0.2708 0.1467 
0.2404 0.1986 0.1715 0.3895 
0.2438 0.1617 0.4138 0.1807 
0.2465 0.1664 0.3616 0.2255 
0.0169 0.9320 0.0328 0.0183 
0.1892 0.1849 0.5235 0.1024 
0.0492 0.9254 0.0159 0.0095 
0.5859 0.2065 0.1583 0.0493 
0.3108 0.2287 0.1881 0.2724 
0.1954 0.2293 0.3869 0.1884 
0.1781 0.2897 0.2911 0.2411 
0.2195 0.2465 0.3765 0.1574 
0.2599 0.2806 0.2416 0.2179 

MOTIF filter4 
letter-probability matrix: alength= 4 w= 19 nsites= 19 
0.2444 0.2462 0.2488 0.2606 
0.2530 0.2568 0.2412 0.2490 
0.2498 0.2426 0.2563 0.2513 
0.2527 0.2647 0.2527 0.2298 
0.2699 0.2262 0.2628 0.2411 
0.2658 0.2536 0.2437 0.2369 
0.2906 0.2213 0.2427 0.2454 
0.2707 0.1913 0.2771 0.2609 
0.1895 0.2821 0.2408 0.2876 
0.3783 0.2003 0.3876 0.0337 
0.0485 0.3832 0.0078 0.5606 
0.2757 0.1403 0.4532 0.1307 
0.3792 0.2163 0.2636 0.1409 
0.3260 0.1251 0.4658 0.0831 
0.0097 0.2505 0.3800 0.3598 
0.2206 0.2525 0.2584 0.2685 
0.2659 0.2523 0.2490 0.2328 
0.2400 0.2455 0.2585 0.2560 
0.2349 0.2532 0.2483 0.2636 

MOTIF filter5 
letter-probability matrix: alength= 4 w= 19 nsites= 19 
0.2656 0.2757 0.2182 0.2405 
0.2558 0.2163 0.2480 0.2799 
0.2650 0.2596 0.2360 0.2394 
0.2686 0.1998 0.2501 0.2815 
0.2282 0.2291 0.3056 0.2371 
0.1687 0.3786 0.1645 0.2882 
0.1420 0.3680 0.2768 0.2132 
0.5172 0.1502 0.2011 0.1315 
0.1108 0.0150 0.4177 0.4565 
0.2993 0.4619 0.0165 0.2224 
0.3435 0.0058 0.0171 0.6336 
0.5063 0.1340 0.0594 0.3003 
0.4016 0.1075 0.0611 0.4298 
0.4319 0.1532 0.0952 0.3197 
0.2315 0.1659 0.1812 0.4214 
0.3771 0.2574 0.1793 0.1862 
0.2381 0.2470 0.2437 0.2713 
0.2985 0.2866 0.2103 0.2047 
0.2682 0.2428 0.2905 0.1985 

MOTIF filter6 
letter-probability matrix: alength= 4 w= 19 nsites= 19 
0.2523 0.2577 0.2572 0.2327 
0.2444 0.2537 0.2514 0.2506 
0.2444 0.2575 0.2280 0.2701 
0.2511 0.2311 0.2568 0.2610 
0.2503 0.2711 0.2321 0.2465 
0.2621 0.2641 0.2227 0.2511 
0.2955 0.2054 0.2379 0.2612 
0.2210 0.2514 0.1822 0.3454 
0.2069 0.3250 0.1596 0.3085 
0.0747 0.6881 0.1974 0.0398 
0.0149 0.3437 0.0061 0.6353 
0.1199 0.0059 0.8303 0.0439 
0.1117 0.4211 0.2990 0.1682 
0.6073 0.2129 0.0447 0.1351 
0.3971 0.1763 0.2478 0.1787 
0.3277 0.1993 0.3440 0.1290 
0.1778 0.3108 0.1652 0.3462 
0.2461 0.2413 0.2829 0.2298 
0.2188 0.2445 0.3100 0.2267 

MOTIF filter7 
letter-probability matrix: alength= 4 w= 19 nsites= 19 
0.2562 0.2363 0.2737 0.2339 
0.2486 0.2520 0.2289 0.2705 
0.2760 0.2527 0.2337 0.2376 
0.2922 0.2755 0.2044 0.2278 
0.2751 0.2265 0.2699 0.2285 
0.2590 0.2045 0.2497 0.2868 
0.2764 0.1748 0.2576 0.2912 
0.4123 0.1976 0.3741 0.0160 
0.2396 0.1504 0.3502 0.2598 
0.2585 0.1833 0.5416 0.0166 
0.0114 0.3532 0.3660 0.2694 
0.1179 0.3185 0.2852 0.2784 
0.0071 0.1945 0.6758 0.1226 
0.3945 0.2058 0.1784 0.2213 
0.2866 0.2330 0.2234 0.2570 
0.2565 0.2514 0.2685 0.2236 
0.2659 0.2496 0.2234 0.2611 
0.2559 0.2478 0.2523 0.2440 
0.2293 0.2662 0.2594 0.2451 

MOTIF filter8 
letter-probability matrix: alength= 4 w= 19 nsites= 19 
0.2421 0.2529 0.2436 0.2614 
0.2636 0.2506 0.2491 0.2366 
0.2540 0.2719 0.2433 0.2309 
0.2665 0.2400 0.2551 0.2384 
0.2421 0.2714 0.2176 0.2689 
0.2696 0.2208 0.2262 0.2834 
0.2848 0.2151 0.2572 0.2429 
0.2706 0.2968 0.2345 0.1980 
0.1227 0.5177 0.0330 0.3266 
0.2563 0.2104 0.1690 0.3642 
0.3978 0.1925 0.3992 0.0105 
0.0158 0.1919 0.4979 0.2945 
0.2408 0.2905 0.1356 0.3331 
0.3676 0.0699 0.3693 0.1931 
0.0965 0.1803 0.6194 0.1037 
0.2899 0.4482 0.0240 0.2379 
0.3382 0.1886 0.2788 0.1943 
0.2478 0.2185 0.3001 0.2336 
0.2364 0.2898 0.2370 0.2367 

MOTIF filter9 
letter-probability matrix: alength= 4 w= 19 nsites= 19 
0.2366 0.2294 0.2582 0.2759 
0.2629 0.2537 0.2388 0.2446 
0.2365 0.2079 0.2669 0.2887 
0.2244 0.2208 0.2897 0.2651 
0.2398 0.2435 0.2515 0.2653 
0.2271 0.2736 0.2588 0.2405 
0.2468 0.2735 0.2437 0.2360 
0.2774 0.2189 0.3000 0.2036 
0.1447 0.3623 0.2922 0.2007 
0.8153 0.1520 0.0055 0.0272 
0.2797 0.3175 0.1758 0.2270 
0.1053 0.0215 0.7454 0.1279 
0.3582 0.0183 0.0256 0.5979 
0.2376 0.0494 0.4069 0.3061 
0.0877 0.2439 0.5915 0.0770 
0.0925 0.4519 0.0904 0.3653 
0.3533 0.2867 0.1731 0.1869 
0.2750 0.2262 0.2766 0.2221 
0.2296 0.2627 0.2661 0.2417 

MOTIF filter10 
letter-probability matrix: alength= 4 w= 19 nsites= 19 
0.2374 0.2612 0.2335 0.2679 
0.2305 0.2813 0.2402 0.2479 
0.2291 0.2969 0.2750 0.1989 
0.1888 0.3580 0.2247 0.2285 
0.2216 0.3429 0.2039 0.2316 
0.3607 0.2253 0.1593 0.2547 
0.2087 0.2447 0.1634 0.3832 
0.0260 0.4950 0.2143 0.2646 
0.0208 0.2254 0.2605 0.4933 
0.0072 0.3942 0.4993 0.0993 
0.1309 0.6812 0.0339 0.1540 
0.0363 0.1530 0.4095 0.4012 
0.1066 0.2519 0.3627 0.2787 
0.2681 0.2195 0.3414 0.1710 
0.1620 0.3048 0.2719 0.2613 
0.2208 0.2874 0.1428 0.3490 
0.0956 0.3465 0.2153 0.3426 
0.2754 0.2645 0.2597 0.2005 
0.3085 0.2181 0.2664 0.2070 

MOTIF filter11 
letter-probability matrix: alength= 4 w= 19 nsites= 19 
0.2509 0.2607 0.2613 0.2270 
0.2418 0.2607 0.2623 0.2353 
0.2678 0.2307 0.2654 0.2361 
0.2166 0.2085 0.2954 0.2795 
0.2206 0.2523 0.2498 0.2774 
0.1970 0.2344 0.2946 0.2740 
0.2150 0.1167 0.3553 0.3130 
0.2835 0.3509 0.2295 0.1361 
0.1189 0.1625 0.2233 0.4953 
0.5001 0.0791 0.3832 0.0377 
0.0958 0.0451 0.2820 0.5771 
0.0297 0.1260 0.7021 0.1422 
0.5350 0.2430 0.0081 0.2139 
0.2907 0.1408 0.1765 0.3920 
0.2214 0.0760 0.3036 0.3989 
0.3000 0.2208 0.3275 0.1518 
0.2890 0.1916 0.4037 0.1157 
0.2202 0.2923 0.2214 0.2661 
0.2901 0.2079 0.2429 0.2591 

MOTIF filter12 
letter-probability matrix: alength= 4 w= 19 nsites= 19 
0.2285 0.2799 0.2323 0.2593 
0.2425 0.2200 0.3088 0.2287 
0.2001 0.2431 0.2892 0.2676 
0.1892 0.3480 0.2002 0.2626 
0.3732 0.2060 0.1781 0.2426 
0.3895 0.1853 0.2479 0.1773 
0.4394 0.2893 0.1181 0.1531 
0.4029 0.0941 0.2876 0.2155 
0.0929 0.0829 0.0927 0.7315 
0.4835 0.2471 0.2526 0.0168 
0.1265 0.6170 0.0103 0.2462 
0.0063 0.0553 0.7217 0.2167 
0.0106 0.2992 0.3403 0.3500 
0.3386 0.2658 0.1003 0.2953 
0.3215 0.2780 0.1578 0.2427 
0.2346 0.1483 0.2918 0.3252 
0.3192 0.2588 0.1284 0.2936 
0.2828 0.1437 0.2852 0.2884 
0.2131 0.1868 0.3922 0.2079 

MOTIF filter13 
letter-probability matrix: alength= 4 w= 19 nsites= 19 
0.2482 0.2587 0.2338 0.2594 
0.2386 0.2469 0.2472 0.2673 
0.2229 0.2513 0.2851 0.2407 
0.2120 0.2713 0.2550 0.2616 
0.2808 0.2643 0.1858 0.2691 
0.2995 0.1522 0.2850 0.2632 
0.2252 0.2724 0.2234 0.2790 
0.1631 0.3094 0.1808 0.3467 
0.4208 0.0890 0.0813 0.4089 
0.0270 0.5497 0.1555 0.2678 
0.4817 0.3092 0.2006 0.0085 
0.0663 0.0439 0.3689 0.5209 
0.1033 0.4696 0.4201 0.0070 
0.4026 0.2066 0.2830 0.1078 
0.1250 0.3175 0.2841 0.2734 
0.2957 0.2761 0.2235 0.2047 
0.2475 0.2841 0.2336 0.2348 
0.2985 0.2107 0.2485 0.2423 
0.2024 0.2168 0.3367 0.2440 

MOTIF filter14 
letter-probability matrix: alength= 4 w= 19 nsites= 19 
0.2331 0.2681 0.2505 0.2483 
0.2334 0.2601 0.2350 0.2714 
0.2716 0.2434 0.2367 0.2484 
0.2786 0.2242 0.2608 0.2364 
0.2409 0.2569 0.2366 0.2656 
0.2180 0.2478 0.2780 0.2563 
0.3751 0.1621 0.2938 0.1691 
0.1693 0.4057 0.3017 0.1234 
0.0425 0.2267 0.6007 0.1301 
0.2799 0.1073 0.1742 0.4387 
0.1817 0.6004 0.0081 0.2099 
0.4715 0.1127 0.3700 0.0458 
0.1039 0.1966 0.3996 0.2999 
0.2504 0.2394 0.2572 0.2529 
0.2381 0.2362 0.2796 0.2461 
0.2245 0.2652 0.2651 0.2452 
0.2534 0.2527 0.2658 0.2280 
0.2108 0.2380 0.2720 0.2791 
0.2324 0.2650 0.2427 0.2598 

MOTIF filter15 
letter-probability matrix: alength= 4 w= 19 nsites= 19 
0.2490 0.2410 0.2911 0.2188 
0.2470 0.2760 0.2621 0.2149 
0.2021 0.2665 0.2643 0.2672 
0.2458 0.3034 0.2281 0.2227 
0.2653 0.2440 0.2327 0.2579 
0.2793 0.2812 0.2208 0.2188 
0.3144 0.2199 0.2423 0.2235 
0.2934 0.1947 0.3252 0.1867 
0.2446 0.3082 0.1919 0.2553 
0.2227 0.4349 0.2511 0.0914 
0.4429 0.3194 0.1581 0.0796 
0.1485 0.1166 0.0559 0.6791 
0.0224 0.7823 0.1772 0.0182 
0.6652 0.0054 0.2639 0.0654 
0.0445 0.4376 0.1665 0.3514 
0.1430 0.2325 0.4093 0.2152 
0.1704 0.2117 0.2769 0.3410 
0.2480 0.2942 0.1662 0.2917 
0.1630 0.2752 0.2459 0.3160 

MOTIF filter16 
letter-probability matrix: alength= 4 w= 19 nsites= 19 
0.2433 0.2651 0.2515 0.2401 
0.2559 0.2690 0.2487 0.2265 
0.2473 0.2434 0.2427 0.2665 
0.2574 0.2503 0.2210 0.2713 
0.3144 0.1615 0.2991 0.2250 
0.1907 0.2206 0.3803 0.2084 
0.2424 0.1600 0.2095 0.3882 
0.2635 0.0412 0.3076 0.3877 
0.1241 0.0424 0.6145 0.2190 
0.2685 0.4523 0.0099 0.2693 
0.0288 0.3328 0.5490 0.0894 
0.1977 0.3867 0.1552 0.2604 
0.2961 0.2361 0.2315 0.2364 
0.2596 0.2198 0.2850 0.2355 
0.2718 0.2586 0.2232 0.2464 
0.2401 0.2277 0.2469 0.2853 
0.2523 0.2500 0.2500 0.2477 
0.2270 0.2760 0.2413 0.2556 
0.2634 0.2329 0.2615 0.2422 

MOTIF filter17 
letter-probability matrix: alength= 4 w= 19 nsites= 19 
0.3398 0.2271 0.2514 0.1816 
0.2663 0.2742 0.2379 0.2217 
0.3133 0.2178 0.2768 0.1922 
0.1696 0.2308 0.2332 0.3664 
0.1109 0.2488 0.3592 0.2811 
0.3060 0.1624 0.3681 0.1636 
0.3044 0.4481 0.2299 0.0176 
0.1679 0.2000 0.3659 0.2662 
0.0249 0.4097 0.3015 0.2640 
0.4629 0.3281 0.1125 0.0966 
0.3476 0.1900 0.4546 0.0078 
0.0093 0.1824 0.4453 0.3630 
0.3410 0.3844 0.2484 0.0263 
0.3219 0.2895 0.1975 0.1912 
0.1878 0.2394 0.3292 0.2435 
0.2033 0.3316 0.2432 0.2220 
0.2819 0.2164 0.2673 0.2344 
0.2779 0.2570 0.2430 0.2221 
0.2634 0.2596 0.2098 0.2672 

MOTIF filter18 
letter-probability matrix: alength= 4 w= 19 nsites= 19 
0.2029 0.2471 0.2782 0.2718 
0.2232 0.2586 0.2685 0.2497 
0.2222 0.2598 0.2574 0.2606 
0.2461 0.2536 0.2505 0.2498 
0.2408 0.2782 0.2364 0.2447 
0.2109 0.2418 0.2435 0.3038 
0.0733 0.0104 0.2347 0.6815 
0.2462 0.3347 0.2525 0.1666 
0.3709 0.3559 0.1059 0.1672 
0.5338 0.0502 0.3884 0.0276 
0.1618 0.4245 0.1468 0.2670 
0.2778 0.3527 0.3098 0.0597 
0.2597 0.2000 0.0555 0.4848 
0.0067 0.3142 0.2929 0.3861 
0.2945 0.2445 0.2106 0.2504 
0.2184 0.2717 0.2617 0.2482 
0.2396 0.2437 0.2201 0.2966 
0.2160 0.2695 0.2826 0.2319 
0.2717 0.2564 0.2396 0.2323 

MOTIF filter19 
letter-probability matrix: alength= 4 w= 19 nsites= 19 
0.2560 0.2617 0.2515 0.2308 
0.2446 0.2469 0.2524 0.2561 
0.2655 0.2427 0.2588 0.2329 
0.2315 0.2699 0.2441 0.2546 
0.2511 0.2424 0.2799 0.2267 
0.1854 0.3175 0.2865 0.2105 
0.5161 0.1753 0.1139 0.1947 
0.0219 0.0957 0.0995 0.7829 
0.0068 0.3231 0.0344 0.6356 
0.6558 0.0098 0.3243 0.0101 
0.8214 0.0613 0.0724 0.0449 
0.1500 0.0720 0.0338 0.7443 
0.2202 0.2465 0.3054 0.2279 
0.2050 0.2888 0.2568 0.2493 
0.2087 0.2832 0.2403 0.2678 
0.2514 0.2307 0.2757 0.2422 
0.2495 0.2352 0.2657 0.2496 
0.2551 0.2496 0.2179 0.2774 
0.2476 0.2506 0.2607 0.2411 

MOTIF filter20 
letter-probability matrix: alength= 4 w= 19 nsites= 19 
0.2312 0.2458 0.2699 0.2531 
0.2704 0.2604 0.2310 0.2382 
0.2493 0.2470 0.2149 0.2888 
0.2332 0.2642 0.2398 0.2628 
0.2704 0.1645 0.3223 0.2428 
0.1480 0.3308 0.1758 0.3455 
0.1719 0.1698 0.2446 0.4137 
0.3498 0.4502 0.1049 0.0951 
0.2584 0.2941 0.1461 0.3014 
0.1864 0.0099 0.5105 0.2932 
0.1726 0.6107 0.1212 0.0954 
0.2156 0.4608 0.0746 0.2490 
0.0250 0.1600 0.4993 0.3158 
0.4647 0.3000 0.0995 0.1359 
0.2237 0.2347 0.3251 0.2165 
0.3479 0.2480 0.1370 0.2671 
0.2362 0.3007 0.2202 0.2429 
0.2828 0.2111 0.2639 0.2423 
0.2071 0.2276 0.2951 0.2702 

MOTIF filter21 
letter-probability matrix: alength= 4 w= 19 nsites= 19 
0.3524 0.2428 0.2329 0.1719 
0.3235 0.2668 0.1897 0.2200 
0.2765 0.2819 0.2187 0.2229 
0.2119 0.3850 0.1522 0.2509 
0.1959 0.1679 0.3400 0.2963 
0.2585 0.2309 0.3829 0.1277 
0.2260 0.0493 0.2357 0.4890 
0.1522 0.3538 0.3660 0.1279 
0.0479 0.4461 0.2186 0.2874 
0.2806 0.4115 0.0300 0.2779 
0.4886 0.0346 0.4496 0.0271 
0.2104 0.1887 0.4458 0.1552 
0.3601 0.3337 0.2976 0.0086 
0.6646 0.0954 0.2288 0.0113 
0.2927 0.3392 0.2039 0.1643 
0.3348 0.1655 0.2438 0.2559 
0.3166 0.2248 0.2180 0.2406 
0.2773 0.2686 0.1631 0.2910 
0.2208 0.2406 0.2587 0.2799 

MOTIF filter22 
letter-probability matrix: alength= 4 w= 19 nsites= 19 
0.2367 0.2551 0.2563 0.2519 
0.2546 0.2444 0.2404 0.2606 
0.2362 0.2686 0.2567 0.2385 
0.2724 0.2199 0.2498 0.2579 
0.2441 0.2311 0.2989 0.2258 
0.2509 0.2533 0.2732 0.2226 
0.2632 0.2574 0.2508 0.2286 
0.2845 0.2468 0.2440 0.2248 
0.1571 0.2661 0.1813 0.3955 
0.0276 0.0723 0.3677 0.5324 
0.4398 0.3490 0.2019 0.0092 
0.4474 0.3293 0.2063 0.0170 
0.2550 0.3461 0.3591 0.0398 
0.1015 0.0568 0.8205 0.0212 
0.0278 0.1682 0.5244 0.2796 
0.2295 0.2106 0.4246 0.1353 
0.3159 0.2178 0.2724 0.1939 
0.2820 0.2167 0.2531 0.2482 
0.2122 0.2660 0.2428 0.2790 

MOTIF filter23 
letter-probability matrix: alength= 4 w= 19 nsites= 19 
0.2764 0.2421 0.2459 0.2356 
0.2481 0.2324 0.2546 0.2648 
0.2260 0.2785 0.2158 0.2797 
0.2144 0.2835 0.2307 0.2714 
0.2650 0.1710 0.2382 0.3258 
0.4044 0.1726 0.2472 0.1758 
0.0777 0.6685 0.1787 0.0752 
0.4907 0.1612 0.0297 0.3183 
0.1788 0.2393 0.1541 0.4278 
0.5075 0.0552 0.2369 0.2004 
0.0083 0.1794 0.4615 0.3507 
0.3089 0.3526 0.0865 0.2520 
0.3906 0.1195 0.3899 0.1000 
0.2347 0.2322 0.3154 0.2177 
0.2649 0.2449 0.2456 0.2446 
0.2573 0.2607 0.2222 0.2597 
0.2582 0.2722 0.2213 0.2483 
0.2847 0.2495 0.2268 0.2390 
0.2397 0.2389 0.2562 0.2652 

MOTIF filter24 
letter-probability matrix: alength= 4 w= 19 nsites= 19 
0.2461 0.2673 0.2390 0.2476 
0.2664 0.2440 0.2532 0.2364 
0.2369 0.2499 0.2383 0.2749 
0.2629 0.2497 0.2285 0.2589 
0.2639 0.2201 0.2534 0.2626 
0.2956 0.2306 0.2052 0.2686 
0.2207 0.1955 0.2435 0.3403 
0.2005 0.2876 0.2813 0.2306 
0.1972 0.4043 0.1864 0.2121 
0.2473 0.0667 0.4210 0.2650 
0.0868 0.7610 0.0189 0.1332 
0.5700 0.0210 0.0339 0.3751 
0.1091 0.7366 0.1070 0.0473 
0.0057 0.6621 0.2426 0.0896 
0.2781 0.2131 0.2409 0.2679 
0.2548 0.2599 0.2614 0.2239 
0.2368 0.2262 0.2435 0.2935 
0.2634 0.2591 0.2457 0.2319 
0.2472 0.2370 0.2791 0.2367 

MOTIF filter25 
letter-probability matrix: alength= 4 w= 19 nsites= 19 
0.2455 0.2773 0.2393 0.2379 
0.2394 0.2352 0.2607 0.2647 
0.2742 0.2263 0.2510 0.2485 
0.2853 0.2395 0.2512 0.2240 
0.3478 0.2106 0.2432 0.1984 
0.2870 0.2117 0.2517 0.2495 
0.1921 0.2505 0.2333 0.3240 
0.3433 0.2255 0.2958 0.1355 
0.3149 0.1071 0.2752 0.3028 
0.0067 0.4433 0.0096 0.5404 
0.0396 0.0503 0.8288 0.0813 
0.4470 0.2641 0.0058 0.2831 
0.2957 0.0767 0.6027 0.0249 
0.3856 0.0672 0.0732 0.4741 
0.0614 0.3280 0.2641 0.3464 
0.2611 0.2017 0.3134 0.2238 
0.1754 0.2828 0.2936 0.2482 
0.2336 0.2394 0.2377 0.2893 
0.2649 0.2488 0.2451 0.2412 

MOTIF filter26 
letter-probability matrix: alength= 4 w= 19 nsites= 19 
0.2572 0.2626 0.2437 0.2365 
0.2478 0.2298 0.2712 0.2512 
0.2503 0.2488 0.2448 0.2561 
0.2560 0.2331 0.2533 0.2577 
0.2479 0.2359 0.2789 0.2373 
0.2629 0.2438 0.2279 0.2654 
0.2246 0.2546 0.2336 0.2872 
0.2327 0.3081 0.2064 0.2528 
0.2352 0.2626 0.2534 0.2489 
0.0791 0.3260 0.3968 0.1981 
0.2897 0.0075 0.6144 0.0884 
0.0300 0.4954 0.4481 0.0266 
0.2964 0.2400 0.0823 0.3813 
0.2668 0.3420 0.2405 0.1507 
0.2405 0.2922 0.0907 0.3766 
0.2397 0.2736 0.1829 0.3038 
0.2401 0.2611 0.2170 0.2819 
0.2600 0.2317 0.2558 0.2525 
0.2397 0.2396 0.2586 0.2621 

MOTIF filter27 
letter-probability matrix: alength= 4 w= 19 nsites= 19 
0.2447 0.2608 0.2454 0.2491 
0.2357 0.2466 0.2581 0.2597 
0.2337 0.2700 0.2517 0.2446 
0.2160 0.2759 0.2121 0.2960 
0.3162 0.2346 0.2492 0.2000 
0.3149 0.0947 0.2950 0.2953 
0.1402 0.2052 0.4051 0.2494 
0.4001 0.0137 0.2945 0.2918 
0.0953 0.6902 0.0208 0.1937 
0.2299 0.0458 0.2353 0.4890 
0.2792 0.3747 0.0100 0.3361 
0.2291 0.2830 0.3612 0.1267 
0.3136 0.3033 0.1819 0.2012 
0.2372 0.2422 0.2419 0.2787 
0.2665 0.2541 0.2674 0.2120 
0.2719 0.2389 0.2207 0.2686 
0.2481 0.2340 0.2604 0.2575 
0.2230 0.2521 0.2688 0.2560 
0.2564 0.2661 0.2398 0.2376 

MOTIF filter28 
letter-probability matrix: alength= 4 w= 19 nsites= 19 
0.2568 0.2789 0.2501 0.2142 
0.2650 0.2478 0.2348 0.2524 
0.2867 0.2405 0.2282 0.2447 
0.2445 0.1775 0.2698 0.3082 
0.2487 0.3042 0.1967 0.2504 
0.3383 0.1351 0.4073 0.1193 
0.2480 0.0273 0.5093 0.2154 
0.1088 0.5845 0.0172 0.2895 
0.3655 0.3273 0.0089 0.2982 
0.2691 0.0115 0.6668 0.0527 
0.2401 0.4017 0.1009 0.2574 
0.1520 0.2079 0.2550 0.3851 
0.1897 0.2407 0.2838 0.2859 
0.2520 0.2327 0.2359 0.2794 
0.2290 0.1951 0.3510 0.2249 
0.2320 0.2289 0.2494 0.2897 
0.2241 0.2260 0.2658 0.2841 
0.2675 0.2200 0.2651 0.2474 
0.2378 0.2258 0.2613 0.2750 

MOTIF filter29 
letter-probability matrix: alength= 4 w= 19 nsites= 19 
0.2486 0.2366 0.2558 0.2590 
0.2244 0.2592 0.2717 0.2447 
0.2304 0.2466 0.2535 0.2696 
0.2248 0.2596 0.2489 0.2667 
0.2372 0.2392 0.2675 0.2561 
0.2819 0.3475 0.2252 0.1454 
0.2695 0.2324 0.4832 0.0149 
0.1814 0.2388 0.2478 0.3320 
0.2055 0.5916 0.1726 0.0304 
0.0065 0.7579 0.1335 0.1021 
0.1999 0.1838 0.5127 0.1036 
0.1920 0.3490 0.1516 0.3073 
0.1978 0.2281 0.3098 0.2644 
0.2621 0.2176 0.2661 0.2543 
0.2478 0.2408 0.2770 0.2343 
0.2453 0.2182 0.2807 0.2558 
0.2470 0.2869 0.2350 0.2311 
0.2634 0.2502 0.2419 0.2445 
0.2338 0.2617 0.2508 0.2536 

