MEME version 4

ALPHABET= ACGT

Background letter frequencies:
A 0.2500 C 0.2500 G 0.2500 T 0.2500 

MOTIF filter0 
letter-probability matrix: alength= 4 w= 19 nsites= 19 
0.2302 0.2677 0.3007 0.2014 
0.2829 0.2333 0.2622 0.2216 
0.2663 0.2615 0.2366 0.2356 
0.2550 0.2543 0.2541 0.2366 
0.2416 0.2521 0.2341 0.2723 
0.2517 0.2593 0.1701 0.3189 
0.1398 0.1465 0.2537 0.4600 
0.0272 0.2835 0.0171 0.6721 
0.0313 0.3750 0.1565 0.4372 
0.2066 0.6648 0.0626 0.0661 
0.1977 0.2930 0.0130 0.4962 
0.5389 0.0098 0.3141 0.1372 
0.0841 0.0906 0.6951 0.1302 
0.3917 0.1746 0.4000 0.0337 
0.7075 0.0196 0.2459 0.0270 
0.4606 0.2514 0.1579 0.1301 
0.3800 0.1681 0.2492 0.2027 
0.2611 0.2526 0.2701 0.2162 
0.2694 0.2276 0.2638 0.2392 

MOTIF filter1 
letter-probability matrix: alength= 4 w= 19 nsites= 19 
0.2471 0.2365 0.2627 0.2537 
0.2442 0.2443 0.2515 0.2600 
0.2739 0.1511 0.2284 0.3466 
0.2513 0.1625 0.3066 0.2797 
0.3117 0.3464 0.1622 0.1797 
0.0622 0.6059 0.1665 0.1654 
0.0092 0.6882 0.1984 0.1042 
0.3091 0.0875 0.3374 0.2660 
0.2673 0.0150 0.0616 0.6561 
0.4415 0.2274 0.0295 0.3016 
0.0418 0.0158 0.1596 0.7829 
0.6077 0.1805 0.0074 0.2044 
0.2448 0.0921 0.3134 0.3497 
0.1330 0.2363 0.5849 0.0457 
0.0697 0.1966 0.6405 0.0933 
0.2739 0.1449 0.3325 0.2488 
0.2713 0.3631 0.2566 0.1090 
0.3512 0.1602 0.1791 0.3096 
0.2097 0.3105 0.2188 0.2611 

MOTIF filter2 
letter-probability matrix: alength= 4 w= 19 nsites= 19 
0.2711 0.2398 0.2623 0.2268 
0.2714 0.2197 0.2640 0.2449 
0.2479 0.2573 0.2344 0.2604 
0.2666 0.2458 0.2466 0.2410 
0.3224 0.2651 0.2278 0.1847 
0.2328 0.3114 0.2559 0.2000 
0.0569 0.9168 0.0151 0.0112 
0.8183 0.0042 0.0927 0.0848 
0.0161 0.8305 0.0415 0.1119 
0.1586 0.0424 0.7891 0.0100 
0.0793 0.1115 0.0078 0.8014 
0.0084 0.0348 0.9292 0.0275 
0.2257 0.2619 0.2551 0.2573 
0.1859 0.2495 0.2407 0.3238 
0.2227 0.2522 0.2904 0.2346 
0.2578 0.2645 0.2369 0.2408 
0.2512 0.2528 0.2714 0.2246 
0.2625 0.2479 0.2344 0.2552 
0.2467 0.2458 0.2553 0.2522 

MOTIF filter3 
letter-probability matrix: alength= 4 w= 19 nsites= 19 
0.2731 0.1846 0.2206 0.3217 
0.2402 0.2822 0.1967 0.2808 
0.2753 0.2430 0.2147 0.2670 
0.2341 0.2379 0.2874 0.2407 
0.2464 0.2470 0.2668 0.2398 
0.2455 0.2744 0.2409 0.2392 
0.0596 0.1613 0.5763 0.2028 
0.0113 0.5779 0.1875 0.2233 
0.0579 0.5660 0.0470 0.3291 
0.0176 0.8818 0.0976 0.0031 
0.0311 0.7847 0.0734 0.1108 
0.2318 0.0041 0.5066 0.2576 
0.0438 0.8718 0.0585 0.0259 
0.0651 0.8821 0.0437 0.0091 
0.0439 0.5782 0.0356 0.3423 
0.2159 0.5308 0.0118 0.2415 
0.1837 0.5022 0.1069 0.2072 
0.2340 0.2195 0.3359 0.2105 
0.2753 0.2116 0.2620 0.2511 

MOTIF filter4 
letter-probability matrix: alength= 4 w= 19 nsites= 19 
0.2521 0.2574 0.2737 0.2168 
0.0669 0.6602 0.2616 0.0114 
0.1380 0.8248 0.0243 0.0128 
0.0092 0.0096 0.9697 0.0115 
0.0110 0.0166 0.9609 0.0115 
0.9593 0.0158 0.0119 0.0130 
0.9562 0.0142 0.0096 0.0200 
0.1914 0.0902 0.7076 0.0107 
0.1225 0.3011 0.0604 0.5159 
0.1990 0.1899 0.4696 0.1414 
0.3024 0.2671 0.3405 0.0900 
0.2289 0.3289 0.2588 0.1834 
0.2306 0.2586 0.2539 0.2569 
0.2305 0.2554 0.2577 0.2564 
0.2433 0.2496 0.2287 0.2784 
0.2551 0.2626 0.2346 0.2477 
0.2565 0.2303 0.2682 0.2451 
0.2606 0.2371 0.2517 0.2506 
0.2556 0.2560 0.2398 0.2486 

MOTIF filter5 
letter-probability matrix: alength= 4 w= 19 nsites= 19 
0.2518 0.2296 0.2585 0.2600 
0.2521 0.2523 0.2534 0.2423 
0.2782 0.2635 0.2311 0.2272 
0.2596 0.2449 0.2483 0.2472 
0.2332 0.2409 0.2681 0.2578 
0.2783 0.2732 0.2306 0.2179 
0.2770 0.2560 0.2512 0.2158 
0.2449 0.2584 0.2384 0.2583 
0.1775 0.1142 0.3407 0.3676 
0.1198 0.5701 0.0373 0.2729 
0.0827 0.1466 0.0240 0.7467 
0.7484 0.0602 0.0954 0.0960 
0.3486 0.0588 0.0864 0.5062 
0.3711 0.0391 0.0487 0.5410 
0.4841 0.0193 0.0704 0.4262 
0.4609 0.0682 0.0592 0.4117 
0.0856 0.0928 0.0738 0.7478 
0.7879 0.0054 0.1275 0.0792 
0.2627 0.0650 0.4952 0.1771 

MOTIF filter6 
letter-probability matrix: alength= 4 w= 19 nsites= 19 
0.2825 0.2480 0.2173 0.2522 
0.2469 0.2443 0.2836 0.2251 
0.2437 0.2787 0.2229 0.2547 
0.2693 0.4443 0.1035 0.1829 
0.2311 0.2628 0.1083 0.3978 
0.2553 0.2071 0.3381 0.1996 
0.4096 0.1310 0.1963 0.2632 
0.1942 0.2918 0.4116 0.1024 
0.0042 0.0447 0.0907 0.8604 
0.1942 0.7836 0.0085 0.0137 
0.9355 0.0049 0.0230 0.0366 
0.0231 0.0202 0.7799 0.1767 
0.0855 0.8993 0.0099 0.0052 
0.7558 0.1025 0.0376 0.1040 
0.3322 0.2087 0.1396 0.3195 
0.3161 0.1914 0.1371 0.3554 
0.3723 0.1583 0.0738 0.3956 
0.3214 0.1923 0.1204 0.3660 
0.2506 0.2472 0.2468 0.2554 

MOTIF filter7 
letter-probability matrix: alength= 4 w= 19 nsites= 19 
0.2497 0.2725 0.2330 0.2447 
0.2753 0.1834 0.2662 0.2751 
0.2284 0.4043 0.2047 0.1625 
0.8102 0.0181 0.1363 0.0355 
0.7245 0.0971 0.1481 0.0303 
0.3399 0.1936 0.3798 0.0867 
0.9488 0.0206 0.0241 0.0065 
0.0197 0.0307 0.0228 0.9268 
0.0365 0.0179 0.9333 0.0123 
0.0351 0.0139 0.9393 0.0117 
0.1964 0.5931 0.0313 0.1792 
0.1574 0.2569 0.3232 0.2626 
0.1904 0.2062 0.4287 0.1747 
0.2133 0.4627 0.1048 0.2192 
0.2566 0.2404 0.2395 0.2636 
0.2450 0.2445 0.2566 0.2539 
0.2351 0.2754 0.2317 0.2578 
0.2319 0.2595 0.2502 0.2584 
0.2394 0.2453 0.2611 0.2542 

MOTIF filter8 
letter-probability matrix: alength= 4 w= 19 nsites= 19 
0.0206 0.4757 0.1295 0.3742 
0.0916 0.6421 0.0142 0.2521 
0.0326 0.9210 0.0101 0.0363 
0.0266 0.8985 0.0129 0.0621 
0.2321 0.0170 0.3912 0.3596 
0.0310 0.9207 0.0185 0.0298 
0.0128 0.9376 0.0143 0.0353 
0.0129 0.6638 0.0131 0.3102 
0.1831 0.5464 0.0189 0.2516 
0.1329 0.4230 0.1565 0.2875 
0.2171 0.2504 0.2770 0.2555 
0.2256 0.3250 0.2305 0.2190 
0.2194 0.2652 0.2652 0.2501 
0.2495 0.2490 0.2282 0.2733 
0.2446 0.2633 0.2731 0.2190 
0.2706 0.2676 0.2187 0.2432 
0.2497 0.2309 0.2198 0.2996 
0.2269 0.2616 0.2467 0.2648 
0.2258 0.2906 0.2359 0.2478 

MOTIF filter9 
letter-probability matrix: alength= 4 w= 19 nsites= 19 
0.2752 0.2625 0.2298 0.2325 
0.2013 0.2750 0.2437 0.2800 
0.1923 0.3364 0.2467 0.2247 
0.2663 0.2718 0.2155 0.2465 
0.2669 0.2373 0.2855 0.2104 
0.2154 0.2645 0.1889 0.3312 
0.4274 0.1487 0.2669 0.1569 
0.2380 0.3255 0.3120 0.1245 
0.0214 0.8935 0.0519 0.0332 
0.8347 0.1118 0.0480 0.0055 
0.0439 0.8536 0.0055 0.0969 
0.0372 0.0047 0.9050 0.0530 
0.0085 0.0265 0.0883 0.8766 
0.0767 0.0115 0.8381 0.0738 
0.1340 0.3236 0.3354 0.2070 
0.1413 0.3291 0.1924 0.3372 
0.2705 0.2114 0.2330 0.2851 
0.2331 0.1729 0.3672 0.2267 
0.2105 0.2510 0.2670 0.2715 

MOTIF filter10 
letter-probability matrix: alength= 4 w= 19 nsites= 19 
0.2473 0.2658 0.2638 0.2231 
0.2593 0.2537 0.2378 0.2493 
0.2561 0.2488 0.2475 0.2476 
0.2469 0.2756 0.2559 0.2217 
0.2399 0.2357 0.2795 0.2450 
0.2874 0.2477 0.2219 0.2430 
0.3777 0.2044 0.3624 0.0555 
0.0466 0.0301 0.0525 0.8708 
0.0601 0.0100 0.2391 0.6909 
0.3210 0.0313 0.5084 0.1394 
0.1255 0.5663 0.1348 0.1734 
0.2340 0.0868 0.5642 0.1149 
0.1806 0.4700 0.0200 0.3294 
0.6852 0.2366 0.0623 0.0158 
0.8319 0.0523 0.0152 0.1007 
0.0911 0.3411 0.1962 0.3716 
0.2771 0.2039 0.2823 0.2367 
0.2367 0.2385 0.2295 0.2953 
0.2527 0.2193 0.2553 0.2727 

MOTIF filter11 
letter-probability matrix: alength= 4 w= 19 nsites= 19 
0.2385 0.2378 0.2632 0.2605 
0.2696 0.1444 0.4501 0.1360 
0.2480 0.0156 0.5183 0.2181 
0.3687 0.0171 0.5981 0.0161 
0.0285 0.0297 0.9163 0.0254 
0.0247 0.0403 0.9100 0.0249 
0.3120 0.4441 0.0149 0.2290 
0.0836 0.0269 0.8567 0.0328 
0.0226 0.0269 0.9287 0.0218 
0.3075 0.0178 0.6145 0.0602 
0.2914 0.1563 0.5343 0.0181 
0.2271 0.3820 0.2413 0.1496 
0.2732 0.2554 0.2566 0.2148 
0.2533 0.2607 0.2537 0.2323 
0.2580 0.2502 0.2487 0.2431 
0.2322 0.2756 0.2446 0.2476 
0.2404 0.2463 0.2541 0.2592 
0.2430 0.2719 0.2578 0.2273 
0.2501 0.2622 0.2597 0.2280 

MOTIF filter12 
letter-probability matrix: alength= 4 w= 19 nsites= 19 
0.3014 0.0468 0.0153 0.6365 
0.1713 0.5037 0.0802 0.2447 
0.6749 0.0100 0.0125 0.3026 
0.0221 0.0217 0.7867 0.1696 
0.0323 0.9309 0.0130 0.0238 
0.5847 0.0131 0.0113 0.3909 
0.2294 0.1154 0.4315 0.2237 
0.5105 0.1060 0.0633 0.3202 
0.2656 0.2215 0.1973 0.3157 
0.2245 0.3071 0.0780 0.3904 
0.2433 0.3152 0.2057 0.2358 
0.2753 0.2243 0.2486 0.2517 
0.2458 0.2775 0.2663 0.2104 
0.2867 0.2606 0.2206 0.2321 
0.2554 0.2608 0.2499 0.2338 
0.2542 0.2772 0.2309 0.2377 
0.2654 0.2515 0.2657 0.2174 
0.2596 0.2262 0.2782 0.2359 
0.2436 0.2734 0.2658 0.2171 

MOTIF filter13 
letter-probability matrix: alength= 4 w= 19 nsites= 19 
0.2499 0.2924 0.2421 0.2156 
0.2727 0.2612 0.2477 0.2184 
0.2860 0.1642 0.3655 0.1843 
0.1361 0.5562 0.1581 0.1496 
0.1981 0.5610 0.1164 0.1245 
0.8191 0.0478 0.1280 0.0051 
0.4545 0.0145 0.0679 0.4631 
0.2155 0.2946 0.2343 0.2556 
0.5235 0.0270 0.0216 0.4279 
0.0040 0.0517 0.0084 0.9359 
0.1148 0.1015 0.5970 0.1867 
0.1943 0.1333 0.4595 0.2129 
0.1627 0.4635 0.1482 0.2256 
0.3077 0.2369 0.2249 0.2304 
0.1925 0.2176 0.3372 0.2527 
0.2100 0.3578 0.2076 0.2246 
0.2646 0.1838 0.3009 0.2507 
0.1963 0.2996 0.2595 0.2446 
0.3058 0.2324 0.2554 0.2064 

MOTIF filter14 
letter-probability matrix: alength= 4 w= 19 nsites= 19 
0.2533 0.2487 0.2265 0.2716 
0.2856 0.2577 0.2195 0.2371 
0.2393 0.2324 0.2552 0.2731 
0.3410 0.2033 0.2613 0.1945 
0.0635 0.1476 0.0250 0.7640 
0.0105 0.1167 0.1505 0.7223 
0.3043 0.0259 0.3803 0.2895 
0.0697 0.5887 0.0410 0.3005 
0.2387 0.1140 0.5471 0.1003 
0.2099 0.4658 0.0844 0.2399 
0.6776 0.2013 0.0134 0.1076 
0.8162 0.0322 0.1466 0.0050 
0.1111 0.2968 0.2070 0.3851 
0.2261 0.2798 0.2257 0.2684 
0.2496 0.2529 0.2994 0.1981 
0.2347 0.2876 0.2471 0.2306 
0.2463 0.2512 0.2501 0.2524 
0.2660 0.2346 0.2456 0.2538 
0.2492 0.2627 0.2311 0.2569 

MOTIF filter15 
letter-probability matrix: alength= 4 w= 19 nsites= 19 
0.2193 0.2328 0.2030 0.3450 
0.0080 0.0840 0.0042 0.9038 
0.0063 0.0054 0.0660 0.9223 
0.1639 0.7968 0.0101 0.0291 
0.1186 0.5725 0.0152 0.2937 
0.2839 0.2299 0.2296 0.2567 
0.1927 0.0152 0.6787 0.1135 
0.0307 0.0301 0.6707 0.2686 
0.9402 0.0501 0.0029 0.0068 
0.9563 0.0032 0.0228 0.0177 
0.3155 0.2417 0.1890 0.2539 
0.2543 0.2798 0.1983 0.2676 
0.2696 0.2378 0.2190 0.2735 
0.2634 0.2650 0.2359 0.2357 
0.2285 0.2272 0.2653 0.2790 
0.2667 0.2625 0.2238 0.2470 
0.2761 0.2510 0.2377 0.2352 
0.2538 0.2709 0.2241 0.2512 
0.2553 0.2590 0.2436 0.2422 

MOTIF filter16 
letter-probability matrix: alength= 4 w= 19 nsites= 19 
0.6369 0.0277 0.0085 0.3269 
0.0095 0.0098 0.0156 0.9650 
0.0339 0.1550 0.0161 0.7950 
0.8210 0.0139 0.1336 0.0315 
0.9670 0.0103 0.0090 0.0138 
0.3272 0.0103 0.0313 0.6312 
0.2634 0.2439 0.2418 0.2509 
0.2328 0.2490 0.2527 0.2655 
0.2402 0.2573 0.2448 0.2577 
0.2458 0.2377 0.2771 0.2394 
0.2391 0.2283 0.2581 0.2746 
0.2488 0.2383 0.2424 0.2705 
0.2456 0.2397 0.2607 0.2540 
0.2482 0.2479 0.2580 0.2459 
0.2708 0.2345 0.2394 0.2553 
0.2659 0.2442 0.2479 0.2420 
0.2640 0.2454 0.2366 0.2540 
0.2553 0.2662 0.2336 0.2449 
0.2283 0.2596 0.2397 0.2724 

MOTIF filter17 
letter-probability matrix: alength= 4 w= 19 nsites= 19 
0.3134 0.1254 0.1805 0.3806 
0.0956 0.0157 0.0653 0.8234 
0.0155 0.0072 0.9591 0.0182 
0.1217 0.8397 0.0130 0.0256 
0.0034 0.0403 0.0059 0.9504 
0.0171 0.0089 0.8029 0.1711 
0.9055 0.0122 0.0654 0.0169 
0.0825 0.4349 0.2799 0.2026 
0.2442 0.1703 0.1909 0.3946 
0.1873 0.3329 0.2246 0.2553 
0.3727 0.0978 0.2732 0.2563 
0.1682 0.0891 0.4667 0.2759 
0.2610 0.2069 0.2797 0.2524 
0.2316 0.2513 0.2441 0.2730 
0.2488 0.2174 0.2713 0.2626 
0.2826 0.2739 0.2375 0.2060 
0.2504 0.2427 0.2725 0.2344 
0.2493 0.2581 0.2697 0.2229 
0.2268 0.2523 0.2751 0.2458 

MOTIF filter18 
letter-probability matrix: alength= 4 w= 19 nsites= 19 
0.1720 0.2187 0.3419 0.2675 
0.0755 0.3916 0.2465 0.2863 
0.1295 0.4921 0.2085 0.1699 
0.4251 0.0933 0.3544 0.1273 
0.0205 0.7070 0.0878 0.1847 
0.0487 0.0177 0.0395 0.8942 
0.0210 0.0151 0.0173 0.9467 
0.0125 0.9522 0.0121 0.0232 
0.0138 0.9447 0.0292 0.0123 
0.0182 0.0247 0.7968 0.1603 
0.0286 0.2738 0.6038 0.0938 
0.2354 0.2803 0.2221 0.2623 
0.2136 0.2740 0.2642 0.2483 
0.2658 0.2451 0.2303 0.2587 
0.2550 0.2201 0.2788 0.2461 
0.2459 0.2636 0.2232 0.2673 
0.2337 0.2552 0.2415 0.2696 
0.2419 0.2239 0.2753 0.2589 
0.2553 0.2609 0.2326 0.2512 

MOTIF filter19 
letter-probability matrix: alength= 4 w= 19 nsites= 19 
0.2411 0.2674 0.2304 0.2611 
0.2533 0.2385 0.2627 0.2456 
0.2557 0.2390 0.2339 0.2714 
0.2436 0.2436 0.2299 0.2828 
0.2387 0.2555 0.2407 0.2651 
0.2597 0.2679 0.2332 0.2392 
0.2454 0.2537 0.2208 0.2801 
0.0947 0.5324 0.1909 0.1820 
0.0255 0.3037 0.0730 0.5978 
0.0642 0.2962 0.5201 0.1196 
0.9436 0.0184 0.0164 0.0215 
0.0211 0.0404 0.0195 0.9190 
0.0204 0.0199 0.0238 0.9359 
0.0306 0.0203 0.9444 0.0048 
0.0185 0.0260 0.9302 0.0253 
0.1338 0.4147 0.0675 0.3840 
0.0577 0.3441 0.2237 0.3746 
0.2418 0.3244 0.2916 0.1422 
0.3641 0.2042 0.3041 0.1276 

MOTIF filter20 
letter-probability matrix: alength= 4 w= 19 nsites= 19 
0.2369 0.4146 0.1913 0.1573 
0.0732 0.4201 0.2552 0.2515 
0.2415 0.1605 0.3291 0.2689 
0.1433 0.4080 0.1096 0.3391 
0.2508 0.2995 0.2732 0.1766 
0.3582 0.3155 0.1226 0.2036 
0.2585 0.1576 0.3276 0.2564 
0.2401 0.3266 0.2940 0.1392 
0.2936 0.4044 0.0305 0.2716 
0.1730 0.2228 0.4021 0.2020 
0.0748 0.3490 0.3689 0.2073 
0.4220 0.3411 0.0105 0.2264 
0.2999 0.0191 0.4028 0.2781 
0.2064 0.2927 0.2176 0.2833 
0.3775 0.1621 0.2479 0.2125 
0.1763 0.2669 0.2808 0.2760 
0.3152 0.2664 0.3451 0.0732 
0.2533 0.1896 0.3405 0.2165 
0.1961 0.3110 0.2533 0.2396 

MOTIF filter21 
letter-probability matrix: alength= 4 w= 19 nsites= 19 
0.2453 0.2473 0.2310 0.2764 
0.2719 0.2468 0.2392 0.2420 
0.2382 0.2419 0.3097 0.2101 
0.3649 0.2512 0.3180 0.0659 
0.0142 0.0120 0.0174 0.9564 
0.0208 0.0146 0.8695 0.0951 
0.9383 0.0259 0.0164 0.0195 
0.0509 0.4484 0.4503 0.0505 
0.0129 0.0166 0.0160 0.9545 
0.0829 0.8849 0.0145 0.0178 
0.9489 0.0144 0.0193 0.0174 
0.0671 0.3316 0.2485 0.3528 
0.2355 0.3036 0.2189 0.2419 
0.2477 0.2663 0.2387 0.2473 
0.2587 0.2470 0.2391 0.2552 
0.2504 0.2474 0.2515 0.2506 
0.2500 0.2700 0.2409 0.2391 
0.2499 0.2315 0.2583 0.2603 
0.2288 0.2663 0.2423 0.2626 

MOTIF filter22 
letter-probability matrix: alength= 4 w= 19 nsites= 19 
0.2573 0.2612 0.2035 0.2781 
0.2429 0.2573 0.2251 0.2747 
0.2524 0.2552 0.2123 0.2801 
0.2661 0.2759 0.2270 0.2310 
0.2431 0.2563 0.2514 0.2491 
0.2661 0.2108 0.2715 0.2516 
0.2394 0.2643 0.2677 0.2286 
0.1919 0.3171 0.1997 0.2913 
0.1062 0.0538 0.1007 0.7393 
0.1412 0.0595 0.2265 0.5728 
0.4162 0.4531 0.1038 0.0270 
0.0761 0.5563 0.0244 0.3433 
0.2005 0.3036 0.2775 0.2184 
0.3758 0.0094 0.5499 0.0649 
0.0374 0.0472 0.5739 0.3416 
0.6214 0.1922 0.0574 0.1290 
0.6784 0.1037 0.1853 0.0326 
0.2766 0.2301 0.2802 0.2131 
0.2360 0.2717 0.2835 0.2088 

MOTIF filter23 
letter-probability matrix: alength= 4 w= 19 nsites= 19 
0.2544 0.2689 0.2449 0.2318 
0.1556 0.0963 0.5269 0.2212 
0.1858 0.4675 0.1609 0.1858 
0.2515 0.3369 0.2314 0.1802 
0.1688 0.0406 0.5849 0.2057 
0.0109 0.9572 0.0110 0.0209 
0.0114 0.9395 0.0228 0.0263 
0.9269 0.0172 0.0369 0.0190 
0.0068 0.0130 0.0121 0.9680 
0.0822 0.4081 0.1748 0.3349 
0.0347 0.1615 0.0744 0.7294 
0.0354 0.1103 0.0120 0.8423 
0.1647 0.2228 0.4265 0.1860 
0.2733 0.2579 0.2195 0.2492 
0.2660 0.2016 0.2639 0.2684 
0.2375 0.2422 0.2543 0.2660 
0.2904 0.2449 0.2225 0.2422 
0.2522 0.2371 0.2704 0.2403 
0.2012 0.2651 0.2535 0.2803 

MOTIF filter24 
letter-probability matrix: alength= 4 w= 19 nsites= 19 
0.2542 0.2509 0.2467 0.2483 
0.2342 0.2494 0.2301 0.2863 
0.2310 0.2433 0.2107 0.3150 
0.2272 0.2275 0.2567 0.2885 
0.2437 0.2877 0.2144 0.2542 
0.2548 0.1853 0.3001 0.2597 
0.1958 0.2278 0.2702 0.3062 
0.2594 0.1969 0.2609 0.2828 
0.1938 0.2234 0.2812 0.3017 
0.2073 0.3211 0.1905 0.2811 
0.2334 0.2497 0.2498 0.2671 
0.5878 0.1543 0.1489 0.1090 
0.0459 0.6159 0.1361 0.2021 
0.0127 0.1228 0.0172 0.8474 
0.0271 0.1019 0.0296 0.8414 
0.0707 0.7968 0.1138 0.0187 
0.1854 0.6292 0.0114 0.1741 
0.0931 0.0497 0.6489 0.2082 
0.0111 0.3172 0.5220 0.1497 

MOTIF filter25 
letter-probability matrix: alength= 4 w= 19 nsites= 19 
0.2468 0.2265 0.2590 0.2677 
0.2405 0.2641 0.2577 0.2377 
0.2370 0.2814 0.2348 0.2468 
0.2508 0.2663 0.1432 0.3398 
0.1356 0.2298 0.3981 0.2365 
0.3157 0.2758 0.2033 0.2052 
0.1085 0.7171 0.1048 0.0696 
0.1382 0.6237 0.0914 0.1467 
0.5160 0.1158 0.0708 0.2975 
0.2040 0.0801 0.0958 0.6201 
0.7719 0.0453 0.1785 0.0043 
0.0786 0.2046 0.1021 0.6147 
0.6236 0.0775 0.0833 0.2156 
0.3021 0.1031 0.0739 0.5209 
0.1419 0.0964 0.6496 0.1122 
0.0889 0.0797 0.7383 0.0930 
0.2235 0.1938 0.2896 0.2931 
0.2462 0.3584 0.1976 0.1978 
0.4326 0.1765 0.1820 0.2089 

MOTIF filter26 
letter-probability matrix: alength= 4 w= 19 nsites= 19 
0.0264 0.0090 0.3935 0.5712 
0.8918 0.0203 0.0569 0.0310 
0.0692 0.0266 0.1783 0.7259 
0.0937 0.0408 0.0068 0.8587 
0.1324 0.2324 0.0943 0.5410 
0.3579 0.0088 0.0328 0.6005 
0.1517 0.0246 0.1187 0.7050 
0.7401 0.1323 0.1158 0.0117 
0.1648 0.0914 0.5181 0.2257 
0.3751 0.3867 0.0986 0.1396 
0.2272 0.2562 0.2830 0.2336 
0.2804 0.2618 0.2347 0.2232 
0.2556 0.2537 0.2644 0.2262 
0.2250 0.2132 0.2886 0.2731 
0.2214 0.2256 0.2898 0.2633 
0.2217 0.2361 0.2405 0.3017 
0.2585 0.2030 0.2888 0.2497 
0.3114 0.2134 0.2152 0.2600 
0.2246 0.2329 0.2213 0.3212 

MOTIF filter27 
letter-probability matrix: alength= 4 w= 19 nsites= 19 
0.2614 0.2810 0.2000 0.2577 
0.2686 0.2516 0.2634 0.2164 
0.2741 0.4495 0.1068 0.1696 
0.0818 0.2005 0.1791 0.5387 
0.5563 0.1926 0.0877 0.1633 
0.5324 0.0177 0.1044 0.3454 
0.5686 0.1918 0.0432 0.1964 
0.6796 0.0149 0.0925 0.2130 
0.6221 0.2336 0.0072 0.1372 
0.0680 0.1183 0.0973 0.7163 
0.5920 0.2657 0.0107 0.1317 
0.3005 0.1558 0.4466 0.0970 
0.3612 0.3465 0.1195 0.1727 
0.2751 0.2443 0.2216 0.2590 
0.2640 0.2457 0.2573 0.2330 
0.2556 0.2718 0.2510 0.2217 
0.2465 0.2405 0.2602 0.2528 
0.2552 0.2525 0.2743 0.2180 
0.2470 0.2642 0.2340 0.2548 

MOTIF filter28 
letter-probability matrix: alength= 4 w= 19 nsites= 19 
0.3339 0.2472 0.2027 0.2162 
0.3335 0.2483 0.1980 0.2202 
0.1449 0.2837 0.2230 0.3484 
0.1657 0.2878 0.3123 0.2342 
0.3472 0.2382 0.3583 0.0564 
0.4217 0.0574 0.3920 0.1289 
0.0162 0.9441 0.0184 0.0213 
0.0146 0.9530 0.0174 0.0150 
0.9545 0.0125 0.0120 0.0209 
0.9284 0.0161 0.0377 0.0178 
0.0140 0.0164 0.0137 0.9559 
0.1288 0.4954 0.3264 0.0493 
0.6037 0.0736 0.2879 0.0347 
0.1948 0.1846 0.5320 0.0885 
0.2480 0.2371 0.2518 0.2631 
0.2490 0.2515 0.2603 0.2392 
0.2656 0.2660 0.2064 0.2620 
0.2266 0.2391 0.2507 0.2835 
0.2469 0.2683 0.2551 0.2297 

MOTIF filter29 
letter-probability matrix: alength= 4 w= 19 nsites= 19 
0.2697 0.2483 0.2514 0.2306 
0.2576 0.2448 0.2400 0.2576 
0.2641 0.2607 0.2450 0.2303 
0.4166 0.0986 0.2098 0.2749 
0.4303 0.0756 0.1467 0.3473 
0.4594 0.0738 0.1420 0.3248 
0.2481 0.2368 0.2399 0.2752 
0.1815 0.0853 0.1083 0.6249 
0.1088 0.3305 0.5479 0.0128 
0.4244 0.5014 0.0603 0.0140 
0.0182 0.0240 0.3561 0.6017 
0.0149 0.2612 0.5560 0.1678 
0.6357 0.1196 0.1117 0.1330 
0.2205 0.3288 0.2309 0.2198 
0.2976 0.1961 0.1754 0.3309 
0.2808 0.2395 0.2038 0.2759 
0.2872 0.1999 0.2214 0.2915 
0.2473 0.1889 0.2853 0.2784 
0.2440 0.2230 0.2469 0.2862 

