MEME version 4

ALPHABET= ACGT

Background letter frequencies:
A 0.2500 C 0.2500 G 0.2500 T 0.2500 

MOTIF filter0 
letter-probability matrix: alength= 4 w= 19 nsites= 19 
0.2752 0.2590 0.2361 0.2297 
0.2586 0.2580 0.2618 0.2215 
0.2535 0.2883 0.2453 0.2129 
0.2855 0.1981 0.2507 0.2657 
0.2566 0.1970 0.2824 0.2640 
0.1907 0.2742 0.2079 0.3271 
0.1449 0.1089 0.1607 0.5855 
0.1877 0.1753 0.2496 0.3875 
0.2684 0.5372 0.1319 0.0625 
0.0557 0.4972 0.1650 0.2821 
0.1807 0.6026 0.1105 0.1062 
0.1785 0.0099 0.7864 0.0251 
0.0130 0.0054 0.9050 0.0766 
0.9503 0.0273 0.0113 0.0110 
0.9676 0.0070 0.0178 0.0076 
0.2604 0.1093 0.5685 0.0618 
0.1343 0.3866 0.1297 0.3494 
0.2261 0.2696 0.3334 0.1709 
0.2198 0.3436 0.2983 0.1382 

MOTIF filter1 
letter-probability matrix: alength= 4 w= 19 nsites= 19 
0.2505 0.2691 0.2142 0.2662 
0.2796 0.2513 0.2673 0.2018 
0.2744 0.2328 0.2695 0.2233 
0.2116 0.1222 0.2032 0.4630 
0.1615 0.1317 0.2058 0.5010 
0.2079 0.1834 0.3878 0.2210 
0.2011 0.4259 0.1511 0.2219 
0.2931 0.1126 0.5435 0.0508 
0.0871 0.3407 0.0080 0.5642 
0.3681 0.0621 0.0511 0.5186 
0.5116 0.0103 0.3981 0.0800 
0.0558 0.4887 0.0343 0.4213 
0.2968 0.2013 0.3975 0.1045 
0.2225 0.4132 0.1102 0.2541 
0.5745 0.1806 0.1130 0.1320 
0.6226 0.1472 0.1185 0.1117 
0.1605 0.2852 0.2551 0.2993 
0.2719 0.2322 0.2470 0.2488 
0.2798 0.2487 0.2494 0.2221 

MOTIF filter2 
letter-probability matrix: alength= 4 w= 19 nsites= 19 
0.2978 0.1803 0.2053 0.3166 
0.1804 0.1996 0.3547 0.2653 
0.2594 0.3393 0.1919 0.2095 
0.1832 0.4833 0.2120 0.1214 
0.2514 0.5188 0.1410 0.0888 
0.3377 0.2130 0.2452 0.2041 
0.0857 0.5213 0.0145 0.3784 
0.9239 0.0160 0.0551 0.0051 
0.0067 0.6198 0.0356 0.3378 
0.1843 0.0305 0.7411 0.0441 
0.1804 0.1109 0.0178 0.6909 
0.0150 0.0299 0.9370 0.0181 
0.0941 0.2750 0.4777 0.1532 
0.1561 0.1952 0.2543 0.3944 
0.2119 0.3314 0.2145 0.2422 
0.3206 0.2129 0.1726 0.2939 
0.2803 0.2016 0.2407 0.2774 
0.2634 0.2420 0.2085 0.2861 
0.2584 0.2420 0.2287 0.2709 

MOTIF filter3 
letter-probability matrix: alength= 4 w= 19 nsites= 19 
0.2896 0.1856 0.3478 0.1770 
0.3463 0.1427 0.4100 0.1010 
0.2838 0.2091 0.4526 0.0546 
0.0367 0.5165 0.4409 0.0059 
0.4760 0.1025 0.4111 0.0104 
0.1585 0.7303 0.0651 0.0461 
0.0149 0.0502 0.9310 0.0039 
0.0084 0.0157 0.6510 0.3250 
0.2227 0.0103 0.7470 0.0201 
0.4819 0.1109 0.3462 0.0610 
0.2129 0.3246 0.3039 0.1586 
0.2360 0.2101 0.2348 0.3190 
0.1990 0.2494 0.3071 0.2445 
0.2628 0.2580 0.2999 0.1794 
0.2357 0.3160 0.2066 0.2417 
0.2586 0.2340 0.2433 0.2641 
0.2782 0.2552 0.2216 0.2450 
0.2152 0.2588 0.2286 0.2974 
0.2342 0.2365 0.2373 0.2920 

MOTIF filter4 
letter-probability matrix: alength= 4 w= 19 nsites= 19 
0.2308 0.2315 0.2083 0.3294 
0.2206 0.2560 0.1890 0.3344 
0.2328 0.2444 0.3410 0.1818 
0.2896 0.1832 0.4699 0.0573 
0.0092 0.4114 0.0487 0.5307 
0.0127 0.4765 0.4917 0.0190 
0.9770 0.0061 0.0047 0.0122 
0.3252 0.1747 0.1932 0.3069 
0.0100 0.0046 0.0165 0.9689 
0.0364 0.3881 0.5699 0.0057 
0.4854 0.0505 0.4547 0.0094 
0.0552 0.4033 0.2347 0.3069 
0.1571 0.3522 0.2694 0.2212 
0.2596 0.2175 0.2959 0.2270 
0.1897 0.2574 0.2747 0.2783 
0.1914 0.1629 0.2362 0.4095 
0.2438 0.1788 0.2612 0.3161 
0.1422 0.2944 0.2437 0.3196 
0.3226 0.2692 0.2036 0.2046 

MOTIF filter5 
letter-probability matrix: alength= 4 w= 19 nsites= 19 
0.2887 0.2443 0.2407 0.2262 
0.2778 0.2364 0.2112 0.2746 
0.2758 0.2115 0.2642 0.2485 
0.1725 0.1838 0.3768 0.2668 
0.2168 0.3679 0.1864 0.2289 
0.2361 0.2625 0.3629 0.1386 
0.2241 0.0823 0.4971 0.1966 
0.0244 0.8887 0.0282 0.0587 
0.0062 0.7567 0.0081 0.2290 
0.9360 0.0251 0.0093 0.0296 
0.3052 0.0064 0.0076 0.6808 
0.1475 0.2687 0.1261 0.4577 
0.2195 0.1403 0.0268 0.6134 
0.3376 0.0342 0.0068 0.6214 
0.1559 0.1182 0.4428 0.2831 
0.4684 0.1656 0.2188 0.1472 
0.2581 0.1889 0.3582 0.1948 
0.2662 0.2614 0.2179 0.2544 
0.2594 0.2240 0.2862 0.2305 

MOTIF filter6 
letter-probability matrix: alength= 4 w= 19 nsites= 19 
0.2775 0.2501 0.2519 0.2205 
0.2799 0.2584 0.2231 0.2385 
0.2548 0.2593 0.2614 0.2245 
0.3088 0.2068 0.2967 0.1877 
0.2560 0.1512 0.2525 0.3403 
0.2373 0.1573 0.4463 0.1591 
0.5719 0.0621 0.0677 0.2983 
0.0768 0.1245 0.1389 0.6597 
0.0404 0.0711 0.0108 0.8778 
0.2835 0.4206 0.2729 0.0231 
0.5898 0.2794 0.0053 0.1255 
0.1636 0.1815 0.1746 0.4802 
0.2167 0.2262 0.3987 0.1584 
0.2398 0.1864 0.3440 0.2299 
0.3709 0.2077 0.2176 0.2038 
0.3297 0.2149 0.2410 0.2144 
0.2577 0.2695 0.2444 0.2285 
0.2443 0.2235 0.2741 0.2581 
0.2325 0.2337 0.2551 0.2787 

MOTIF filter7 
letter-probability matrix: alength= 4 w= 19 nsites= 19 
0.2647 0.2332 0.2581 0.2441 
0.2392 0.2460 0.2645 0.2503 
0.2203 0.2692 0.2784 0.2321 
0.2382 0.2509 0.2529 0.2580 
0.2382 0.2639 0.2765 0.2214 
0.2396 0.2630 0.2511 0.2463 
0.2453 0.2982 0.2227 0.2337 
0.2980 0.1868 0.2434 0.2718 
0.2793 0.2096 0.2841 0.2270 
0.3214 0.1298 0.2787 0.2701 
0.2197 0.3973 0.2952 0.0879 
0.0526 0.2422 0.1731 0.5322 
0.1718 0.4772 0.3359 0.0151 
0.4609 0.4611 0.0690 0.0091 
0.0252 0.1415 0.3627 0.4706 
0.0440 0.3798 0.3946 0.1816 
0.4218 0.2146 0.2975 0.0661 
0.1223 0.2753 0.3673 0.2350 
0.2548 0.3011 0.1006 0.3435 

MOTIF filter8 
letter-probability matrix: alength= 4 w= 19 nsites= 19 
0.2456 0.2578 0.2361 0.2605 
0.2372 0.2743 0.2653 0.2233 
0.2444 0.2887 0.2480 0.2189 
0.2311 0.2425 0.2655 0.2609 
0.2208 0.2994 0.2294 0.2504 
0.2360 0.2525 0.2270 0.2845 
0.2854 0.2011 0.2241 0.2893 
0.0075 0.4917 0.3906 0.1102 
0.2528 0.2172 0.2061 0.3239 
0.3073 0.1783 0.2572 0.2571 
0.2647 0.2227 0.2624 0.2501 
0.2520 0.2487 0.2401 0.2592 
0.2283 0.2329 0.2637 0.2751 
0.2492 0.2500 0.2685 0.2323 
0.2798 0.3227 0.3768 0.0207 
0.2457 0.2564 0.2475 0.2504 
0.2520 0.2504 0.2600 0.2376 
0.2636 0.2297 0.2678 0.2389 
0.2387 0.2659 0.2614 0.2339 

MOTIF filter9 
letter-probability matrix: alength= 4 w= 19 nsites= 19 
0.2577 0.2563 0.2593 0.2268 
0.2119 0.2481 0.2727 0.2673 
0.1671 0.2569 0.2695 0.3064 
0.2109 0.3869 0.2200 0.1822 
0.3547 0.1310 0.3757 0.1385 
0.0995 0.5307 0.1435 0.2263 
0.2358 0.1833 0.1203 0.4607 
0.0898 0.1445 0.3891 0.3765 
0.0455 0.7824 0.1619 0.0102 
0.3913 0.5816 0.0211 0.0061 
0.4196 0.2391 0.2895 0.0518 
0.0200 0.0819 0.5094 0.3887 
0.0508 0.2037 0.1254 0.6201 
0.0457 0.1136 0.4796 0.3611 
0.1605 0.2746 0.2179 0.3469 
0.2108 0.2207 0.3397 0.2288 
0.2341 0.3065 0.1882 0.2712 
0.2328 0.2525 0.2164 0.2983 
0.2481 0.2617 0.2363 0.2539 

MOTIF filter10 
letter-probability matrix: alength= 4 w= 19 nsites= 19 
0.2430 0.2381 0.2462 0.2727 
0.2343 0.2268 0.2431 0.2959 
0.2167 0.2292 0.3004 0.2538 
0.1610 0.3611 0.2229 0.2549 
0.2343 0.3434 0.1970 0.2253 
0.4419 0.1385 0.2324 0.1871 
0.2693 0.4326 0.1513 0.1467 
0.2048 0.1422 0.1871 0.4659 
0.0755 0.0300 0.0783 0.8162 
0.0529 0.6078 0.3192 0.0200 
0.1974 0.7815 0.0065 0.0147 
0.0141 0.0081 0.7769 0.2009 
0.0271 0.2720 0.6093 0.0916 
0.7810 0.0555 0.0603 0.1032 
0.4612 0.2126 0.1453 0.1809 
0.1514 0.1706 0.4408 0.2372 
0.2130 0.2649 0.1352 0.3869 
0.3033 0.1873 0.2929 0.2165 
0.2837 0.2021 0.3136 0.2006 

MOTIF filter11 
letter-probability matrix: alength= 4 w= 19 nsites= 19 
0.2561 0.2582 0.1818 0.3039 
0.3281 0.1523 0.3527 0.1669 
0.1417 0.0180 0.5272 0.3130 
0.3858 0.0147 0.5658 0.0337 
0.0260 0.0117 0.8131 0.1492 
0.0105 0.0318 0.7897 0.1681 
0.2293 0.2269 0.1002 0.4437 
0.0478 0.0140 0.7983 0.1400 
0.0450 0.0235 0.8774 0.0541 
0.3321 0.0359 0.5693 0.0627 
0.1826 0.1024 0.6992 0.0157 
0.2247 0.4299 0.1969 0.1485 
0.2630 0.2457 0.2580 0.2333 
0.3480 0.2348 0.2084 0.2088 
0.2583 0.2318 0.2691 0.2408 
0.2598 0.2553 0.2257 0.2592 
0.2656 0.2693 0.2437 0.2214 
0.2177 0.2570 0.2811 0.2443 
0.2759 0.2206 0.2681 0.2355 

MOTIF filter12 
letter-probability matrix: alength= 4 w= 19 nsites= 19 
0.2870 0.2358 0.2398 0.2374 
0.3381 0.1888 0.2439 0.2292 
0.2916 0.1885 0.2150 0.3048 
0.3010 0.2621 0.2139 0.2230 
0.2111 0.1581 0.2147 0.4161 
0.1862 0.1482 0.3771 0.2885 
0.2703 0.1165 0.4808 0.1323 
0.2300 0.3248 0.4169 0.0283 
0.0115 0.0088 0.0260 0.9537 
0.0380 0.4585 0.4702 0.0333 
0.9378 0.0209 0.0235 0.0179 
0.0552 0.4199 0.3946 0.1303 
0.1402 0.4031 0.0724 0.3844 
0.2682 0.3762 0.1232 0.2324 
0.3887 0.1724 0.2190 0.2198 
0.2014 0.1965 0.3701 0.2320 
0.2830 0.2142 0.2025 0.3003 
0.2157 0.2306 0.1798 0.3739 
0.2113 0.2390 0.2420 0.3077 

MOTIF filter13 
letter-probability matrix: alength= 4 w= 19 nsites= 19 
0.2517 0.3502 0.1938 0.2043 
0.1736 0.5831 0.1399 0.1033 
0.1679 0.4964 0.2386 0.0971 
0.3193 0.2562 0.1391 0.2854 
0.1998 0.1166 0.2861 0.3975 
0.6205 0.1240 0.2454 0.0101 
0.0080 0.0125 0.0114 0.9681 
0.1801 0.0799 0.0241 0.7159 
0.1653 0.0098 0.4528 0.3721 
0.0405 0.4827 0.2273 0.2495 
0.1034 0.0441 0.8345 0.0180 
0.1817 0.2834 0.1415 0.3934 
0.5815 0.3334 0.0698 0.0153 
0.8333 0.0443 0.0472 0.0753 
0.1051 0.3483 0.2177 0.3288 
0.2351 0.2582 0.2039 0.3027 
0.2785 0.2219 0.2592 0.2404 
0.1913 0.2258 0.2914 0.2916 
0.1839 0.2125 0.2655 0.3381 

MOTIF filter14 
letter-probability matrix: alength= 4 w= 19 nsites= 19 
0.2898 0.2222 0.2670 0.2209 
0.2662 0.2642 0.2407 0.2288 
0.2496 0.2652 0.2499 0.2353 
0.2361 0.2163 0.3168 0.2308 
0.2697 0.2457 0.2507 0.2339 
0.2021 0.2283 0.2218 0.3478 
0.1669 0.0083 0.3958 0.4290 
0.1648 0.4053 0.2289 0.2010 
0.2684 0.4573 0.1047 0.1697 
0.5115 0.0248 0.3921 0.0716 
0.1789 0.4069 0.0373 0.3769 
0.2369 0.3632 0.3379 0.0620 
0.4805 0.1019 0.1480 0.2696 
0.0205 0.2519 0.3149 0.4127 
0.1562 0.2675 0.3227 0.2536 
0.1526 0.2298 0.2936 0.3241 
0.1935 0.3043 0.1992 0.3030 
0.2289 0.2463 0.2796 0.2452 
0.2528 0.2529 0.2242 0.2701 

MOTIF filter15 
letter-probability matrix: alength= 4 w= 19 nsites= 19 
0.3693 0.1822 0.2610 0.1876 
0.0882 0.3888 0.2170 0.3061 
0.0067 0.2044 0.0262 0.7628 
0.0085 0.2045 0.0275 0.7595 
0.0803 0.8954 0.0122 0.0121 
0.0197 0.7759 0.0163 0.1881 
0.1277 0.0845 0.5541 0.2337 
0.1571 0.4951 0.3068 0.0410 
0.0451 0.4828 0.3601 0.1120 
0.3722 0.3372 0.0890 0.2016 
0.4854 0.3047 0.0767 0.1332 
0.2591 0.2974 0.1861 0.2574 
0.2665 0.2542 0.2865 0.1927 
0.2736 0.2381 0.1957 0.2926 
0.2489 0.2162 0.2533 0.2816 
0.2387 0.2516 0.2566 0.2531 
0.2646 0.2470 0.2468 0.2416 
0.2717 0.2519 0.2203 0.2561 
0.2743 0.2309 0.2552 0.2395 

MOTIF filter16 
letter-probability matrix: alength= 4 w= 19 nsites= 19 
0.2211 0.2795 0.2547 0.2448 
0.2580 0.2622 0.2508 0.2290 
0.2384 0.2625 0.2169 0.2822 
0.2167 0.2115 0.3252 0.2466 
0.2370 0.3250 0.2517 0.1863 
0.2395 0.3178 0.2223 0.2204 
0.2710 0.2736 0.1972 0.2582 
0.2744 0.2373 0.2221 0.2663 
0.4610 0.1058 0.1712 0.2619 
0.2957 0.0987 0.1415 0.4642 
0.2562 0.0127 0.1690 0.5621 
0.2909 0.3493 0.1059 0.2539 
0.3739 0.0174 0.0070 0.6017 
0.0752 0.0091 0.7868 0.1289 
0.2373 0.7164 0.0049 0.0414 
0.5610 0.0447 0.0838 0.3105 
0.2287 0.0909 0.2870 0.3934 
0.5517 0.1419 0.0314 0.2749 
0.3670 0.2072 0.1269 0.2988 

MOTIF filter17 
letter-probability matrix: alength= 4 w= 19 nsites= 19 
0.2573 0.1966 0.3162 0.2299 
0.3278 0.2245 0.2089 0.2388 
0.1952 0.1570 0.3362 0.3116 
0.3169 0.1142 0.3185 0.2504 
0.3736 0.2182 0.1521 0.2562 
0.1976 0.3281 0.3456 0.1286 
0.2084 0.4814 0.0706 0.2396 
0.3447 0.4236 0.2218 0.0099 
0.2287 0.1497 0.1019 0.5198 
0.1008 0.3236 0.2355 0.3400 
0.4400 0.1303 0.1997 0.2300 
0.0689 0.3449 0.5354 0.0509 
0.1635 0.0078 0.5595 0.2692 
0.2823 0.3332 0.1196 0.2650 
0.4354 0.1845 0.1922 0.1879 
0.3508 0.3212 0.0966 0.2314 
0.2288 0.2759 0.2384 0.2568 
0.2311 0.2474 0.2870 0.2344 
0.2197 0.2663 0.2434 0.2705 

MOTIF filter18 
letter-probability matrix: alength= 4 w= 19 nsites= 19 
0.0977 0.3816 0.0259 0.4948 
0.0108 0.0064 0.4858 0.4969 
0.9523 0.0158 0.0190 0.0129 
0.2565 0.2882 0.2473 0.2080 
0.1897 0.0084 0.0284 0.7735 
0.2662 0.5255 0.0107 0.1976 
0.5360 0.0197 0.1674 0.2770 
0.0220 0.2695 0.1413 0.5672 
0.6259 0.1646 0.1023 0.1072 
0.2147 0.1789 0.4495 0.1570 
0.2679 0.3363 0.2089 0.1870 
0.2577 0.2713 0.2864 0.1846 
0.2255 0.3180 0.2184 0.2381 
0.2509 0.2570 0.2556 0.2365 
0.2440 0.2200 0.2834 0.2525 
0.2492 0.2149 0.2547 0.2813 
0.2262 0.2792 0.2336 0.2610 
0.2465 0.2120 0.2758 0.2658 
0.2598 0.2531 0.2406 0.2464 

MOTIF filter19 
letter-probability matrix: alength= 4 w= 19 nsites= 19 
0.2755 0.2260 0.2605 0.2381 
0.2762 0.2566 0.2466 0.2206 
0.2791 0.2703 0.2381 0.2125 
0.2551 0.2560 0.2423 0.2466 
0.2614 0.2488 0.2657 0.2241 
0.2602 0.2779 0.2308 0.2311 
0.2557 0.2796 0.2182 0.2464 
0.1930 0.3036 0.2064 0.2970 
0.0665 0.3892 0.2984 0.2459 
0.4385 0.2300 0.1874 0.1441 
0.3566 0.0501 0.1832 0.4100 
0.2345 0.2974 0.0119 0.4562 
0.0584 0.4269 0.5085 0.0062 
0.5333 0.0307 0.3278 0.1082 
0.3325 0.2315 0.1307 0.3053 
0.2004 0.2284 0.2504 0.3207 
0.2311 0.3225 0.2877 0.1587 
0.3541 0.2105 0.2419 0.1935 
0.2155 0.2226 0.2973 0.2646 

MOTIF filter20 
letter-probability matrix: alength= 4 w= 19 nsites= 19 
0.2861 0.1991 0.2144 0.3005 
0.2828 0.2857 0.2284 0.2031 
0.3399 0.1452 0.2988 0.2162 
0.2155 0.3809 0.2259 0.1776 
0.8135 0.0799 0.0861 0.0205 
0.7601 0.0257 0.1807 0.0335 
0.3636 0.1886 0.3975 0.0504 
0.8886 0.0250 0.0738 0.0127 
0.0153 0.0604 0.0107 0.9135 
0.0051 0.0242 0.9093 0.0614 
0.0282 0.0445 0.8954 0.0319 
0.1659 0.6495 0.0216 0.1630 
0.1556 0.2128 0.4046 0.2270 
0.1577 0.1536 0.5381 0.1506 
0.2114 0.5285 0.0762 0.1839 
0.2678 0.2476 0.2566 0.2280 
0.2499 0.2363 0.2695 0.2443 
0.2743 0.2981 0.2251 0.2025 
0.2390 0.2606 0.2400 0.2604 

MOTIF filter21 
letter-probability matrix: alength= 4 w= 19 nsites= 19 
0.2803 0.2426 0.2343 0.2428 
0.2518 0.3078 0.2529 0.1874 
0.2544 0.2706 0.2766 0.1984 
0.2692 0.2266 0.2656 0.2386 
0.1952 0.2781 0.1775 0.3492 
0.1703 0.1547 0.3095 0.3656 
0.1844 0.1760 0.1059 0.5336 
0.0552 0.3052 0.2826 0.3570 
0.0861 0.4435 0.0884 0.3821 
0.0510 0.3875 0.0085 0.5530 
0.7191 0.0212 0.1596 0.1001 
0.1325 0.0692 0.5168 0.2814 
0.3468 0.2125 0.3123 0.1284 
0.6863 0.0323 0.1301 0.1513 
0.4387 0.2184 0.0828 0.2601 
0.2604 0.1794 0.1291 0.4311 
0.4009 0.2482 0.1108 0.2401 
0.2731 0.2101 0.2203 0.2965 
0.2455 0.2911 0.2019 0.2616 

MOTIF filter22 
letter-probability matrix: alength= 4 w= 19 nsites= 19 
0.2570 0.2328 0.2560 0.2542 
0.2328 0.2764 0.2265 0.2642 
0.2305 0.1973 0.2955 0.2767 
0.2159 0.2102 0.1917 0.3821 
0.1516 0.2198 0.2026 0.4260 
0.2064 0.4471 0.1902 0.1563 
0.1710 0.4232 0.1477 0.2581 
0.2535 0.2590 0.1878 0.2997 
0.2658 0.0115 0.1941 0.5286 
0.0102 0.0112 0.3158 0.6628 
0.6639 0.3021 0.0216 0.0123 
0.4866 0.2055 0.0278 0.2801 
0.3090 0.1812 0.2551 0.2547 
0.2626 0.1389 0.4413 0.1573 
0.1610 0.1649 0.4710 0.2031 
0.3830 0.1907 0.2487 0.1776 
0.3893 0.1407 0.2416 0.2283 
0.2876 0.2380 0.2152 0.2592 
0.2622 0.2687 0.2231 0.2460 

MOTIF filter23 
letter-probability matrix: alength= 4 w= 19 nsites= 19 
0.2206 0.2552 0.2713 0.2529 
0.2507 0.2360 0.2207 0.2926 
0.3404 0.2241 0.2515 0.1840 
0.3061 0.2262 0.2062 0.2615 
0.3039 0.2097 0.2363 0.2501 
0.1953 0.2774 0.2373 0.2900 
0.2414 0.2268 0.3076 0.2242 
0.3103 0.2097 0.3119 0.1681 
0.3431 0.1588 0.2521 0.2460 
0.0175 0.6785 0.1049 0.1991 
0.0507 0.4113 0.0237 0.5143 
0.6001 0.0677 0.1943 0.1378 
0.9049 0.0183 0.0570 0.0199 
0.0117 0.0243 0.0151 0.9489 
0.1137 0.1300 0.0527 0.7036 
0.4068 0.0220 0.5217 0.0495 
0.1521 0.1199 0.7016 0.0265 
0.2135 0.3079 0.1215 0.3572 
0.1523 0.3077 0.1954 0.3446 

MOTIF filter24 
letter-probability matrix: alength= 4 w= 19 nsites= 19 
0.2633 0.2732 0.2008 0.2627 
0.2416 0.2624 0.2574 0.2386 
0.2176 0.2402 0.2828 0.2594 
0.2495 0.2106 0.2468 0.2931 
0.2829 0.2000 0.2739 0.2432 
0.2854 0.1861 0.2859 0.2426 
0.2200 0.2344 0.2983 0.2473 
0.1877 0.2924 0.3001 0.2197 
0.1846 0.4343 0.1745 0.2066 
0.1359 0.4984 0.1850 0.1807 
0.1732 0.4884 0.1913 0.1472 
0.2021 0.3393 0.3259 0.1327 
0.1006 0.5946 0.1681 0.1368 
0.0128 0.8429 0.0101 0.1342 
0.2854 0.6097 0.0084 0.0965 
0.0418 0.8600 0.0153 0.0830 
0.1026 0.2383 0.3699 0.2892 
0.1191 0.4059 0.0460 0.4290 
0.1136 0.4449 0.3524 0.0890 

MOTIF filter25 
letter-probability matrix: alength= 4 w= 19 nsites= 19 
0.2331 0.2559 0.2941 0.2169 
0.2490 0.2833 0.2036 0.2641 
0.2500 0.2056 0.2223 0.3220 
0.2672 0.2848 0.2426 0.2053 
0.3503 0.2389 0.1755 0.2354 
0.2349 0.1539 0.2651 0.3462 
0.2352 0.1181 0.2590 0.3877 
0.2967 0.1664 0.2757 0.2612 
0.2286 0.4289 0.2037 0.1388 
0.0089 0.9167 0.0676 0.0068 
0.6287 0.0197 0.0797 0.2719 
0.0144 0.7391 0.0768 0.1696 
0.2857 0.0578 0.6449 0.0115 
0.0370 0.0437 0.0371 0.8822 
0.2726 0.0436 0.6542 0.0296 
0.1454 0.3228 0.2175 0.3143 
0.2552 0.2833 0.1603 0.3011 
0.2275 0.1984 0.3330 0.2411 
0.2371 0.3010 0.2225 0.2394 

MOTIF filter26 
letter-probability matrix: alength= 4 w= 19 nsites= 19 
0.3115 0.2987 0.1145 0.2753 
0.3179 0.2400 0.1133 0.3288 
0.3103 0.2213 0.2175 0.2509 
0.2455 0.1809 0.1322 0.4414 
0.1114 0.2226 0.6197 0.0463 
0.0754 0.4008 0.0132 0.5106 
0.1407 0.4808 0.0088 0.3697 
0.3828 0.0095 0.5469 0.0609 
0.5247 0.0088 0.3472 0.1193 
0.0295 0.6725 0.1576 0.1404 
0.5278 0.0997 0.1127 0.2598 
0.2094 0.3468 0.1590 0.2848 
0.3783 0.0954 0.2006 0.3257 
0.2396 0.0953 0.3307 0.3343 
0.2451 0.2573 0.1476 0.3501 
0.2413 0.2700 0.2596 0.2291 
0.2247 0.2621 0.2741 0.2391 
0.2204 0.2420 0.3030 0.2347 
0.2795 0.2642 0.2219 0.2343 

MOTIF filter27 
letter-probability matrix: alength= 4 w= 19 nsites= 19 
0.2524 0.2667 0.2475 0.2334 
0.2432 0.2574 0.2782 0.2212 
0.2230 0.2694 0.2720 0.2356 
0.2204 0.2092 0.2599 0.3106 
0.2360 0.2887 0.2397 0.2356 
0.2299 0.1831 0.2454 0.3416 
0.3649 0.2394 0.2165 0.1792 
0.2604 0.1274 0.2421 0.3702 
0.2317 0.4553 0.0080 0.3050 
0.4738 0.0153 0.1174 0.3936 
0.3880 0.4147 0.0152 0.1821 
0.2013 0.0296 0.3599 0.4092 
0.3916 0.1252 0.0336 0.4497 
0.2737 0.0278 0.5432 0.1552 
0.3544 0.2394 0.1481 0.2582 
0.2108 0.2156 0.2137 0.3598 
0.3163 0.2279 0.2359 0.2199 
0.2590 0.2489 0.2987 0.1933 
0.2557 0.2786 0.2248 0.2409 

MOTIF filter28 
letter-probability matrix: alength= 4 w= 19 nsites= 19 
0.1653 0.5233 0.1650 0.1464 
0.0884 0.2641 0.0801 0.5674 
0.3556 0.1258 0.3500 0.1686 
0.4669 0.1188 0.0379 0.3764 
0.4425 0.3938 0.0381 0.1255 
0.1991 0.3535 0.1821 0.2654 
0.7435 0.0108 0.0196 0.2261 
0.1379 0.0570 0.0065 0.7986 
0.6010 0.0158 0.3769 0.0063 
0.0863 0.0067 0.7866 0.1204 
0.4387 0.2951 0.1353 0.1310 
0.2272 0.2994 0.1778 0.2955 
0.2212 0.1541 0.4503 0.1745 
0.1753 0.2561 0.3609 0.2076 
0.1923 0.2198 0.3186 0.2694 
0.2139 0.3297 0.2464 0.2100 
0.2731 0.2467 0.2246 0.2555 
0.2785 0.2417 0.2084 0.2714 
0.2254 0.2901 0.2365 0.2481 

MOTIF filter29 
letter-probability matrix: alength= 4 w= 19 nsites= 19 
0.0289 0.0209 0.0567 0.8936 
0.0043 0.0080 0.6216 0.3661 
0.4178 0.0107 0.4586 0.1128 
0.0226 0.5626 0.3598 0.0551 
0.1296 0.1853 0.2823 0.4028 
0.1666 0.7061 0.0070 0.1203 
0.8884 0.0802 0.0176 0.0138 
0.6864 0.1275 0.0737 0.1124 
0.1337 0.3277 0.1985 0.3401 
0.1942 0.2519 0.2320 0.3219 
0.2269 0.2557 0.2490 0.2684 
0.2047 0.2561 0.3169 0.2223 
0.2104 0.2417 0.2933 0.2546 
0.2852 0.2036 0.3186 0.1925 
0.2805 0.2289 0.2525 0.2382 
0.3034 0.2480 0.2138 0.2348 
0.2343 0.2458 0.2372 0.2828 
0.2837 0.2336 0.2459 0.2369 
0.2881 0.2550 0.2346 0.2222 

