MEME version 4

ALPHABET= ACGT

Background letter frequencies:
A 0.2500 C 0.2500 G 0.2500 T 0.2500 

MOTIF filter0 
letter-probability matrix: alength= 4 w= 19 nsites= 19 
0.2555 0.2382 0.2536 0.2526 
0.2440 0.2305 0.3237 0.2018 
0.2433 0.2359 0.2268 0.2940 
0.2507 0.2265 0.2532 0.2696 
0.2614 0.2656 0.2411 0.2319 
0.2280 0.2807 0.2696 0.2216 
0.2812 0.2580 0.3027 0.1581 
0.2953 0.2027 0.2438 0.2582 
0.0698 0.6739 0.2421 0.0142 
0.1100 0.8549 0.0206 0.0144 
0.0127 0.0107 0.9604 0.0162 
0.0139 0.0139 0.9614 0.0108 
0.9586 0.0144 0.0136 0.0135 
0.9654 0.0120 0.0129 0.0097 
0.1612 0.0663 0.7597 0.0128 
0.1047 0.3079 0.0562 0.5311 
0.1879 0.1554 0.5338 0.1229 
0.2371 0.2691 0.4258 0.0679 
0.2368 0.3188 0.2554 0.1891 

MOTIF filter1 
letter-probability matrix: alength= 4 w= 19 nsites= 19 
0.2307 0.2845 0.2404 0.2444 
0.2684 0.2396 0.2413 0.2508 
0.2705 0.2503 0.2286 0.2506 
0.2656 0.2426 0.2347 0.2571 
0.2470 0.2339 0.2515 0.2677 
0.2663 0.2556 0.2191 0.2590 
0.2404 0.2530 0.2540 0.2525 
0.9647 0.0125 0.0111 0.0118 
0.0124 0.0131 0.0132 0.9613 
0.0287 0.3009 0.0090 0.6614 
0.9412 0.0139 0.0126 0.0323 
0.9623 0.0109 0.0148 0.0119 
0.8097 0.0115 0.0363 0.1425 
0.2432 0.2241 0.2632 0.2695 
0.2633 0.2471 0.2379 0.2517 
0.2508 0.2339 0.2469 0.2685 
0.2446 0.2524 0.2380 0.2649 
0.2334 0.2462 0.2628 0.2576 
0.2853 0.2417 0.2571 0.2159 

MOTIF filter2 
letter-probability matrix: alength= 4 w= 19 nsites= 19 
0.2495 0.2587 0.2355 0.2563 
0.2516 0.2495 0.2623 0.2365 
0.2359 0.2835 0.2499 0.2307 
0.2423 0.2625 0.2536 0.2415 
0.3786 0.2175 0.2511 0.1527 
0.2629 0.2955 0.2810 0.1606 
0.0123 0.9714 0.0072 0.0091 
0.9125 0.0124 0.0521 0.0230 
0.0133 0.8941 0.0179 0.0747 
0.0808 0.0168 0.8903 0.0120 
0.0322 0.0560 0.0163 0.8954 
0.0088 0.0167 0.9662 0.0083 
0.1609 0.3239 0.2800 0.2353 
0.1624 0.2520 0.1983 0.3873 
0.2323 0.2476 0.2600 0.2601 
0.2363 0.2644 0.2574 0.2419 
0.2429 0.2331 0.2701 0.2539 
0.2514 0.2563 0.2242 0.2681 
0.2339 0.2882 0.2561 0.2218 

MOTIF filter3 
letter-probability matrix: alength= 4 w= 19 nsites= 19 
0.2639 0.2216 0.2348 0.2798 
0.2322 0.2729 0.2275 0.2674 
0.2610 0.2584 0.2525 0.2280 
0.2133 0.2445 0.2853 0.2569 
0.2621 0.2308 0.2584 0.2487 
0.2223 0.2638 0.2441 0.2697 
0.1116 0.2374 0.4085 0.2426 
0.0105 0.5731 0.1495 0.2668 
0.0566 0.6837 0.0094 0.2502 
0.0144 0.9657 0.0116 0.0083 
0.0126 0.9260 0.0150 0.0464 
0.2072 0.0075 0.4204 0.3650 
0.0176 0.9529 0.0158 0.0137 
0.0140 0.9619 0.0120 0.0121 
0.0127 0.6594 0.0104 0.3175 
0.1867 0.5881 0.0089 0.2163 
0.1153 0.4911 0.1366 0.2571 
0.2221 0.2692 0.2602 0.2485 
0.2702 0.2489 0.2478 0.2331 

MOTIF filter4 
letter-probability matrix: alength= 4 w= 19 nsites= 19 
0.2428 0.2488 0.2486 0.2598 
0.2563 0.2516 0.2178 0.2742 
0.2372 0.2412 0.2251 0.2965 
0.2265 0.2600 0.2575 0.2559 
0.2462 0.2269 0.2771 0.2498 
0.2393 0.2634 0.2551 0.2422 
0.2690 0.2393 0.2210 0.2707 
0.1895 0.2023 0.3359 0.2723 
0.0392 0.4290 0.2657 0.2662 
0.0856 0.5626 0.1720 0.1798 
0.6328 0.0270 0.2953 0.0449 
0.0110 0.8082 0.0612 0.1196 
0.0136 0.0098 0.0168 0.9598 
0.0062 0.0095 0.0063 0.9780 
0.0079 0.9753 0.0073 0.0095 
0.0141 0.9718 0.0065 0.0076 
0.0115 0.0261 0.8364 0.1260 
0.0099 0.3199 0.5806 0.0897 
0.2684 0.2807 0.2268 0.2241 

MOTIF filter5 
letter-probability matrix: alength= 4 w= 19 nsites= 19 
0.2396 0.2718 0.2463 0.2423 
0.2300 0.2422 0.2678 0.2600 
0.2750 0.2404 0.2428 0.2418 
0.2462 0.2546 0.2784 0.2207 
0.2456 0.2125 0.2732 0.2688 
0.2676 0.2253 0.2536 0.2534 
0.1398 0.0287 0.0086 0.8228 
0.0142 0.0102 0.0109 0.9647 
0.0306 0.0153 0.0125 0.9415 
0.6763 0.0102 0.2900 0.0234 
0.9644 0.0093 0.0104 0.0160 
0.0092 0.0108 0.0103 0.9697 
0.2665 0.2604 0.2340 0.2391 
0.2440 0.2607 0.2292 0.2660 
0.2550 0.2559 0.2454 0.2438 
0.2340 0.2518 0.2862 0.2281 
0.2576 0.2478 0.2728 0.2218 
0.2410 0.2460 0.2524 0.2605 
0.2432 0.2372 0.2709 0.2488 

MOTIF filter6 
letter-probability matrix: alength= 4 w= 19 nsites= 19 
0.2737 0.2354 0.2418 0.2490 
0.2522 0.2563 0.2674 0.2241 
0.2519 0.2561 0.2505 0.2415 
0.2475 0.2368 0.2421 0.2735 
0.2588 0.2565 0.2558 0.2290 
0.2647 0.2397 0.2452 0.2504 
0.2330 0.2391 0.2707 0.2573 
0.2744 0.2599 0.2454 0.2202 
0.1876 0.1000 0.4779 0.2345 
0.1543 0.5044 0.1722 0.1690 
0.2514 0.3445 0.2281 0.1760 
0.1665 0.0290 0.6257 0.1788 
0.0098 0.9655 0.0106 0.0141 
0.0087 0.9692 0.0120 0.0100 
0.9521 0.0104 0.0261 0.0114 
0.0147 0.0116 0.0098 0.9639 
0.0686 0.4119 0.1871 0.3324 
0.0435 0.0874 0.0472 0.8220 
0.0172 0.0652 0.0084 0.9092 

MOTIF filter7 
letter-probability matrix: alength= 4 w= 19 nsites= 19 
0.2577 0.2385 0.2559 0.2479 
0.2516 0.2448 0.2716 0.2320 
0.2624 0.1416 0.4577 0.1384 
0.2853 0.0139 0.5312 0.1696 
0.3381 0.0132 0.6353 0.0134 
0.0158 0.0176 0.9497 0.0168 
0.0196 0.0304 0.9314 0.0186 
0.3394 0.3881 0.0105 0.2620 
0.0602 0.0214 0.8996 0.0189 
0.0137 0.0202 0.9459 0.0202 
0.3369 0.0172 0.5921 0.0538 
0.2690 0.1084 0.6109 0.0116 
0.2267 0.4044 0.2249 0.1440 
0.2353 0.2624 0.2501 0.2522 
0.2381 0.2807 0.2469 0.2343 
0.2592 0.2666 0.2457 0.2284 
0.2651 0.2479 0.2459 0.2411 
0.2328 0.2582 0.2475 0.2615 
0.2670 0.2258 0.2794 0.2278 

MOTIF filter8 
letter-probability matrix: alength= 4 w= 19 nsites= 19 
0.3750 0.2185 0.2332 0.1734 
0.2571 0.2509 0.2558 0.2362 
0.2286 0.2543 0.2889 0.2283 
0.1848 0.2321 0.3656 0.2174 
0.2675 0.1816 0.3410 0.2098 
0.2045 0.2808 0.2308 0.2839 
0.2725 0.2667 0.2217 0.2392 
0.2684 0.2929 0.2255 0.2132 
0.1283 0.2828 0.3232 0.2657 
0.2033 0.1836 0.3512 0.2618 
0.3851 0.1413 0.3873 0.0863 
0.1186 0.0136 0.7260 0.1419 
0.2629 0.0100 0.7196 0.0076 
0.0063 0.0164 0.9655 0.0118 
0.0139 0.0592 0.9132 0.0137 
0.4181 0.4825 0.0151 0.0844 
0.0500 0.0180 0.9168 0.0152 
0.0059 0.0099 0.9716 0.0126 
0.1838 0.0123 0.7689 0.0349 

MOTIF filter9 
letter-probability matrix: alength= 4 w= 19 nsites= 19 
0.3084 0.2454 0.1071 0.3391 
0.2974 0.1789 0.2723 0.2514 
0.4421 0.1373 0.1659 0.2546 
0.2200 0.2733 0.4040 0.1027 
0.0110 0.0237 0.0118 0.9535 
0.1045 0.8737 0.0111 0.0107 
0.9668 0.0088 0.0122 0.0122 
0.0106 0.0110 0.8317 0.1467 
0.0093 0.9723 0.0092 0.0092 
0.8856 0.0207 0.0106 0.0830 
0.3089 0.2069 0.2037 0.2805 
0.4157 0.0968 0.0524 0.4351 
0.3612 0.1241 0.0594 0.4553 
0.2879 0.2037 0.0716 0.4368 
0.2553 0.2515 0.2402 0.2530 
0.2365 0.2557 0.2499 0.2579 
0.2272 0.2621 0.2728 0.2379 
0.2507 0.2635 0.2455 0.2402 
0.2741 0.2594 0.2405 0.2260 

MOTIF filter10 
letter-probability matrix: alength= 4 w= 19 nsites= 19 
0.2564 0.2484 0.2519 0.2433 
0.2457 0.2581 0.2411 0.2551 
0.2570 0.2349 0.2545 0.2537 
0.2478 0.2340 0.2501 0.2681 
0.2673 0.2495 0.2455 0.2377 
0.2758 0.2509 0.2444 0.2289 
0.4048 0.1439 0.3998 0.0515 
0.0119 0.0195 0.0095 0.9591 
0.0102 0.0111 0.1274 0.8512 
0.2369 0.0115 0.5992 0.1524 
0.0691 0.6537 0.0538 0.2234 
0.1812 0.0506 0.7116 0.0566 
0.1410 0.5208 0.0122 0.3260 
0.8395 0.1421 0.0088 0.0097 
0.9541 0.0177 0.0134 0.0148 
0.0651 0.3204 0.2142 0.4003 
0.2583 0.2397 0.2463 0.2557 
0.2763 0.2354 0.2353 0.2530 
0.2433 0.2533 0.2523 0.2512 

MOTIF filter11 
letter-probability matrix: alength= 4 w= 19 nsites= 19 
0.2440 0.2956 0.2334 0.2270 
0.2996 0.1649 0.3854 0.1501 
0.2180 0.0119 0.5103 0.2597 
0.3446 0.0149 0.6284 0.0122 
0.0161 0.0178 0.9462 0.0199 
0.0224 0.0229 0.9399 0.0149 
0.2937 0.4524 0.0081 0.2458 
0.0502 0.0158 0.9073 0.0268 
0.0128 0.0203 0.9444 0.0225 
0.2725 0.0179 0.6457 0.0639 
0.2394 0.1292 0.6230 0.0085 
0.2042 0.4286 0.2436 0.1236 
0.2807 0.3028 0.2279 0.1886 
0.2762 0.2583 0.2214 0.2441 
0.2369 0.2306 0.2508 0.2817 
0.2622 0.2476 0.2484 0.2418 
0.2563 0.2515 0.2377 0.2544 
0.2519 0.2594 0.2499 0.2388 
0.2411 0.2581 0.2529 0.2479 

MOTIF filter12 
letter-probability matrix: alength= 4 w= 19 nsites= 19 
0.2544 0.1664 0.3133 0.2659 
0.3168 0.1655 0.4589 0.0589 
0.0071 0.0091 0.0076 0.9761 
0.0110 0.0089 0.9382 0.0419 
0.9713 0.0116 0.0091 0.0080 
0.0484 0.5118 0.4159 0.0240 
0.0109 0.0109 0.0094 0.9687 
0.0712 0.9082 0.0085 0.0120 
0.9650 0.0093 0.0127 0.0130 
0.0374 0.3317 0.2544 0.3765 
0.2107 0.2732 0.2731 0.2430 
0.2112 0.2472 0.3159 0.2256 
0.2401 0.2540 0.2532 0.2527 
0.2689 0.2452 0.2638 0.2220 
0.2307 0.2672 0.2729 0.2292 
0.2841 0.2312 0.2422 0.2425 
0.2138 0.2836 0.2928 0.2098 
0.2406 0.2680 0.2439 0.2475 
0.2655 0.2729 0.2106 0.2510 

MOTIF filter13 
letter-probability matrix: alength= 4 w= 19 nsites= 19 
0.2118 0.2757 0.2609 0.2517 
0.1926 0.2091 0.1219 0.4764 
0.1447 0.1640 0.4103 0.2810 
0.3237 0.3603 0.1347 0.1812 
0.0331 0.8829 0.0531 0.0309 
0.0088 0.8873 0.0436 0.0603 
0.5641 0.0447 0.0594 0.3319 
0.1322 0.0062 0.0182 0.8434 
0.9422 0.0198 0.0314 0.0067 
0.0078 0.0167 0.0333 0.9422 
0.8758 0.0264 0.0037 0.0940 
0.2481 0.0479 0.0486 0.6555 
0.0742 0.0802 0.8163 0.0293 
0.0150 0.0210 0.9402 0.0238 
0.2150 0.1226 0.3706 0.2919 
0.2335 0.5592 0.1227 0.0845 
0.5015 0.1474 0.1715 0.1797 
0.2142 0.2639 0.2438 0.2782 
0.2130 0.2994 0.2537 0.2339 

MOTIF filter14 
letter-probability matrix: alength= 4 w= 19 nsites= 19 
0.2429 0.2501 0.2690 0.2380 
0.2351 0.2662 0.2514 0.2473 
0.2664 0.2264 0.2514 0.2559 
0.4216 0.1937 0.3223 0.0624 
0.0146 0.0127 0.0084 0.9642 
0.0084 0.0062 0.1345 0.8509 
0.3304 0.0096 0.5177 0.1424 
0.0461 0.7680 0.0362 0.1498 
0.1845 0.0558 0.7090 0.0507 
0.1423 0.5956 0.0113 0.2508 
0.8771 0.1059 0.0072 0.0098 
0.9739 0.0113 0.0088 0.0060 
0.0375 0.3691 0.1209 0.4725 
0.2775 0.2641 0.2468 0.2115 
0.2450 0.2277 0.2670 0.2603 
0.2436 0.2517 0.2413 0.2634 
0.2512 0.2703 0.2395 0.2390 
0.2625 0.2362 0.2546 0.2467 
0.2613 0.2414 0.2426 0.2546 

MOTIF filter15 
letter-probability matrix: alength= 4 w= 19 nsites= 19 
0.0200 0.8065 0.0474 0.1262 
0.0222 0.0167 0.0217 0.9394 
0.0111 0.0123 0.0124 0.9641 
0.0151 0.9625 0.0119 0.0105 
0.0122 0.9573 0.0105 0.0201 
0.0193 0.0224 0.8456 0.1127 
0.0149 0.2244 0.7181 0.0426 
0.2968 0.2223 0.2254 0.2555 
0.2111 0.2392 0.2391 0.3106 
0.2181 0.2510 0.3135 0.2174 
0.2468 0.2487 0.2795 0.2250 
0.2675 0.2635 0.2314 0.2376 
0.2418 0.2207 0.2394 0.2981 
0.2599 0.2064 0.2778 0.2559 
0.2314 0.2731 0.2441 0.2514 
0.1939 0.2545 0.2788 0.2729 
0.2575 0.2591 0.2618 0.2217 
0.2172 0.2603 0.2582 0.2644 
0.2059 0.2621 0.2843 0.2478 

MOTIF filter16 
letter-probability matrix: alength= 4 w= 19 nsites= 19 
0.0121 0.0610 0.0183 0.9086 
0.9359 0.0215 0.0272 0.0154 
0.3762 0.0124 0.0239 0.5875 
0.4496 0.0127 0.0122 0.5255 
0.5686 0.0121 0.0200 0.3994 
0.6703 0.0250 0.0140 0.2906 
0.0285 0.0220 0.0162 0.9333 
0.9343 0.0169 0.0351 0.0138 
0.2208 0.0235 0.6548 0.1009 
0.3896 0.2908 0.1294 0.1902 
0.2454 0.2161 0.2599 0.2785 
0.2448 0.2597 0.2285 0.2670 
0.2337 0.2724 0.2455 0.2484 
0.2303 0.2423 0.2602 0.2673 
0.2260 0.2522 0.2722 0.2496 
0.2423 0.2611 0.2450 0.2515 
0.2658 0.2489 0.2283 0.2571 
0.2601 0.2642 0.2477 0.2280 
0.2597 0.2238 0.2194 0.2971 

MOTIF filter17 
letter-probability matrix: alength= 4 w= 19 nsites= 19 
0.2624 0.2497 0.2485 0.2394 
0.2562 0.2459 0.2446 0.2533 
0.2517 0.2501 0.2447 0.2536 
0.4186 0.0962 0.2024 0.2828 
0.4177 0.0716 0.1618 0.3489 
0.4067 0.0618 0.1273 0.4042 
0.2688 0.1947 0.2022 0.3343 
0.1099 0.0186 0.0485 0.8230 
0.0121 0.0241 0.9449 0.0189 
0.1829 0.7878 0.0115 0.0178 
0.0282 0.0210 0.0178 0.9330 
0.0185 0.0168 0.8412 0.1236 
0.9141 0.0147 0.0527 0.0185 
0.1320 0.3496 0.2780 0.2403 
0.2566 0.1893 0.1414 0.4128 
0.2258 0.2779 0.2079 0.2884 
0.3614 0.1370 0.2235 0.2782 
0.1986 0.1151 0.4290 0.2573 
0.2406 0.2457 0.2655 0.2483 

MOTIF filter18 
letter-probability matrix: alength= 4 w= 19 nsites= 19 
0.2296 0.2697 0.2456 0.2551 
0.2454 0.2317 0.2641 0.2588 
0.2589 0.2436 0.2488 0.2487 
0.2665 0.2445 0.2652 0.2238 
0.2331 0.2651 0.2416 0.2602 
0.2590 0.2644 0.2524 0.2242 
0.2693 0.2415 0.2289 0.2603 
0.2671 0.2367 0.2431 0.2531 
0.2543 0.2469 0.2564 0.2424 
0.3572 0.2045 0.2795 0.1589 
0.2349 0.3217 0.2776 0.1658 
0.0246 0.9550 0.0138 0.0065 
0.9204 0.0114 0.0391 0.0290 
0.0105 0.8937 0.0174 0.0784 
0.0758 0.0168 0.8976 0.0097 
0.0265 0.0419 0.0093 0.9224 
0.0038 0.0070 0.9660 0.0232 
0.1676 0.2672 0.3021 0.2631 
0.1500 0.2474 0.2108 0.3918 

MOTIF filter19 
letter-probability matrix: alength= 4 w= 19 nsites= 19 
0.3563 0.2573 0.2411 0.1453 
0.3165 0.2819 0.1894 0.2123 
0.2899 0.2577 0.2295 0.2229 
0.1734 0.2874 0.1830 0.3562 
0.1910 0.2783 0.3158 0.2149 
0.3085 0.1938 0.3567 0.1410 
0.2185 0.3354 0.3287 0.1175 
0.0106 0.6759 0.0162 0.2974 
0.0149 0.6220 0.3260 0.0371 
0.9680 0.0110 0.0078 0.0133 
0.4634 0.0110 0.0135 0.5122 
0.0088 0.0082 0.0212 0.9618 
0.0530 0.2619 0.6496 0.0356 
0.3174 0.0337 0.6297 0.0191 
0.1040 0.2973 0.3380 0.2606 
0.1733 0.3119 0.2037 0.3111 
0.2088 0.3066 0.2813 0.2033 
0.3278 0.1995 0.2891 0.1837 
0.1992 0.1849 0.2590 0.3568 

MOTIF filter20 
letter-probability matrix: alength= 4 w= 19 nsites= 19 
0.2652 0.2453 0.2468 0.2427 
0.2516 0.2530 0.2438 0.2516 
0.2636 0.2419 0.2486 0.2459 
0.2093 0.4359 0.1883 0.1664 
0.8361 0.0197 0.1183 0.0259 
0.7332 0.0785 0.1340 0.0543 
0.3188 0.2185 0.3590 0.1037 
0.9438 0.0226 0.0163 0.0173 
0.0197 0.0448 0.0289 0.9066 
0.0368 0.0236 0.9156 0.0241 
0.0512 0.0215 0.9093 0.0180 
0.2104 0.5635 0.0413 0.1848 
0.1900 0.2391 0.3144 0.2566 
0.1921 0.2073 0.4200 0.1806 
0.2365 0.4294 0.1175 0.2166 
0.2586 0.2408 0.2350 0.2656 
0.2399 0.2428 0.2723 0.2450 
0.2475 0.2463 0.2434 0.2628 
0.2497 0.2624 0.2433 0.2446 

MOTIF filter21 
letter-probability matrix: alength= 4 w= 19 nsites= 19 
0.2494 0.2377 0.2505 0.2624 
0.2507 0.2728 0.2625 0.2140 
0.2043 0.2470 0.3203 0.2284 
0.3622 0.2597 0.3192 0.0589 
0.0145 0.0145 0.0146 0.9564 
0.0158 0.0162 0.8646 0.1034 
0.9593 0.0130 0.0156 0.0120 
0.0448 0.4460 0.4438 0.0653 
0.0173 0.0144 0.0216 0.9466 
0.0715 0.8926 0.0157 0.0202 
0.9435 0.0150 0.0232 0.0183 
0.0753 0.3596 0.2041 0.3610 
0.2463 0.3196 0.1757 0.2584 
0.2503 0.2631 0.2581 0.2286 
0.2499 0.2585 0.2327 0.2589 
0.2456 0.2633 0.2559 0.2352 
0.2524 0.2476 0.2655 0.2345 
0.2395 0.2500 0.2644 0.2461 
0.2453 0.2443 0.2666 0.2438 

MOTIF filter22 
letter-probability matrix: alength= 4 w= 19 nsites= 19 
0.2504 0.2499 0.2470 0.2527 
0.2475 0.2528 0.2518 0.2478 
0.2560 0.2476 0.2462 0.2501 
0.2547 0.2557 0.2467 0.2429 
0.2437 0.2584 0.2567 0.2412 
0.2491 0.2436 0.2499 0.2573 
0.2405 0.2578 0.2505 0.2512 
0.2321 0.2425 0.2271 0.2982 
0.1205 0.1902 0.1249 0.5644 
0.0890 0.1396 0.2057 0.5657 
0.2569 0.4850 0.1173 0.1408 
0.1941 0.4398 0.0120 0.3540 
0.2578 0.2372 0.2403 0.2647 
0.3124 0.0763 0.4424 0.1689 
0.1413 0.1217 0.4845 0.2525 
0.5548 0.2099 0.1294 0.1059 
0.5716 0.1394 0.1787 0.1103 
0.2920 0.2378 0.2328 0.2374 
0.2479 0.2547 0.2493 0.2482 

MOTIF filter23 
letter-probability matrix: alength= 4 w= 19 nsites= 19 
0.3100 0.2692 0.2112 0.2096 
0.1278 0.3284 0.2102 0.3336 
0.1454 0.2495 0.3469 0.2582 
0.3515 0.2207 0.3808 0.0470 
0.4623 0.0363 0.3718 0.1297 
0.0143 0.9598 0.0166 0.0092 
0.0089 0.9732 0.0078 0.0101 
0.9562 0.0143 0.0146 0.0149 
0.9417 0.0173 0.0290 0.0120 
0.0135 0.0150 0.0147 0.9568 
0.1460 0.5478 0.2491 0.0570 
0.6867 0.0587 0.2282 0.0264 
0.1897 0.1747 0.5580 0.0776 
0.2457 0.2601 0.2402 0.2541 
0.2625 0.2329 0.2232 0.2815 
0.2198 0.2961 0.2174 0.2667 
0.2584 0.2492 0.2557 0.2368 
0.2440 0.2475 0.2334 0.2752 
0.2683 0.2408 0.2530 0.2379 

MOTIF filter24 
letter-probability matrix: alength= 4 w= 19 nsites= 19 
0.2726 0.2488 0.2402 0.2384 
0.2827 0.2319 0.2589 0.2265 
0.2421 0.2636 0.2548 0.2395 
0.2878 0.2572 0.2455 0.2096 
0.1494 0.2368 0.3901 0.2237 
0.0114 0.5141 0.1580 0.3165 
0.0506 0.6552 0.0131 0.2811 
0.0171 0.9543 0.0151 0.0135 
0.0166 0.9265 0.0157 0.0411 
0.2084 0.0086 0.3829 0.4001 
0.0227 0.9426 0.0192 0.0155 
0.0163 0.9565 0.0174 0.0099 
0.0127 0.6292 0.0118 0.3463 
0.2017 0.5512 0.0128 0.2343 
0.1241 0.4690 0.1395 0.2674 
0.2064 0.2407 0.3174 0.2354 
0.2250 0.2642 0.2086 0.3022 
0.2134 0.2734 0.2582 0.2551 
0.2572 0.2708 0.1983 0.2736 

MOTIF filter25 
letter-probability matrix: alength= 4 w= 19 nsites= 19 
0.2312 0.2429 0.2027 0.3232 
0.2433 0.2927 0.2232 0.2408 
0.2455 0.3066 0.2244 0.2236 
0.3110 0.1161 0.0977 0.4752 
0.0760 0.1494 0.5076 0.2670 
0.3235 0.2995 0.1955 0.1814 
0.0054 0.9695 0.0152 0.0099 
0.0372 0.8504 0.0433 0.0692 
0.5171 0.0582 0.0804 0.3444 
0.1721 0.0156 0.0364 0.7760 
0.8761 0.0698 0.0390 0.0152 
0.0127 0.0926 0.0673 0.8274 
0.7623 0.0646 0.0119 0.1612 
0.2615 0.0580 0.0829 0.5975 
0.0711 0.0601 0.8408 0.0281 
0.0580 0.0940 0.8111 0.0369 
0.2469 0.1637 0.3490 0.2403 
0.2698 0.4698 0.1245 0.1359 
0.4468 0.1576 0.1214 0.2742 

MOTIF filter26 
letter-probability matrix: alength= 4 w= 19 nsites= 19 
0.0080 0.9112 0.0290 0.0518 
0.6527 0.0351 0.0342 0.2780 
0.0898 0.0086 0.0126 0.8890 
0.9680 0.0139 0.0099 0.0082 
0.0071 0.0135 0.0187 0.9607 
0.9016 0.0213 0.0063 0.0708 
0.2278 0.0281 0.0343 0.7098 
0.0147 0.0722 0.8884 0.0246 
0.0077 0.0102 0.9734 0.0087 
0.1999 0.0832 0.3215 0.3955 
0.2228 0.5371 0.1700 0.0700 
0.5254 0.0863 0.1473 0.2410 
0.2675 0.2916 0.1951 0.2458 
0.2310 0.3212 0.1993 0.2485 
0.2522 0.2425 0.2898 0.2154 
0.1889 0.2585 0.2794 0.2732 
0.2073 0.2661 0.2718 0.2547 
0.2376 0.2764 0.2654 0.2205 
0.2242 0.2478 0.2401 0.2878 

MOTIF filter27 
letter-probability matrix: alength= 4 w= 19 nsites= 19 
0.2687 0.2489 0.2247 0.2577 
0.1869 0.1220 0.3272 0.3639 
0.1078 0.6316 0.0550 0.2055 
0.0287 0.0651 0.0435 0.8627 
0.8877 0.0330 0.0351 0.0443 
0.3719 0.0116 0.0410 0.5755 
0.4342 0.0274 0.0106 0.5278 
0.5054 0.0118 0.0294 0.4535 
0.5777 0.0384 0.0124 0.3715 
0.0479 0.0344 0.0402 0.8775 
0.8838 0.0317 0.0577 0.0268 
0.2363 0.0407 0.5861 0.1368 
0.3458 0.3210 0.1334 0.1998 
0.2593 0.2373 0.2607 0.2426 
0.2776 0.2481 0.2410 0.2333 
0.2377 0.2747 0.2391 0.2485 
0.2670 0.2468 0.2466 0.2396 
0.2500 0.2361 0.2435 0.2705 
0.2358 0.2339 0.2694 0.2609 

MOTIF filter28 
letter-probability matrix: alength= 4 w= 19 nsites= 19 
0.2369 0.2352 0.2817 0.2462 
0.2567 0.2565 0.2422 0.2445 
0.2533 0.2650 0.2276 0.2541 
0.0571 0.5945 0.1589 0.1895 
0.0180 0.2439 0.0599 0.6781 
0.0699 0.2436 0.5569 0.1296 
0.9576 0.0143 0.0122 0.0158 
0.0099 0.0265 0.0117 0.9518 
0.0141 0.0126 0.0170 0.9563 
0.0084 0.0094 0.9681 0.0141 
0.0084 0.0113 0.9685 0.0119 
0.1212 0.3900 0.0428 0.4459 
0.0446 0.3558 0.2035 0.3962 
0.2413 0.3354 0.2773 0.1459 
0.3540 0.2082 0.3091 0.1287 
0.2085 0.1897 0.2629 0.3389 
0.2173 0.1859 0.2623 0.3345 
0.1038 0.2736 0.2387 0.3839 
0.2279 0.2733 0.2602 0.2387 

MOTIF filter29 
letter-probability matrix: alength= 4 w= 19 nsites= 19 
0.2357 0.2633 0.2733 0.2277 
0.0644 0.6241 0.3035 0.0080 
0.1222 0.8537 0.0141 0.0100 
0.0089 0.0085 0.9755 0.0070 
0.0059 0.0144 0.9740 0.0057 
0.9612 0.0131 0.0170 0.0087 
0.9620 0.0073 0.0103 0.0204 
0.1618 0.0844 0.7460 0.0078 
0.0954 0.3335 0.0634 0.5077 
0.2353 0.1715 0.4411 0.1520 
0.2717 0.3210 0.3119 0.0954 
0.2435 0.3367 0.2470 0.1727 
0.2338 0.2664 0.2457 0.2542 
0.2511 0.2413 0.2460 0.2617 
0.2589 0.2370 0.2580 0.2460 
0.2651 0.2326 0.2458 0.2565 
0.2360 0.1988 0.2544 0.3108 
0.2667 0.2591 0.2334 0.2408 
0.2523 0.2511 0.2681 0.2285 

