MEME version 4

ALPHABET= ACGT

Background letter frequencies:
A 0.2500 C 0.2500 G 0.2500 T 0.2500 

MOTIF filter0 
letter-probability matrix: alength= 4 w= 19 nsites= 19 
0.2808 0.2320 0.2251 0.2620 
0.2545 0.2306 0.2570 0.2579 
0.2378 0.2224 0.3282 0.2116 
0.2605 0.2249 0.2723 0.2423 
0.0761 0.6207 0.2857 0.0175 
0.1348 0.8225 0.0295 0.0131 
0.0149 0.0133 0.9611 0.0107 
0.0152 0.0319 0.9408 0.0120 
0.9358 0.0419 0.0088 0.0135 
0.9476 0.0205 0.0192 0.0128 
0.1753 0.0999 0.7108 0.0140 
0.1181 0.3057 0.0906 0.4856 
0.2206 0.1811 0.4740 0.1243 
0.2483 0.2976 0.3451 0.1090 
0.2053 0.3631 0.2298 0.2019 
0.2360 0.2646 0.2518 0.2476 
0.2463 0.2450 0.2863 0.2224 
0.2283 0.2975 0.2473 0.2269 
0.2718 0.2466 0.2550 0.2266 

MOTIF filter1 
letter-probability matrix: alength= 4 w= 19 nsites= 19 
0.2588 0.2433 0.2532 0.2447 
0.2401 0.2719 0.2377 0.2504 
0.2603 0.2551 0.2503 0.2343 
0.2534 0.2505 0.2261 0.2699 
0.3774 0.1950 0.3554 0.0723 
0.0157 0.0250 0.0358 0.9235 
0.0161 0.0181 0.1834 0.7824 
0.3130 0.0307 0.4710 0.1854 
0.0946 0.6313 0.0768 0.1973 
0.2274 0.0801 0.5891 0.1035 
0.1896 0.4898 0.0074 0.3132 
0.7699 0.1818 0.0248 0.0235 
0.8781 0.0499 0.0288 0.0432 
0.0833 0.3159 0.1854 0.4153 
0.2590 0.2608 0.2431 0.2371 
0.2593 0.2264 0.2702 0.2441 
0.2554 0.2305 0.2430 0.2711 
0.2535 0.2531 0.2379 0.2555 
0.2583 0.2487 0.2553 0.2378 

MOTIF filter2 
letter-probability matrix: alength= 4 w= 19 nsites= 19 
0.2496 0.2118 0.3475 0.1912 
0.3376 0.1354 0.2180 0.3090 
0.2798 0.2855 0.2653 0.1694 
0.0437 0.0118 0.0139 0.9306 
0.1883 0.7386 0.0457 0.0274 
0.7557 0.0103 0.1144 0.1196 
0.0382 0.0498 0.5370 0.3750 
0.0112 0.9401 0.0446 0.0041 
0.8523 0.0095 0.0521 0.0861 
0.1966 0.1528 0.4067 0.2439 
0.3090 0.1213 0.2406 0.3291 
0.2381 0.1272 0.2224 0.4124 
0.3006 0.2656 0.2515 0.1823 
0.1137 0.2995 0.2384 0.3484 
0.2269 0.2065 0.2657 0.3008 
0.3092 0.2612 0.2636 0.1660 
0.3385 0.2777 0.1607 0.2231 
0.2701 0.2737 0.2617 0.1945 
0.2754 0.2549 0.2933 0.1765 

MOTIF filter3 
letter-probability matrix: alength= 4 w= 19 nsites= 19 
0.2078 0.3842 0.1746 0.2334 
0.2331 0.1918 0.3151 0.2600 
0.2946 0.2759 0.2089 0.2207 
0.2323 0.1801 0.3723 0.2153 
0.3060 0.1939 0.1996 0.3005 
0.2622 0.2402 0.2092 0.2885 
0.4203 0.4181 0.1517 0.0099 
0.7314 0.0109 0.2257 0.0320 
0.1822 0.3592 0.2956 0.1630 
0.3092 0.1260 0.5546 0.0102 
0.1793 0.1595 0.0712 0.5900 
0.0794 0.1337 0.6852 0.1017 
0.1247 0.2931 0.4414 0.1407 
0.2028 0.3189 0.0798 0.3984 
0.1032 0.2888 0.3643 0.2437 
0.2041 0.3211 0.1628 0.3119 
0.2093 0.5328 0.1343 0.1236 
0.2191 0.3136 0.2562 0.2111 
0.3423 0.2309 0.2602 0.1665 

MOTIF filter4 
letter-probability matrix: alength= 4 w= 19 nsites= 19 
0.2006 0.3607 0.2234 0.2153 
0.0164 0.6565 0.2672 0.0599 
0.2882 0.6206 0.0337 0.0575 
0.2586 0.2306 0.1463 0.3645 
0.0597 0.1175 0.0383 0.7845 
0.5929 0.1364 0.1486 0.1222 
0.1273 0.0551 0.1741 0.6435 
0.3939 0.0291 0.4508 0.1261 
0.1508 0.1381 0.0941 0.6170 
0.1676 0.3608 0.3867 0.0849 
0.4009 0.0592 0.5317 0.0082 
0.2385 0.1606 0.3056 0.2953 
0.1743 0.5416 0.1803 0.1038 
0.2571 0.0980 0.3624 0.2825 
0.1020 0.2252 0.1310 0.5418 
0.3207 0.0873 0.3201 0.2719 
0.3377 0.5504 0.0460 0.0659 
0.0916 0.2395 0.4214 0.2476 
0.2521 0.1807 0.3471 0.2201 

MOTIF filter5 
letter-probability matrix: alength= 4 w= 19 nsites= 19 
0.2242 0.2489 0.2584 0.2685 
0.2605 0.2520 0.2740 0.2135 
0.2774 0.2357 0.2448 0.2421 
0.2608 0.2245 0.2478 0.2669 
0.3308 0.2294 0.2799 0.1599 
0.3072 0.2286 0.2417 0.2224 
0.3744 0.2392 0.2042 0.1822 
0.1468 0.3045 0.1905 0.3583 
0.1688 0.2907 0.2799 0.2605 
0.3138 0.2398 0.3877 0.0587 
0.4116 0.0661 0.3659 0.1564 
0.0186 0.9515 0.0252 0.0046 
0.0102 0.9467 0.0247 0.0183 
0.9341 0.0192 0.0150 0.0317 
0.9270 0.0100 0.0353 0.0277 
0.0115 0.0236 0.0213 0.9436 
0.1410 0.4882 0.3238 0.0470 
0.6254 0.0744 0.2827 0.0175 
0.2178 0.1789 0.4963 0.1070 

MOTIF filter6 
letter-probability matrix: alength= 4 w= 19 nsites= 19 
0.1528 0.1846 0.1752 0.4874 
0.0071 0.5056 0.3001 0.1872 
0.2450 0.1575 0.4013 0.1961 
0.6150 0.2824 0.0530 0.0495 
0.6076 0.1861 0.0723 0.1339 
0.2879 0.0860 0.1099 0.5163 
0.0489 0.2211 0.6911 0.0388 
0.0253 0.7074 0.1073 0.1600 
0.0916 0.2060 0.4356 0.2668 
0.0379 0.2573 0.3038 0.4011 
0.2324 0.2360 0.0581 0.4735 
0.4905 0.1283 0.1305 0.2508 
0.2141 0.4302 0.0065 0.3492 
0.1968 0.0921 0.5508 0.1603 
0.1864 0.0263 0.0635 0.7238 
0.2686 0.2003 0.3523 0.1788 
0.2940 0.0197 0.1656 0.5208 
0.4824 0.0531 0.1029 0.3615 
0.1159 0.3401 0.0833 0.4607 

MOTIF filter7 
letter-probability matrix: alength= 4 w= 19 nsites= 19 
0.2572 0.1333 0.4627 0.1468 
0.2867 0.0135 0.5209 0.1789 
0.3390 0.0162 0.6297 0.0151 
0.0224 0.0293 0.9057 0.0425 
0.0111 0.0100 0.9629 0.0161 
0.2579 0.5020 0.0104 0.2297 
0.0269 0.0138 0.9417 0.0176 
0.0235 0.0274 0.9079 0.0412 
0.3581 0.0303 0.5723 0.0393 
0.2282 0.1459 0.6132 0.0127 
0.2911 0.2909 0.2273 0.1907 
0.2373 0.2031 0.2611 0.2985 
0.2108 0.2404 0.2301 0.3188 
0.2494 0.2967 0.2201 0.2338 
0.2324 0.2695 0.2102 0.2879 
0.2526 0.2403 0.2594 0.2477 
0.3271 0.1940 0.2834 0.1956 
0.2950 0.2503 0.2197 0.2351 
0.2609 0.1944 0.2857 0.2589 

MOTIF filter8 
letter-probability matrix: alength= 4 w= 19 nsites= 19 
0.4538 0.0879 0.1746 0.2836 
0.4706 0.0636 0.1515 0.3143 
0.3886 0.0540 0.1397 0.4177 
0.2528 0.2551 0.1976 0.2945 
0.1255 0.0116 0.0443 0.8186 
0.0151 0.0090 0.9660 0.0099 
0.2149 0.7553 0.0176 0.0122 
0.0171 0.0218 0.0143 0.9467 
0.0137 0.0160 0.8117 0.1587 
0.8970 0.0293 0.0609 0.0128 
0.1297 0.3608 0.2767 0.2329 
0.2478 0.1870 0.1790 0.3862 
0.2004 0.2492 0.2112 0.3391 
0.3363 0.1066 0.2970 0.2601 
0.1966 0.1191 0.4316 0.2527 
0.2572 0.1978 0.3334 0.2115 
0.2083 0.2742 0.2600 0.2575 
0.2508 0.2239 0.2629 0.2623 
0.2579 0.2462 0.2941 0.2018 

MOTIF filter9 
letter-probability matrix: alength= 4 w= 19 nsites= 19 
0.2412 0.2353 0.2617 0.2618 
0.2756 0.2098 0.1817 0.3329 
0.2941 0.2031 0.2580 0.2448 
0.1952 0.2604 0.2908 0.2536 
0.3190 0.2254 0.2193 0.2362 
0.2949 0.1958 0.2303 0.2790 
0.2578 0.2377 0.2322 0.2723 
0.1925 0.3224 0.1766 0.3085 
0.2481 0.2647 0.2583 0.2289 
0.0223 0.6944 0.1832 0.1001 
0.0029 0.2382 0.0108 0.7481 
0.0127 0.3261 0.6144 0.0469 
0.9520 0.0056 0.0352 0.0072 
0.0444 0.0161 0.0227 0.9168 
0.0257 0.0208 0.0123 0.9412 
0.0159 0.0174 0.9528 0.0139 
0.0148 0.0302 0.9419 0.0132 
0.1586 0.3769 0.0665 0.3981 
0.0448 0.2761 0.1794 0.4996 

MOTIF filter10 
letter-probability matrix: alength= 4 w= 19 nsites= 19 
0.4640 0.1221 0.1103 0.3036 
0.0844 0.1412 0.3626 0.4119 
0.1697 0.3110 0.2540 0.2654 
0.2442 0.1805 0.2607 0.3146 
0.3801 0.2773 0.2440 0.0985 
0.1850 0.4276 0.2019 0.1855 
0.2127 0.0800 0.5251 0.1821 
0.2279 0.2888 0.1585 0.3248 
0.3455 0.2224 0.2348 0.1974 
0.1641 0.1253 0.1990 0.5117 
0.2928 0.0413 0.3866 0.2793 
0.1220 0.7126 0.1410 0.0244 
0.0282 0.8978 0.0597 0.0144 
0.5977 0.0154 0.2064 0.1805 
0.0165 0.6937 0.0126 0.2773 
0.0144 0.2268 0.6012 0.1576 
0.0323 0.1872 0.0478 0.7327 
0.2927 0.0750 0.4683 0.1639 
0.1818 0.2552 0.4408 0.1222 

MOTIF filter11 
letter-probability matrix: alength= 4 w= 19 nsites= 19 
0.2549 0.2383 0.2859 0.2210 
0.2505 0.3126 0.2395 0.1974 
0.2549 0.2058 0.3028 0.2365 
0.2511 0.2468 0.2522 0.2498 
0.2721 0.2612 0.2182 0.2485 
0.2421 0.2365 0.2616 0.2598 
0.2766 0.2494 0.2284 0.2456 
0.2569 0.1374 0.2776 0.3281 
0.2235 0.4849 0.0311 0.2605 
0.0739 0.2305 0.0451 0.6505 
0.6844 0.0233 0.0887 0.2036 
0.3256 0.0249 0.1515 0.4980 
0.3553 0.0617 0.1217 0.4613 
0.4398 0.0705 0.0464 0.4434 
0.4325 0.0480 0.0567 0.4629 
0.2548 0.0183 0.1153 0.6116 
0.5884 0.0232 0.3252 0.0631 
0.1864 0.1620 0.4389 0.2127 
0.2833 0.3088 0.1627 0.2452 

MOTIF filter12 
letter-probability matrix: alength= 4 w= 19 nsites= 19 
0.2509 0.2811 0.2071 0.2609 
0.2515 0.2579 0.2465 0.2441 
0.2901 0.2859 0.1916 0.2325 
0.2626 0.2520 0.2584 0.2270 
0.2045 0.3656 0.1744 0.2556 
0.2794 0.1483 0.3243 0.2481 
0.2300 0.4089 0.1925 0.1686 
0.7760 0.0054 0.1055 0.1131 
0.5919 0.1557 0.2398 0.0126 
0.4090 0.1531 0.3517 0.0861 
0.9441 0.0093 0.0271 0.0194 
0.0295 0.0684 0.0581 0.8440 
0.0738 0.0516 0.8163 0.0583 
0.0419 0.0287 0.9051 0.0244 
0.2677 0.5077 0.0280 0.1967 
0.2138 0.2122 0.3851 0.1888 
0.2080 0.1856 0.4484 0.1579 
0.2385 0.3110 0.1183 0.3323 
0.2643 0.2305 0.2708 0.2344 

MOTIF filter13 
letter-probability matrix: alength= 4 w= 19 nsites= 19 
0.1425 0.2113 0.3320 0.3141 
0.2172 0.3573 0.2194 0.2062 
0.1920 0.1850 0.3368 0.2863 
0.2260 0.2597 0.1858 0.3285 
0.2043 0.1992 0.3154 0.2811 
0.2800 0.1350 0.3278 0.2572 
0.3665 0.1615 0.2360 0.2359 
0.2414 0.3059 0.1701 0.2826 
0.2888 0.5323 0.0418 0.1371 
0.2690 0.1439 0.1077 0.4794 
0.0739 0.1553 0.0946 0.6762 
0.5188 0.0100 0.4397 0.0315 
0.0648 0.5489 0.2096 0.1766 
0.0347 0.0284 0.0862 0.8507 
0.0288 0.2278 0.6823 0.0611 
0.8347 0.0766 0.0759 0.0128 
0.1523 0.4682 0.2499 0.1296 
0.2928 0.3288 0.0314 0.3470 
0.3907 0.3161 0.1768 0.1163 

MOTIF filter14 
letter-probability matrix: alength= 4 w= 19 nsites= 19 
0.0641 0.0361 0.1815 0.7183 
0.4312 0.1638 0.1313 0.2736 
0.1415 0.0051 0.2869 0.5664 
0.0691 0.0464 0.8439 0.0405 
0.0662 0.7097 0.0245 0.1996 
0.0807 0.7438 0.0179 0.1576 
0.4087 0.2015 0.3466 0.0432 
0.7098 0.0735 0.2112 0.0055 
0.3685 0.1227 0.0861 0.4226 
0.3196 0.0702 0.0090 0.6013 
0.4460 0.4597 0.0312 0.0632 
0.6018 0.1512 0.1550 0.0920 
0.3022 0.0472 0.5115 0.1391 
0.2227 0.4699 0.1717 0.1357 
0.3112 0.1976 0.0520 0.4391 
0.2786 0.2042 0.1866 0.3305 
0.1940 0.4349 0.1059 0.2653 
0.0835 0.3890 0.2744 0.2531 
0.2306 0.3247 0.1965 0.2481 

MOTIF filter15 
letter-probability matrix: alength= 4 w= 19 nsites= 19 
0.2271 0.2285 0.2285 0.3159 
0.2256 0.2980 0.1950 0.2814 
0.2430 0.2176 0.2822 0.2571 
0.2250 0.2588 0.2863 0.2299 
0.2786 0.2601 0.2286 0.2327 
0.2103 0.2299 0.3097 0.2500 
0.1748 0.2486 0.3010 0.2755 
0.1458 0.3684 0.2659 0.2200 
0.0659 0.0717 0.2396 0.6229 
0.6974 0.0813 0.1439 0.0775 
0.3794 0.1227 0.1121 0.3858 
0.4585 0.0916 0.0179 0.4321 
0.4138 0.0117 0.1488 0.4257 
0.4866 0.2238 0.0387 0.2509 
0.0228 0.2957 0.1172 0.5644 
0.6132 0.1952 0.0414 0.1501 
0.2837 0.0705 0.5121 0.1337 
0.3055 0.3355 0.2264 0.1326 
0.2402 0.2774 0.2461 0.2363 

MOTIF filter16 
letter-probability matrix: alength= 4 w= 19 nsites= 19 
0.2256 0.2551 0.2540 0.2654 
0.2576 0.2291 0.2491 0.2643 
0.2582 0.2852 0.2286 0.2280 
0.2670 0.2427 0.2616 0.2287 
0.2630 0.2447 0.2763 0.2160 
0.2165 0.2481 0.2580 0.2774 
0.1336 0.2277 0.4113 0.2274 
0.0099 0.5730 0.1490 0.2680 
0.0603 0.6525 0.0121 0.2751 
0.0156 0.9560 0.0199 0.0085 
0.0150 0.9342 0.0116 0.0393 
0.2073 0.0092 0.4363 0.3473 
0.0329 0.9361 0.0217 0.0093 
0.0089 0.9507 0.0164 0.0240 
0.0176 0.6253 0.0169 0.3402 
0.2064 0.5726 0.0144 0.2065 
0.1413 0.4374 0.1170 0.3043 
0.2587 0.2258 0.2680 0.2475 
0.2428 0.2619 0.2512 0.2440 

MOTIF filter17 
letter-probability matrix: alength= 4 w= 19 nsites= 19 
0.2033 0.1922 0.1112 0.4933 
0.1787 0.1836 0.3893 0.2484 
0.3321 0.2774 0.2128 0.1777 
0.0804 0.7062 0.1245 0.0889 
0.0102 0.7554 0.0885 0.1460 
0.6041 0.0649 0.0842 0.2468 
0.2441 0.0113 0.0897 0.6549 
0.8165 0.0853 0.0784 0.0198 
0.0073 0.1429 0.0851 0.7647 
0.7296 0.0678 0.0161 0.1865 
0.2639 0.0835 0.0695 0.5831 
0.1831 0.0926 0.6033 0.1210 
0.0206 0.0810 0.7828 0.1157 
0.2033 0.1675 0.2976 0.3316 
0.2919 0.3927 0.1556 0.1598 
0.4068 0.1526 0.1521 0.2885 
0.2904 0.2631 0.2467 0.1999 
0.2013 0.2701 0.2686 0.2600 
0.1923 0.1606 0.3551 0.2921 

MOTIF filter18 
letter-probability matrix: alength= 4 w= 19 nsites= 19 
0.3067 0.2877 0.1039 0.3017 
0.3594 0.0901 0.2592 0.2913 
0.2036 0.4997 0.1109 0.1858 
0.0335 0.0399 0.1290 0.7976 
0.3801 0.3121 0.2061 0.1017 
0.6730 0.1489 0.1684 0.0097 
0.1857 0.0873 0.4568 0.2703 
0.0362 0.9027 0.0199 0.0412 
0.9000 0.0108 0.0828 0.0064 
0.3546 0.0383 0.1071 0.4999 
0.6405 0.1149 0.0199 0.2247 
0.3385 0.0690 0.0088 0.5836 
0.1463 0.0347 0.0077 0.8112 
0.1535 0.0259 0.7384 0.0822 
0.3879 0.4254 0.0483 0.1383 
0.3415 0.2752 0.1955 0.1878 
0.3209 0.0375 0.5984 0.0431 
0.3442 0.2880 0.1412 0.2266 
0.2338 0.4091 0.0968 0.2602 

MOTIF filter19 
letter-probability matrix: alength= 4 w= 19 nsites= 19 
0.2381 0.2397 0.2619 0.2603 
0.2073 0.2495 0.2801 0.2631 
0.1022 0.3418 0.2743 0.2818 
0.1478 0.4515 0.2214 0.1794 
0.5223 0.0852 0.2901 0.1024 
0.0108 0.7164 0.0920 0.1809 
0.0265 0.0138 0.0293 0.9304 
0.0156 0.0224 0.0112 0.9508 
0.0147 0.9604 0.0138 0.0110 
0.0088 0.9633 0.0184 0.0095 
0.0132 0.0286 0.8093 0.1489 
0.0201 0.2349 0.6471 0.0979 
0.2144 0.2529 0.2547 0.2781 
0.2179 0.2495 0.2627 0.2699 
0.2501 0.2233 0.2441 0.2826 
0.2423 0.2320 0.2646 0.2611 
0.2747 0.2538 0.2227 0.2489 
0.2352 0.2227 0.2802 0.2619 
0.2482 0.1888 0.3241 0.2389 

MOTIF filter20 
letter-probability matrix: alength= 4 w= 19 nsites= 19 
0.2717 0.2461 0.2588 0.2234 
0.2420 0.2185 0.2797 0.2598 
0.2445 0.2491 0.2487 0.2577 
0.2611 0.2447 0.2335 0.2607 
0.2292 0.2684 0.2758 0.2267 
0.3899 0.2197 0.3201 0.0703 
0.0152 0.0179 0.0208 0.9461 
0.0287 0.0095 0.8726 0.0891 
0.9490 0.0149 0.0157 0.0204 
0.0695 0.4290 0.4507 0.0507 
0.0157 0.0122 0.0153 0.9568 
0.0767 0.9033 0.0078 0.0122 
0.9525 0.0113 0.0197 0.0165 
0.0601 0.2896 0.2587 0.3916 
0.2102 0.3168 0.2524 0.2206 
0.2675 0.2130 0.2453 0.2742 
0.2611 0.2210 0.2483 0.2696 
0.2602 0.2448 0.2286 0.2665 
0.2215 0.2843 0.2466 0.2476 

MOTIF filter21 
letter-probability matrix: alength= 4 w= 19 nsites= 19 
0.2505 0.2800 0.2540 0.2155 
0.3843 0.2527 0.2245 0.1384 
0.2673 0.2661 0.2948 0.1718 
0.0399 0.9044 0.0310 0.0247 
0.8743 0.0175 0.0662 0.0420 
0.0057 0.8938 0.0168 0.0837 
0.1163 0.0097 0.8498 0.0242 
0.0415 0.0766 0.0153 0.8665 
0.0088 0.0291 0.9283 0.0338 
0.1993 0.2630 0.2625 0.2752 
0.1907 0.2580 0.2359 0.3155 
0.3166 0.2107 0.2203 0.2523 
0.2495 0.2332 0.2759 0.2414 
0.2728 0.1833 0.2473 0.2966 
0.2820 0.2454 0.2145 0.2581 
0.2267 0.2703 0.2229 0.2802 
0.2400 0.2410 0.2572 0.2618 
0.2273 0.2523 0.2547 0.2657 
0.2365 0.2479 0.2437 0.2719 

MOTIF filter22 
letter-probability matrix: alength= 4 w= 19 nsites= 19 
0.4058 0.2667 0.1008 0.2268 
0.1368 0.4873 0.1372 0.2387 
0.2881 0.3807 0.0919 0.2393 
0.2255 0.4326 0.1360 0.2058 
0.1662 0.2097 0.4935 0.1306 
0.3535 0.0670 0.4614 0.1181 
0.1391 0.6212 0.1379 0.1017 
0.0987 0.1038 0.7274 0.0702 
0.1682 0.1569 0.4323 0.2427 
0.1737 0.6165 0.0554 0.1544 
0.3664 0.5119 0.0701 0.0516 
0.5042 0.0422 0.4016 0.0519 
0.0780 0.1382 0.1409 0.6429 
0.2516 0.2907 0.1872 0.2705 
0.2056 0.1843 0.0789 0.5311 
0.0064 0.5598 0.1049 0.3289 
0.0672 0.1670 0.7060 0.0598 
0.2385 0.1750 0.2283 0.3582 
0.2529 0.2112 0.3114 0.2245 

MOTIF filter23 
letter-probability matrix: alength= 4 w= 19 nsites= 19 
0.9064 0.0354 0.0214 0.0368 
0.0140 0.0225 0.0193 0.9442 
0.0656 0.0204 0.0365 0.8775 
0.0201 0.0090 0.9549 0.0159 
0.0406 0.0083 0.9375 0.0136 
0.1072 0.4085 0.0453 0.4389 
0.0654 0.3861 0.2084 0.3401 
0.2629 0.4041 0.2121 0.1209 
0.4575 0.1542 0.2944 0.0939 
0.2340 0.1815 0.2796 0.3049 
0.1918 0.1436 0.2986 0.3659 
0.1015 0.1764 0.2420 0.4802 
0.2333 0.2661 0.2517 0.2489 
0.3083 0.2700 0.1755 0.2461 
0.2870 0.2231 0.2669 0.2230 
0.2204 0.2152 0.2952 0.2691 
0.2644 0.2077 0.2873 0.2406 
0.2527 0.2425 0.2928 0.2119 
0.3007 0.1872 0.2228 0.2893 

MOTIF filter24 
letter-probability matrix: alength= 4 w= 19 nsites= 19 
0.2047 0.3112 0.2340 0.2501 
0.2874 0.2563 0.1846 0.2716 
0.3172 0.2256 0.2499 0.2073 
0.2485 0.2757 0.2024 0.2734 
0.3117 0.4353 0.0923 0.1608 
0.2733 0.2455 0.0919 0.3893 
0.2743 0.2189 0.3090 0.1978 
0.3722 0.1693 0.1469 0.3116 
0.1886 0.2904 0.4323 0.0887 
0.0166 0.0932 0.0309 0.8593 
0.1241 0.8267 0.0102 0.0390 
0.9480 0.0268 0.0129 0.0123 
0.0065 0.0032 0.8427 0.1476 
0.0763 0.8825 0.0196 0.0216 
0.7900 0.0714 0.0206 0.1179 
0.3313 0.2299 0.1642 0.2746 
0.3831 0.1238 0.0440 0.4490 
0.4315 0.1387 0.0880 0.3418 
0.3428 0.1587 0.0971 0.4013 

MOTIF filter25 
letter-probability matrix: alength= 4 w= 19 nsites= 19 
0.2146 0.2331 0.2671 0.2852 
0.2362 0.2444 0.2483 0.2711 
0.0452 0.1697 0.0771 0.7081 
0.0113 0.0925 0.1994 0.6968 
0.2771 0.5623 0.0990 0.0616 
0.1283 0.4388 0.0525 0.3804 
0.2671 0.1837 0.3276 0.2216 
0.2487 0.0253 0.6536 0.0724 
0.0867 0.0727 0.6395 0.2010 
0.8173 0.0853 0.0270 0.0704 
0.7736 0.0858 0.1075 0.0331 
0.3105 0.2302 0.2079 0.2514 
0.2084 0.2728 0.2630 0.2559 
0.2467 0.2498 0.2686 0.2350 
0.2992 0.2222 0.2338 0.2448 
0.2399 0.2613 0.2467 0.2521 
0.2440 0.2684 0.2374 0.2502 
0.2466 0.2614 0.2431 0.2489 
0.2501 0.2499 0.2377 0.2623 

MOTIF filter26 
letter-probability matrix: alength= 4 w= 19 nsites= 19 
0.2712 0.2914 0.2223 0.2151 
0.3169 0.2693 0.2319 0.1818 
0.2830 0.2322 0.2172 0.2676 
0.2357 0.2314 0.3282 0.2047 
0.2727 0.2558 0.2694 0.2021 
0.1929 0.2379 0.0753 0.4939 
0.0283 0.0049 0.0100 0.9569 
0.0903 0.0502 0.0371 0.8224 
0.1359 0.7402 0.0268 0.0971 
0.1379 0.6763 0.0262 0.1596 
0.1806 0.3808 0.0688 0.3697 
0.4080 0.0624 0.2642 0.2655 
0.0440 0.0791 0.4334 0.4435 
0.5340 0.3714 0.0419 0.0527 
0.8160 0.0299 0.0519 0.1023 
0.3884 0.1597 0.2924 0.1595 
0.3186 0.2469 0.2035 0.2310 
0.2383 0.2267 0.2020 0.3330 
0.1938 0.3082 0.2609 0.2371 

MOTIF filter27 
letter-probability matrix: alength= 4 w= 19 nsites= 19 
0.2437 0.2498 0.2584 0.2481 
0.2136 0.2436 0.2891 0.2537 
0.2798 0.2523 0.2407 0.2271 
0.2557 0.2422 0.2514 0.2507 
0.1962 0.1431 0.4039 0.2567 
0.2040 0.3766 0.1987 0.2207 
0.2788 0.3219 0.2126 0.1867 
0.2034 0.0599 0.5177 0.2190 
0.0334 0.8546 0.0348 0.0771 
0.0090 0.9003 0.0487 0.0419 
0.9028 0.0383 0.0421 0.0168 
0.0093 0.0394 0.0296 0.9217 
0.0921 0.3699 0.2123 0.3257 
0.0567 0.1586 0.0865 0.6981 
0.0595 0.1453 0.0401 0.7551 
0.2107 0.2040 0.3140 0.2713 
0.2944 0.2395 0.2097 0.2564 
0.2516 0.2283 0.2779 0.2421 
0.2561 0.2428 0.2460 0.2550 

MOTIF filter28 
letter-probability matrix: alength= 4 w= 19 nsites= 19 
0.3850 0.1312 0.3157 0.1680 
0.0988 0.6233 0.1412 0.1367 
0.2425 0.4860 0.0947 0.1768 
0.6929 0.0980 0.1942 0.0148 
0.4726 0.0128 0.0475 0.4671 
0.1667 0.3585 0.1982 0.2767 
0.5439 0.1557 0.0343 0.2661 
0.0041 0.0331 0.0128 0.9499 
0.1599 0.0795 0.6961 0.0646 
0.1106 0.0937 0.7208 0.0748 
0.1397 0.4325 0.1998 0.2280 
0.2902 0.2325 0.2069 0.2705 
0.2329 0.2283 0.3615 0.1772 
0.3628 0.4212 0.1259 0.0901 
0.2891 0.2326 0.1722 0.3061 
0.1800 0.2291 0.2673 0.3237 
0.2348 0.3357 0.2641 0.1654 
0.2619 0.2620 0.2635 0.2126 
0.2897 0.2349 0.2306 0.2448 

MOTIF filter29 
letter-probability matrix: alength= 4 w= 19 nsites= 19 
0.2953 0.2485 0.1930 0.2632 
0.2399 0.2695 0.2128 0.2778 
0.2586 0.2714 0.3310 0.1390 
0.2632 0.0354 0.4158 0.2856 
0.3012 0.0234 0.5961 0.0793 
0.0573 0.0512 0.8795 0.0121 
0.1709 0.2998 0.4126 0.1167 
0.4223 0.2956 0.0144 0.2676 
0.3229 0.1128 0.4240 0.1403 
0.0482 0.0296 0.9034 0.0187 
0.2510 0.0222 0.4643 0.2625 
0.3915 0.1643 0.3177 0.1265 
0.1566 0.4700 0.1800 0.1934 
0.2679 0.4010 0.1732 0.1579 
0.2732 0.3516 0.2309 0.1444 
0.2524 0.2068 0.2521 0.2887 
0.3314 0.2357 0.2734 0.1595 
0.2749 0.2518 0.2146 0.2588 
0.1993 0.2970 0.2357 0.2680 

