MEME version 4

ALPHABET= ACGT

Background letter frequencies:
A 0.2500 C 0.2500 G 0.2500 T 0.2500 

MOTIF filter0 
letter-probability matrix: alength= 4 w= 19 nsites= 19 
0.2660 0.1347 0.1445 0.4548 
0.1592 0.1490 0.3727 0.3191 
0.3600 0.2981 0.1591 0.1828 
0.0481 0.8428 0.0361 0.0730 
0.0136 0.8228 0.0763 0.0872 
0.4632 0.0533 0.0628 0.4206 
0.1743 0.0214 0.0524 0.7519 
0.9138 0.0442 0.0369 0.0051 
0.0070 0.0591 0.0437 0.8901 
0.8051 0.0428 0.0092 0.1429 
0.2829 0.0460 0.0705 0.6006 
0.0822 0.1053 0.7961 0.0165 
0.0231 0.0282 0.9193 0.0293 
0.1946 0.1591 0.3193 0.3270 
0.2498 0.4247 0.1535 0.1721 
0.4478 0.1173 0.1632 0.2717 
0.2372 0.2485 0.2385 0.2758 
0.2351 0.2593 0.2621 0.2434 
0.2154 0.3000 0.2385 0.2461 

MOTIF filter1 
letter-probability matrix: alength= 4 w= 19 nsites= 19 
0.2338 0.2978 0.1954 0.2730 
0.2612 0.2609 0.2282 0.2497 
0.2194 0.2317 0.2817 0.2672 
0.2467 0.2282 0.2435 0.2815 
0.2415 0.2643 0.2820 0.2123 
0.2372 0.2226 0.3313 0.2090 
0.2415 0.2595 0.2571 0.2420 
0.1411 0.2248 0.2327 0.4013 
0.0059 0.0540 0.0055 0.9346 
0.0073 0.0166 0.1142 0.8619 
0.1959 0.7792 0.0170 0.0079 
0.0810 0.4786 0.0067 0.4337 
0.4074 0.0501 0.4284 0.1140 
0.0914 0.0057 0.8943 0.0086 
0.0382 0.0171 0.8654 0.0793 
0.9708 0.0086 0.0133 0.0074 
0.9711 0.0172 0.0058 0.0058 
0.4200 0.1215 0.2163 0.2422 
0.2361 0.2949 0.2205 0.2486 

MOTIF filter2 
letter-probability matrix: alength= 4 w= 19 nsites= 19 
0.2630 0.2711 0.2345 0.2315 
0.2605 0.2400 0.2623 0.2373 
0.2566 0.2295 0.2431 0.2709 
0.2304 0.2685 0.2640 0.2371 
0.3752 0.2064 0.2494 0.1689 
0.2558 0.3166 0.2573 0.1704 
0.0160 0.9692 0.0075 0.0072 
0.9065 0.0125 0.0481 0.0328 
0.0105 0.9011 0.0152 0.0732 
0.0698 0.0160 0.9041 0.0101 
0.0239 0.0351 0.0083 0.9326 
0.0056 0.0085 0.9671 0.0188 
0.1656 0.2947 0.3142 0.2255 
0.1519 0.2612 0.1878 0.3991 
0.2476 0.2380 0.2491 0.2652 
0.2094 0.2698 0.2631 0.2578 
0.2618 0.2158 0.2534 0.2690 
0.2458 0.2431 0.2663 0.2449 
0.2524 0.2471 0.2614 0.2390 

MOTIF filter3 
letter-probability matrix: alength= 4 w= 19 nsites= 19 
0.2237 0.2286 0.2502 0.2974 
0.2418 0.2845 0.2372 0.2365 
0.2605 0.2371 0.2440 0.2584 
0.2443 0.2457 0.2413 0.2687 
0.2414 0.2630 0.2150 0.2805 
0.2603 0.2473 0.2522 0.2403 
0.2696 0.2293 0.2797 0.2213 
0.2262 0.2560 0.2453 0.2725 
0.1412 0.2214 0.4102 0.2272 
0.0222 0.5542 0.1519 0.2717 
0.0604 0.6314 0.0190 0.2892 
0.0238 0.9364 0.0222 0.0176 
0.0200 0.9011 0.0231 0.0558 
0.2091 0.0146 0.4357 0.3406 
0.0255 0.9284 0.0277 0.0184 
0.0292 0.9254 0.0204 0.0250 
0.0175 0.6527 0.0185 0.3114 
0.1897 0.5785 0.0193 0.2125 
0.1341 0.4269 0.1370 0.3019 

MOTIF filter4 
letter-probability matrix: alength= 4 w= 19 nsites= 19 
0.1020 0.0949 0.0522 0.7510 
0.0976 0.0756 0.6599 0.1668 
0.7827 0.0501 0.0622 0.1050 
0.1361 0.3595 0.4087 0.0957 
0.0157 0.0109 0.0181 0.9553 
0.1510 0.8093 0.0190 0.0207 
0.9467 0.0206 0.0162 0.0166 
0.0477 0.1775 0.4834 0.2913 
0.1432 0.5526 0.1464 0.1578 
0.5113 0.1490 0.1537 0.1860 
0.2625 0.2091 0.2471 0.2813 
0.3077 0.2083 0.1805 0.3035 
0.2587 0.2366 0.1781 0.3266 
0.2666 0.2160 0.1797 0.3376 
0.2540 0.2331 0.2507 0.2622 
0.2320 0.2727 0.2422 0.2531 
0.2480 0.2698 0.2548 0.2274 
0.2416 0.2572 0.2415 0.2596 
0.2686 0.2605 0.2427 0.2283 

MOTIF filter5 
letter-probability matrix: alength= 4 w= 19 nsites= 19 
0.2406 0.2909 0.2173 0.2513 
0.2699 0.2343 0.2460 0.2498 
0.2479 0.2425 0.2451 0.2644 
0.2891 0.2507 0.2291 0.2311 
0.2580 0.2533 0.2505 0.2382 
0.2636 0.2362 0.2307 0.2694 
0.1561 0.1025 0.3225 0.4189 
0.0907 0.6072 0.0320 0.2702 
0.0244 0.0422 0.0375 0.8960 
0.9231 0.0104 0.0405 0.0260 
0.2914 0.0125 0.0474 0.6487 
0.3862 0.0173 0.0110 0.5854 
0.4518 0.0146 0.0347 0.4988 
0.5375 0.0352 0.0125 0.4148 
0.0560 0.0229 0.0573 0.8638 
0.9201 0.0161 0.0546 0.0092 
0.1760 0.0387 0.6515 0.1338 
0.3217 0.3691 0.1272 0.1821 
0.2664 0.2357 0.2460 0.2520 

MOTIF filter6 
letter-probability matrix: alength= 4 w= 19 nsites= 19 
0.2750 0.2348 0.2458 0.2443 
0.2645 0.2506 0.2362 0.2486 
0.2614 0.2463 0.2503 0.2420 
0.2688 0.4213 0.1156 0.1943 
0.2939 0.2473 0.1223 0.3365 
0.3073 0.2212 0.2485 0.2230 
0.3870 0.1483 0.2008 0.2640 
0.2344 0.3039 0.3456 0.1161 
0.0177 0.0472 0.0165 0.9186 
0.1493 0.8083 0.0226 0.0198 
0.9580 0.0144 0.0131 0.0145 
0.0211 0.0164 0.7739 0.1886 
0.0148 0.9537 0.0198 0.0118 
0.8073 0.0450 0.0194 0.1283 
0.3234 0.2102 0.2011 0.2654 
0.3596 0.1506 0.0778 0.4120 
0.3655 0.1647 0.0755 0.3943 
0.3007 0.2151 0.0973 0.3868 
0.2387 0.2611 0.2432 0.2571 

MOTIF filter7 
letter-probability matrix: alength= 4 w= 19 nsites= 19 
0.2343 0.2625 0.2434 0.2598 
0.2682 0.2259 0.2563 0.2496 
0.2776 0.1490 0.4459 0.1275 
0.2273 0.0144 0.5838 0.1745 
0.3342 0.0150 0.6381 0.0127 
0.0147 0.0192 0.9496 0.0164 
0.0190 0.0233 0.9387 0.0190 
0.3418 0.4071 0.0118 0.2393 
0.0585 0.0283 0.8880 0.0252 
0.0140 0.0171 0.9532 0.0157 
0.2873 0.0148 0.6374 0.0604 
0.2679 0.1521 0.5627 0.0172 
0.2439 0.3654 0.2528 0.1379 
0.2323 0.2570 0.2709 0.2398 
0.2458 0.2770 0.2471 0.2302 
0.2597 0.2622 0.2418 0.2363 
0.2871 0.2454 0.2229 0.2445 
0.2390 0.2569 0.2527 0.2514 
0.2432 0.2319 0.2643 0.2607 

MOTIF filter8 
letter-probability matrix: alength= 4 w= 19 nsites= 19 
0.2561 0.2823 0.2426 0.2190 
0.1531 0.2106 0.4184 0.2180 
0.0175 0.5519 0.1522 0.2783 
0.0652 0.6460 0.0187 0.2701 
0.0175 0.9407 0.0220 0.0199 
0.0196 0.9157 0.0191 0.0456 
0.2186 0.0135 0.4232 0.3447 
0.0280 0.9318 0.0208 0.0193 
0.0215 0.9422 0.0207 0.0156 
0.0181 0.6025 0.0152 0.3642 
0.2041 0.5930 0.0130 0.1899 
0.1442 0.4552 0.1546 0.2460 
0.2207 0.2557 0.2698 0.2538 
0.2698 0.2597 0.2276 0.2429 
0.2300 0.2603 0.2700 0.2397 
0.2027 0.2845 0.2476 0.2652 
0.2667 0.2348 0.2603 0.2382 
0.2439 0.2634 0.2316 0.2611 
0.2401 0.2663 0.2332 0.2604 

MOTIF filter9 
letter-probability matrix: alength= 4 w= 19 nsites= 19 
0.2377 0.3028 0.2325 0.2270 
0.2450 0.2305 0.2417 0.2828 
0.2417 0.2751 0.2291 0.2541 
0.2924 0.2427 0.2209 0.2440 
0.2337 0.2931 0.2518 0.2214 
0.2247 0.2613 0.2494 0.2647 
0.3315 0.2270 0.2821 0.1594 
0.2373 0.3151 0.2817 0.1659 
0.0297 0.9363 0.0220 0.0120 
0.9014 0.0166 0.0555 0.0265 
0.0144 0.8646 0.0213 0.0997 
0.0814 0.0152 0.8891 0.0143 
0.0346 0.0518 0.0195 0.8941 
0.0115 0.0110 0.9567 0.0209 
0.1748 0.2607 0.2974 0.2671 
0.1762 0.2371 0.2297 0.3569 
0.2482 0.2756 0.2336 0.2425 
0.2877 0.2085 0.2619 0.2420 
0.2438 0.2652 0.2523 0.2387 

MOTIF filter10 
letter-probability matrix: alength= 4 w= 19 nsites= 19 
0.2635 0.2393 0.2557 0.2416 
0.2612 0.2871 0.2229 0.2289 
0.2482 0.2629 0.2461 0.2427 
0.2184 0.2730 0.2586 0.2500 
0.2545 0.2544 0.2254 0.2656 
0.2465 0.2282 0.2703 0.2550 
0.4034 0.2087 0.3138 0.0740 
0.0208 0.0238 0.0078 0.9476 
0.0131 0.0082 0.1432 0.8355 
0.3338 0.0130 0.5078 0.1454 
0.0495 0.7397 0.0433 0.1675 
0.2022 0.0629 0.6657 0.0692 
0.1383 0.6054 0.0115 0.2448 
0.8681 0.1082 0.0130 0.0107 
0.9730 0.0105 0.0070 0.0095 
0.0400 0.3427 0.1504 0.4669 
0.2431 0.2593 0.2516 0.2460 
0.2529 0.2507 0.2457 0.2507 
0.2465 0.2585 0.2445 0.2504 

MOTIF filter11 
letter-probability matrix: alength= 4 w= 19 nsites= 19 
0.2395 0.2634 0.2496 0.2475 
0.2567 0.2586 0.2345 0.2502 
0.2405 0.2483 0.2359 0.2752 
0.3521 0.2440 0.2779 0.1260 
0.3165 0.2514 0.1940 0.2381 
0.3211 0.2442 0.2190 0.2156 
0.1422 0.3544 0.1894 0.3139 
0.1512 0.2806 0.3240 0.2442 
0.3292 0.2193 0.3938 0.0576 
0.4306 0.0644 0.3711 0.1338 
0.0183 0.9443 0.0200 0.0174 
0.0140 0.9482 0.0224 0.0153 
0.9672 0.0095 0.0091 0.0141 
0.9481 0.0151 0.0228 0.0140 
0.0106 0.0122 0.0119 0.9652 
0.1352 0.4987 0.3102 0.0558 
0.6346 0.0701 0.2703 0.0250 
0.1751 0.1891 0.5481 0.0877 
0.2324 0.2645 0.2585 0.2447 

MOTIF filter12 
letter-probability matrix: alength= 4 w= 19 nsites= 19 
0.2548 0.2799 0.2141 0.2512 
0.4130 0.1006 0.2011 0.2852 
0.4379 0.0695 0.1634 0.3292 
0.4206 0.0786 0.1444 0.3563 
0.2546 0.2091 0.1988 0.3374 
0.1104 0.0139 0.0615 0.8142 
0.0141 0.0242 0.9473 0.0144 
0.1682 0.8083 0.0119 0.0117 
0.0128 0.0093 0.0125 0.9654 
0.0150 0.0139 0.8423 0.1288 
0.9478 0.0125 0.0270 0.0127 
0.1279 0.4195 0.2644 0.1883 
0.2454 0.1455 0.1291 0.4800 
0.2449 0.3011 0.1758 0.2781 
0.3877 0.1048 0.2176 0.2899 
0.2134 0.1234 0.4007 0.2624 
0.2404 0.2229 0.2771 0.2597 
0.2731 0.2474 0.2577 0.2218 
0.2162 0.2396 0.2931 0.2512 

MOTIF filter13 
letter-probability matrix: alength= 4 w= 19 nsites= 19 
0.2761 0.3000 0.2116 0.2123 
0.1796 0.2069 0.1070 0.5065 
0.1017 0.1518 0.5097 0.2368 
0.3328 0.3350 0.1519 0.1803 
0.0177 0.9244 0.0345 0.0234 
0.0098 0.9097 0.0272 0.0533 
0.6387 0.0308 0.0495 0.2810 
0.1313 0.0048 0.0175 0.8464 
0.9424 0.0152 0.0338 0.0085 
0.0079 0.0205 0.0312 0.9405 
0.8598 0.0191 0.0048 0.1163 
0.2279 0.0427 0.0454 0.6840 
0.0615 0.0445 0.8713 0.0226 
0.0168 0.0241 0.9381 0.0211 
0.1699 0.1196 0.3681 0.3423 
0.2665 0.4900 0.1504 0.0931 
0.5265 0.1217 0.1366 0.2152 
0.2140 0.2657 0.2552 0.2651 
0.2382 0.2555 0.2542 0.2521 

MOTIF filter14 
letter-probability matrix: alength= 4 w= 19 nsites= 19 
0.2348 0.2804 0.2544 0.2304 
0.2499 0.2465 0.2616 0.2420 
0.2583 0.2423 0.2561 0.2433 
0.2486 0.2545 0.2555 0.2414 
0.2308 0.2344 0.2609 0.2739 
0.1946 0.4718 0.1735 0.1600 
0.8584 0.0125 0.1036 0.0255 
0.7847 0.0618 0.1130 0.0406 
0.3302 0.2128 0.3612 0.0959 
0.9683 0.0099 0.0110 0.0108 
0.0120 0.0216 0.0168 0.9496 
0.0245 0.0139 0.9504 0.0111 
0.0314 0.0117 0.9469 0.0099 
0.2078 0.5758 0.0326 0.1838 
0.1697 0.2577 0.3081 0.2645 
0.1692 0.1849 0.4615 0.1845 
0.2198 0.4893 0.1039 0.1870 
0.2482 0.2491 0.2595 0.2433 
0.2515 0.2301 0.2810 0.2373 

MOTIF filter15 
letter-probability matrix: alength= 4 w= 19 nsites= 19 
0.2388 0.2376 0.2213 0.3023 
0.2033 0.2338 0.2020 0.3610 
0.0089 0.0325 0.0080 0.9506 
0.0068 0.0128 0.0298 0.9505 
0.1692 0.8018 0.0159 0.0132 
0.0404 0.6620 0.0078 0.2899 
0.2946 0.1916 0.2257 0.2881 
0.2277 0.0098 0.7237 0.0388 
0.0133 0.0118 0.8459 0.1289 
0.9439 0.0369 0.0105 0.0086 
0.9573 0.0133 0.0205 0.0088 
0.4280 0.1688 0.2118 0.1915 
0.2928 0.2580 0.2312 0.2180 
0.2827 0.1975 0.2399 0.2798 
0.2235 0.2350 0.2764 0.2651 
0.2423 0.2506 0.2597 0.2475 
0.2422 0.2661 0.2807 0.2110 
0.2483 0.2495 0.2371 0.2652 
0.2685 0.2558 0.2459 0.2298 

MOTIF filter16 
letter-probability matrix: alength= 4 w= 19 nsites= 19 
0.2627 0.2478 0.2920 0.1975 
0.2647 0.2403 0.2347 0.2604 
0.2677 0.2549 0.2678 0.2096 
0.4188 0.0768 0.1966 0.3078 
0.4179 0.0656 0.1143 0.4022 
0.4293 0.0370 0.1091 0.4246 
0.2728 0.1810 0.1848 0.3614 
0.1022 0.0107 0.0186 0.8685 
0.0114 0.0194 0.9525 0.0167 
0.1602 0.8191 0.0100 0.0107 
0.0200 0.0132 0.0117 0.9551 
0.0168 0.0117 0.8825 0.0890 
0.9314 0.0118 0.0450 0.0118 
0.1148 0.3985 0.2557 0.2310 
0.2680 0.1842 0.1381 0.4096 
0.2148 0.3007 0.1974 0.2871 
0.3709 0.1177 0.2285 0.2829 
0.1796 0.1038 0.4251 0.2916 
0.2316 0.2421 0.2708 0.2555 

MOTIF filter17 
letter-probability matrix: alength= 4 w= 19 nsites= 19 
0.2018 0.2761 0.2711 0.2511 
0.2567 0.2598 0.2372 0.2463 
0.1380 0.1147 0.4910 0.2563 
0.2063 0.4369 0.1666 0.1902 
0.2413 0.2916 0.2680 0.1991 
0.1739 0.0363 0.5683 0.2215 
0.0156 0.9403 0.0173 0.0268 
0.0135 0.9409 0.0227 0.0230 
0.9373 0.0144 0.0349 0.0134 
0.0154 0.0164 0.0240 0.9442 
0.0991 0.3187 0.2281 0.3542 
0.0567 0.1408 0.0460 0.7565 
0.0338 0.1418 0.0219 0.8026 
0.1492 0.1898 0.4710 0.1899 
0.3031 0.2469 0.2209 0.2290 
0.2322 0.2754 0.2344 0.2580 
0.2363 0.2563 0.2488 0.2586 
0.2523 0.2689 0.2044 0.2743 
0.2181 0.2518 0.2759 0.2541 

MOTIF filter18 
letter-probability matrix: alength= 4 w= 19 nsites= 19 
0.2320 0.2350 0.2494 0.2835 
0.2613 0.2230 0.2769 0.2388 
0.2602 0.2506 0.2784 0.2108 
0.2348 0.2580 0.2890 0.2181 
0.2491 0.2190 0.2257 0.3061 
0.1976 0.2655 0.3087 0.2281 
0.2287 0.0853 0.4474 0.2387 
0.1163 0.5136 0.1873 0.1828 
0.2430 0.3473 0.2399 0.1698 
0.1310 0.0307 0.6372 0.2010 
0.0145 0.9397 0.0251 0.0206 
0.0299 0.9182 0.0151 0.0369 
0.9418 0.0161 0.0275 0.0145 
0.0214 0.0233 0.0149 0.9404 
0.1192 0.3639 0.1820 0.3349 
0.0829 0.1122 0.0510 0.7539 
0.0164 0.0737 0.0177 0.8921 
0.0599 0.1411 0.5743 0.2247 
0.2620 0.2417 0.2706 0.2257 

MOTIF filter19 
letter-probability matrix: alength= 4 w= 19 nsites= 19 
0.2619 0.2550 0.2228 0.2603 
0.2537 0.2663 0.2414 0.2386 
0.2241 0.2536 0.2682 0.2541 
0.2260 0.2709 0.2418 0.2613 
0.2806 0.2399 0.2330 0.2465 
0.2630 0.1790 0.3167 0.2413 
0.3155 0.1906 0.4306 0.0632 
0.0111 0.0120 0.0156 0.9614 
0.0175 0.0165 0.9059 0.0601 
0.9473 0.0225 0.0154 0.0147 
0.0576 0.4842 0.4221 0.0361 
0.0213 0.0211 0.0179 0.9397 
0.1104 0.8476 0.0168 0.0253 
0.9399 0.0179 0.0208 0.0214 
0.0465 0.3223 0.2585 0.3727 
0.2484 0.2723 0.2546 0.2247 
0.2049 0.2552 0.2872 0.2526 
0.2380 0.2629 0.2566 0.2425 
0.2483 0.2508 0.2441 0.2568 

MOTIF filter20 
letter-probability matrix: alength= 4 w= 19 nsites= 19 
0.2052 0.2417 0.3247 0.2284 
0.1534 0.3296 0.2209 0.2960 
0.1635 0.3617 0.2118 0.2630 
0.4160 0.1210 0.3211 0.1419 
0.0911 0.6038 0.1129 0.1922 
0.1167 0.1205 0.0993 0.6634 
0.0954 0.0975 0.0891 0.7179 
0.0196 0.8878 0.0859 0.0067 
0.0381 0.9458 0.0090 0.0070 
0.0074 0.0071 0.9400 0.0456 
0.0076 0.0972 0.8763 0.0189 
0.6371 0.1241 0.1384 0.1003 
0.6639 0.1084 0.1241 0.1036 
0.1854 0.1425 0.5728 0.0994 
0.1527 0.2740 0.1471 0.4262 
0.2555 0.2005 0.3966 0.1474 
0.2670 0.2730 0.3057 0.1542 
0.2409 0.2617 0.2923 0.2051 
0.2579 0.2581 0.2440 0.2400 

MOTIF filter21 
letter-probability matrix: alength= 4 w= 19 nsites= 19 
0.2364 0.2612 0.2403 0.2621 
0.2808 0.2424 0.2324 0.2444 
0.1781 0.2607 0.3068 0.2544 
0.4454 0.2511 0.2771 0.0264 
0.0150 0.0141 0.0160 0.9549 
0.0130 0.0107 0.8969 0.0795 
0.9601 0.0161 0.0114 0.0123 
0.0179 0.4689 0.4415 0.0716 
0.0123 0.0163 0.0133 0.9580 
0.0363 0.9382 0.0115 0.0140 
0.9521 0.0156 0.0141 0.0182 
0.0840 0.4846 0.1154 0.3160 
0.2825 0.2439 0.1706 0.3031 
0.1970 0.2647 0.2937 0.2446 
0.2204 0.2861 0.2278 0.2656 
0.2354 0.2643 0.2949 0.2055 
0.2592 0.2474 0.2688 0.2246 
0.2214 0.2514 0.2916 0.2356 
0.2509 0.2912 0.2204 0.2375 

MOTIF filter22 
letter-probability matrix: alength= 4 w= 19 nsites= 19 
0.2367 0.2557 0.2645 0.2431 
0.2257 0.2555 0.2373 0.2816 
0.2282 0.2684 0.1496 0.3538 
0.0168 0.0249 0.0315 0.9267 
0.0098 0.0334 0.0154 0.9414 
0.1261 0.7703 0.0295 0.0740 
0.0355 0.7890 0.0114 0.1642 
0.1614 0.3630 0.0918 0.3837 
0.3926 0.0130 0.4884 0.1061 
0.0134 0.0273 0.7574 0.2020 
0.8317 0.1272 0.0239 0.0173 
0.8912 0.0119 0.0848 0.0120 
0.3690 0.2345 0.2121 0.1844 
0.2632 0.2202 0.2560 0.2606 
0.2682 0.2818 0.2263 0.2238 
0.2540 0.2458 0.2464 0.2538 
0.2583 0.2370 0.2423 0.2625 
0.2309 0.2313 0.2513 0.2865 
0.2855 0.2471 0.2263 0.2411 

MOTIF filter23 
letter-probability matrix: alength= 4 w= 19 nsites= 19 
0.2672 0.2462 0.2280 0.2586 
0.2726 0.2426 0.2485 0.2364 
0.2375 0.2309 0.2597 0.2719 
0.2289 0.2429 0.2673 0.2609 
0.2649 0.2452 0.2468 0.2431 
0.2650 0.2622 0.2522 0.2207 
0.0949 0.5474 0.1925 0.1652 
0.0251 0.3029 0.0623 0.6097 
0.0662 0.2856 0.5001 0.1481 
0.9494 0.0190 0.0132 0.0184 
0.0174 0.0340 0.0154 0.9333 
0.0219 0.0219 0.0335 0.9226 
0.0164 0.0130 0.9564 0.0142 
0.0182 0.0255 0.9373 0.0189 
0.1192 0.3562 0.0668 0.4579 
0.0584 0.3705 0.2084 0.3627 
0.2554 0.3301 0.2762 0.1382 
0.3720 0.1970 0.2991 0.1319 
0.1968 0.2023 0.2873 0.3136 

MOTIF filter24 
letter-probability matrix: alength= 4 w= 19 nsites= 19 
0.2549 0.2264 0.2655 0.2533 
0.2271 0.2464 0.2564 0.2701 
0.2538 0.2596 0.2407 0.2459 
0.2629 0.2812 0.2712 0.1848 
0.2698 0.2359 0.2712 0.2231 
0.0759 0.6267 0.2852 0.0122 
0.1624 0.8066 0.0176 0.0135 
0.0078 0.0094 0.9727 0.0101 
0.0080 0.0106 0.9738 0.0076 
0.9616 0.0120 0.0108 0.0155 
0.9558 0.0122 0.0128 0.0192 
0.1479 0.0832 0.7573 0.0116 
0.1182 0.3125 0.0624 0.5069 
0.1973 0.1674 0.4858 0.1495 
0.2755 0.2853 0.3609 0.0783 
0.2105 0.3434 0.2492 0.1969 
0.2253 0.2600 0.2248 0.2899 
0.2668 0.2576 0.2386 0.2370 
0.2393 0.2471 0.2452 0.2683 

MOTIF filter25 
letter-probability matrix: alength= 4 w= 19 nsites= 19 
0.2860 0.2378 0.2354 0.2408 
0.2296 0.2416 0.2731 0.2557 
0.2784 0.2472 0.2450 0.2295 
0.2379 0.2713 0.2366 0.2542 
0.2402 0.2439 0.2735 0.2424 
0.2003 0.1304 0.3362 0.3331 
0.1450 0.6767 0.0242 0.1541 
0.0153 0.0700 0.0160 0.8987 
0.9002 0.0379 0.0159 0.0460 
0.4789 0.0123 0.0208 0.4880 
0.6324 0.0272 0.0106 0.3298 
0.7086 0.0078 0.0127 0.2709 
0.7251 0.0531 0.0139 0.2079 
0.0160 0.0351 0.0222 0.9267 
0.9212 0.0391 0.0145 0.0252 
0.2945 0.0321 0.6086 0.0648 
0.3900 0.3364 0.1120 0.1616 
0.2640 0.2487 0.2449 0.2424 
0.2790 0.2451 0.2543 0.2217 

MOTIF filter26 
letter-probability matrix: alength= 4 w= 19 nsites= 19 
0.0215 0.0160 0.0377 0.9248 
0.9246 0.0114 0.0444 0.0197 
0.0144 0.0128 0.0361 0.9367 
0.0134 0.0143 0.0371 0.9352 
0.0687 0.0196 0.0411 0.8706 
0.2684 0.0091 0.0106 0.7119 
0.0540 0.0194 0.0444 0.8821 
0.8779 0.0114 0.1020 0.0087 
0.0856 0.0301 0.6826 0.2017 
0.2146 0.3499 0.1299 0.3056 
0.2237 0.1995 0.2664 0.3105 
0.2451 0.2388 0.3207 0.1954 
0.2903 0.2463 0.2624 0.2011 
0.2376 0.2132 0.2797 0.2696 
0.1966 0.2787 0.2961 0.2285 
0.2438 0.2547 0.2621 0.2394 
0.2320 0.2667 0.2398 0.2615 
0.2983 0.2589 0.2358 0.2070 
0.2193 0.2164 0.2042 0.3601 

MOTIF filter27 
letter-probability matrix: alength= 4 w= 19 nsites= 19 
0.2625 0.2528 0.2324 0.2522 
0.2332 0.2767 0.2296 0.2605 
0.4281 0.1169 0.4092 0.0459 
0.0067 0.0141 0.0075 0.9717 
0.0102 0.0093 0.0935 0.8870 
0.2118 0.0112 0.6308 0.1462 
0.0603 0.6977 0.0507 0.1912 
0.1866 0.0423 0.7333 0.0378 
0.1347 0.4927 0.0133 0.3593 
0.8425 0.1396 0.0079 0.0101 
0.9605 0.0108 0.0151 0.0137 
0.0588 0.3169 0.1928 0.4315 
0.2404 0.2522 0.2477 0.2597 
0.2466 0.2502 0.2570 0.2461 
0.2570 0.2444 0.2414 0.2572 
0.2354 0.2542 0.2510 0.2593 
0.2818 0.2558 0.2283 0.2341 
0.2516 0.2677 0.2440 0.2367 
0.2686 0.2606 0.2407 0.2301 

MOTIF filter28 
letter-probability matrix: alength= 4 w= 19 nsites= 19 
0.2799 0.2481 0.2567 0.2153 
0.2239 0.2699 0.2918 0.2144 
0.2755 0.2564 0.2416 0.2266 
0.2660 0.2410 0.2134 0.2796 
0.2857 0.2949 0.1707 0.2486 
0.2445 0.2559 0.2633 0.2364 
0.2575 0.2224 0.2558 0.2643 
0.2831 0.2640 0.2016 0.2513 
0.1714 0.0964 0.5832 0.1490 
0.1846 0.4740 0.1782 0.1632 
0.2513 0.3883 0.2224 0.1380 
0.1658 0.0262 0.6395 0.1684 
0.0064 0.9795 0.0070 0.0071 
0.0060 0.9777 0.0106 0.0057 
0.9630 0.0088 0.0191 0.0091 
0.0103 0.0084 0.0085 0.9728 
0.0485 0.4771 0.1594 0.3150 
0.0327 0.0718 0.0590 0.8365 
0.0240 0.0568 0.0107 0.9084 

MOTIF filter29 
letter-probability matrix: alength= 4 w= 19 nsites= 19 
0.2587 0.2403 0.2418 0.2591 
0.2152 0.2324 0.3020 0.2503 
0.1159 0.3499 0.2611 0.2731 
0.1484 0.4387 0.2088 0.2040 
0.4621 0.1004 0.3233 0.1143 
0.0305 0.6738 0.0984 0.1972 
0.0414 0.0292 0.0394 0.8899 
0.0272 0.0281 0.0272 0.9175 
0.0170 0.9355 0.0316 0.0159 
0.0300 0.9488 0.0087 0.0126 
0.0262 0.0389 0.7477 0.1872 
0.0289 0.2743 0.5859 0.1109 
0.2602 0.2521 0.2487 0.2390 
0.2300 0.2584 0.2470 0.2647 
0.2374 0.2633 0.2668 0.2325 
0.2418 0.2455 0.2729 0.2398 
0.2706 0.2542 0.2224 0.2527 
0.2454 0.2411 0.2562 0.2573 
0.2559 0.2307 0.2539 0.2594 

