MEME version 4

ALPHABET= ACGT

Background letter frequencies:
A 0.2500 C 0.2500 G 0.2500 T 0.2500 

MOTIF filter0 
letter-probability matrix: alength= 4 w= 19 nsites= 19 
0.0306 0.7796 0.1250 0.0648 
0.0086 0.8048 0.0550 0.1316 
0.4910 0.1313 0.0772 0.3005 
0.1835 0.0088 0.0084 0.7993 
0.7332 0.1092 0.0285 0.1291 
0.0693 0.0403 0.1242 0.7661 
0.6480 0.0531 0.0125 0.2864 
0.3273 0.0616 0.0837 0.5274 
0.1661 0.0190 0.7888 0.0261 
0.0488 0.0365 0.7650 0.1497 
0.2362 0.2271 0.2987 0.2380 
0.2608 0.3684 0.2331 0.1376 
0.5006 0.0810 0.1762 0.2423 
0.2716 0.2923 0.1994 0.2367 
0.2463 0.1707 0.3320 0.2510 
0.1701 0.2492 0.2875 0.2932 
0.1967 0.2126 0.2945 0.2962 
0.2070 0.2987 0.2452 0.2490 
0.2614 0.2921 0.1816 0.2649 

MOTIF filter1 
letter-probability matrix: alength= 4 w= 19 nsites= 19 
0.2952 0.2559 0.2342 0.2147 
0.2597 0.2214 0.2636 0.2553 
0.2435 0.3924 0.1701 0.1940 
0.2203 0.2228 0.2133 0.3436 
0.2403 0.2308 0.2603 0.2685 
0.4795 0.0961 0.1321 0.2923 
0.3090 0.1989 0.2834 0.2087 
0.2316 0.0514 0.0197 0.6973 
0.2275 0.5388 0.0908 0.1429 
0.5613 0.0167 0.0147 0.4073 
0.0105 0.0071 0.8899 0.0925 
0.1327 0.8253 0.0127 0.0292 
0.5769 0.0108 0.0106 0.4017 
0.1967 0.1068 0.4573 0.2391 
0.5911 0.0893 0.0300 0.2896 
0.2035 0.2787 0.1570 0.3607 
0.3254 0.1496 0.0970 0.4280 
0.2296 0.2576 0.2078 0.3050 
0.2866 0.1660 0.2341 0.3133 

MOTIF filter2 
letter-probability matrix: alength= 4 w= 19 nsites= 19 
0.1739 0.1605 0.2996 0.3661 
0.1686 0.3444 0.1434 0.3436 
0.4028 0.0750 0.3395 0.1827 
0.1857 0.4787 0.1705 0.1650 
0.1513 0.3968 0.0351 0.4168 
0.1365 0.0465 0.4184 0.3986 
0.3651 0.2555 0.2496 0.1298 
0.0630 0.8505 0.0728 0.0136 
0.0475 0.4749 0.3608 0.1168 
0.2299 0.0078 0.4732 0.2890 
0.3363 0.0807 0.0087 0.5744 
0.5130 0.3801 0.0588 0.0481 
0.0178 0.2235 0.1992 0.5595 
0.5857 0.0724 0.1465 0.1954 
0.2753 0.3065 0.0671 0.3511 
0.3198 0.2468 0.3502 0.0831 
0.0068 0.4255 0.3898 0.1779 
0.0396 0.3322 0.1084 0.5198 
0.2240 0.2554 0.3555 0.1651 

MOTIF filter3 
letter-probability matrix: alength= 4 w= 19 nsites= 19 
0.2204 0.2274 0.2554 0.2968 
0.2371 0.2522 0.2140 0.2967 
0.2202 0.2492 0.2668 0.2638 
0.2177 0.2614 0.2929 0.2281 
0.1526 0.1663 0.3591 0.3219 
0.1280 0.6486 0.0260 0.1973 
0.0143 0.0525 0.0298 0.9035 
0.9171 0.0155 0.0310 0.0365 
0.4009 0.0181 0.0405 0.5405 
0.5044 0.0252 0.0109 0.4595 
0.5877 0.0135 0.0165 0.3823 
0.6615 0.0407 0.0142 0.2836 
0.0206 0.0287 0.0320 0.9187 
0.9212 0.0308 0.0127 0.0353 
0.2194 0.0344 0.6544 0.0917 
0.3847 0.3328 0.1473 0.1352 
0.2007 0.2578 0.2788 0.2627 
0.2468 0.2959 0.2300 0.2274 
0.2189 0.2513 0.2722 0.2576 

MOTIF filter4 
letter-probability matrix: alength= 4 w= 19 nsites= 19 
0.2713 0.2422 0.2363 0.2502 
0.1797 0.5109 0.1780 0.1314 
0.8706 0.0163 0.0710 0.0422 
0.7019 0.0483 0.1983 0.0515 
0.3595 0.1923 0.3592 0.0890 
0.9533 0.0124 0.0133 0.0210 
0.0260 0.0066 0.0189 0.9485 
0.0134 0.0144 0.9504 0.0218 
0.0239 0.0154 0.9488 0.0118 
0.1832 0.6051 0.0235 0.1881 
0.1532 0.2545 0.3860 0.2064 
0.1890 0.1826 0.4758 0.1526 
0.2347 0.4386 0.0915 0.2352 
0.2466 0.2624 0.2447 0.2463 
0.2254 0.2139 0.3368 0.2238 
0.2698 0.2948 0.2456 0.1898 
0.2558 0.2492 0.2475 0.2475 
0.2464 0.2280 0.3092 0.2164 
0.2848 0.2451 0.2081 0.2620 

MOTIF filter5 
letter-probability matrix: alength= 4 w= 19 nsites= 19 
0.2122 0.1930 0.2890 0.3058 
0.2638 0.2609 0.2376 0.2377 
0.2684 0.2816 0.2718 0.1783 
0.2591 0.2661 0.2745 0.2003 
0.1928 0.2679 0.3581 0.1812 
0.2138 0.3145 0.2765 0.1953 
0.1257 0.1520 0.4500 0.2723 
0.0926 0.3236 0.3238 0.2599 
0.1349 0.4833 0.2502 0.1317 
0.5615 0.0563 0.2881 0.0941 
0.0108 0.8138 0.0689 0.1064 
0.0185 0.0208 0.0126 0.9481 
0.0149 0.0098 0.0311 0.9443 
0.0200 0.9499 0.0219 0.0082 
0.0238 0.9510 0.0068 0.0184 
0.0087 0.0292 0.8341 0.1280 
0.0293 0.1999 0.7175 0.0533 
0.1677 0.2384 0.3016 0.2923 
0.2222 0.2476 0.2341 0.2961 

MOTIF filter6 
letter-probability matrix: alength= 4 w= 19 nsites= 19 
0.1955 0.2395 0.3995 0.1655 
0.2214 0.1329 0.4508 0.1949 
0.1077 0.2164 0.6089 0.0670 
0.2229 0.0496 0.5838 0.1436 
0.2298 0.0526 0.6883 0.0293 
0.0111 0.1584 0.7943 0.0362 
0.0786 0.0653 0.7502 0.1060 
0.2464 0.2936 0.3784 0.0816 
0.0045 0.1479 0.8267 0.0209 
0.0620 0.0879 0.7956 0.0545 
0.1794 0.0791 0.5911 0.1503 
0.1744 0.1236 0.6331 0.0689 
0.2833 0.3413 0.2874 0.0879 
0.3124 0.1705 0.1733 0.3438 
0.2224 0.2705 0.2920 0.2150 
0.2744 0.1800 0.2459 0.2997 
0.1438 0.3658 0.2857 0.2047 
0.1863 0.2249 0.3197 0.2692 
0.3187 0.2997 0.2267 0.1550 

MOTIF filter7 
letter-probability matrix: alength= 4 w= 19 nsites= 19 
0.2429 0.2119 0.2490 0.2962 
0.2440 0.2587 0.2666 0.2307 
0.2145 0.2668 0.2689 0.2498 
0.2585 0.2558 0.2200 0.2657 
0.2343 0.2601 0.2691 0.2365 
0.2173 0.2542 0.2822 0.2463 
0.3994 0.2173 0.2489 0.1345 
0.2783 0.2776 0.2931 0.1509 
0.0288 0.9477 0.0125 0.0110 
0.9586 0.0052 0.0259 0.0102 
0.0057 0.9110 0.0136 0.0698 
0.0977 0.0194 0.8772 0.0058 
0.0308 0.0488 0.0070 0.9134 
0.0100 0.0102 0.9493 0.0305 
0.1381 0.2950 0.3085 0.2584 
0.1999 0.2827 0.1706 0.3468 
0.2915 0.2562 0.2190 0.2334 
0.2546 0.2945 0.2213 0.2296 
0.2554 0.2259 0.2517 0.2670 

MOTIF filter8 
letter-probability matrix: alength= 4 w= 19 nsites= 19 
0.3383 0.2236 0.3807 0.0574 
0.3873 0.0670 0.3734 0.1723 
0.0370 0.8832 0.0451 0.0348 
0.0207 0.9151 0.0275 0.0367 
0.8948 0.0402 0.0259 0.0390 
0.8826 0.0391 0.0457 0.0325 
0.0030 0.0407 0.0380 0.9183 
0.1281 0.5127 0.2989 0.0604 
0.6101 0.0705 0.2906 0.0288 
0.1959 0.2097 0.4886 0.1058 
0.2210 0.2437 0.2627 0.2727 
0.2402 0.2282 0.2761 0.2556 
0.2511 0.2762 0.2489 0.2238 
0.2403 0.2540 0.2202 0.2855 
0.2540 0.2698 0.2323 0.2439 
0.2564 0.2525 0.2264 0.2648 
0.2842 0.2428 0.2477 0.2253 
0.2520 0.2483 0.2542 0.2454 
0.2283 0.2739 0.2454 0.2524 

MOTIF filter9 
letter-probability matrix: alength= 4 w= 19 nsites= 19 
0.2628 0.2392 0.2819 0.2161 
0.2574 0.2714 0.2318 0.2393 
0.2484 0.2187 0.2705 0.2623 
0.2801 0.2858 0.2260 0.2082 
0.2301 0.2405 0.2930 0.2363 
0.1928 0.1264 0.4628 0.2180 
0.1670 0.4548 0.1794 0.1987 
0.2405 0.3139 0.2801 0.1656 
0.1903 0.0345 0.5813 0.1939 
0.0121 0.9407 0.0120 0.0353 
0.0100 0.9516 0.0249 0.0135 
0.9433 0.0152 0.0254 0.0162 
0.0176 0.0136 0.0177 0.9510 
0.0580 0.3943 0.2158 0.3320 
0.0470 0.1472 0.0532 0.7526 
0.0362 0.1094 0.0239 0.8305 
0.1512 0.1903 0.4541 0.2044 
0.3056 0.2104 0.2256 0.2584 
0.2160 0.2376 0.2738 0.2727 

MOTIF filter10 
letter-probability matrix: alength= 4 w= 19 nsites= 19 
0.2573 0.2626 0.2376 0.2425 
0.2269 0.2717 0.2660 0.2353 
0.2502 0.2129 0.2746 0.2623 
0.2624 0.2442 0.2393 0.2542 
0.2703 0.2427 0.2378 0.2492 
0.2397 0.2344 0.2546 0.2713 
0.2507 0.2399 0.2268 0.2827 
0.2838 0.2292 0.2150 0.2719 
0.2940 0.1233 0.4300 0.1528 
0.2553 0.0182 0.5404 0.1860 
0.3411 0.0211 0.6173 0.0205 
0.0290 0.0330 0.9038 0.0343 
0.0229 0.0461 0.8988 0.0322 
0.3143 0.4313 0.0137 0.2407 
0.0400 0.0202 0.9072 0.0327 
0.0214 0.0223 0.9296 0.0267 
0.3382 0.0149 0.5946 0.0523 
0.2705 0.1447 0.5642 0.0206 
0.2461 0.3820 0.1935 0.1783 

MOTIF filter11 
letter-probability matrix: alength= 4 w= 19 nsites= 19 
0.2468 0.2787 0.2582 0.2163 
0.2585 0.2222 0.2786 0.2407 
0.2234 0.2968 0.2513 0.2286 
0.2643 0.2651 0.2195 0.2511 
0.2470 0.2791 0.2330 0.2409 
0.1993 0.1523 0.2952 0.3532 
0.1131 0.6289 0.0322 0.2258 
0.0215 0.0564 0.0281 0.8941 
0.9281 0.0117 0.0404 0.0198 
0.3040 0.0079 0.0634 0.6247 
0.4044 0.0084 0.0046 0.5826 
0.5406 0.0093 0.0247 0.4254 
0.5862 0.0429 0.0102 0.3607 
0.0380 0.0248 0.0380 0.8992 
0.8813 0.0198 0.0695 0.0295 
0.2136 0.0404 0.6358 0.1102 
0.3618 0.3396 0.1532 0.1454 
0.2529 0.2636 0.3057 0.1778 
0.2362 0.2555 0.2594 0.2489 

MOTIF filter12 
letter-probability matrix: alength= 4 w= 19 nsites= 19 
0.2395 0.2478 0.2720 0.2408 
0.2344 0.2591 0.2412 0.2653 
0.2646 0.2419 0.2424 0.2511 
0.2525 0.2541 0.2233 0.2701 
0.4780 0.1499 0.3464 0.0257 
0.0071 0.0125 0.0195 0.9608 
0.0136 0.0145 0.1387 0.8332 
0.2870 0.0225 0.5474 0.1430 
0.0496 0.7046 0.0735 0.1724 
0.1823 0.0605 0.6810 0.0762 
0.1511 0.4966 0.0103 0.3420 
0.8035 0.1579 0.0184 0.0202 
0.9236 0.0270 0.0233 0.0261 
0.0750 0.2885 0.2120 0.4245 
0.2387 0.2740 0.2338 0.2535 
0.2637 0.2403 0.2633 0.2327 
0.2086 0.2297 0.2752 0.2865 
0.2337 0.2757 0.2241 0.2665 
0.2605 0.2609 0.2183 0.2603 

MOTIF filter13 
letter-probability matrix: alength= 4 w= 19 nsites= 19 
0.0273 0.0142 0.0152 0.9432 
0.0316 0.0322 0.0206 0.9156 
0.8343 0.0212 0.1217 0.0227 
0.9281 0.0243 0.0100 0.0377 
0.2130 0.0115 0.0201 0.7554 
0.2474 0.2946 0.2165 0.2415 
0.3160 0.2286 0.2146 0.2409 
0.3023 0.2125 0.2251 0.2601 
0.2123 0.2593 0.2502 0.2783 
0.2296 0.2741 0.2571 0.2392 
0.2564 0.2607 0.2491 0.2338 
0.2435 0.2383 0.2658 0.2524 
0.2055 0.2762 0.2618 0.2565 
0.2791 0.2466 0.2621 0.2123 
0.2653 0.2357 0.2491 0.2499 
0.2599 0.2329 0.2501 0.2571 
0.2442 0.2097 0.2582 0.2879 
0.2565 0.2479 0.2305 0.2651 
0.2417 0.2291 0.2373 0.2919 

MOTIF filter14 
letter-probability matrix: alength= 4 w= 19 nsites= 19 
0.0899 0.4665 0.2449 0.1987 
0.0380 0.2972 0.0741 0.5908 
0.0727 0.3156 0.4742 0.1376 
0.9277 0.0204 0.0296 0.0224 
0.0271 0.0237 0.0308 0.9184 
0.0263 0.0305 0.0438 0.8994 
0.0450 0.0091 0.9326 0.0134 
0.0255 0.0331 0.9084 0.0331 
0.1321 0.4069 0.0491 0.4119 
0.0571 0.3500 0.2106 0.3824 
0.2212 0.3199 0.2873 0.1716 
0.3403 0.2241 0.2746 0.1610 
0.2140 0.2324 0.2477 0.3059 
0.2171 0.1746 0.2868 0.3215 
0.1381 0.2467 0.2623 0.3529 
0.2519 0.2548 0.2398 0.2535 
0.2847 0.2419 0.2185 0.2549 
0.2643 0.2183 0.2511 0.2663 
0.2415 0.2364 0.2786 0.2434 

MOTIF filter15 
letter-probability matrix: alength= 4 w= 19 nsites= 19 
0.2302 0.2711 0.2540 0.2447 
0.2183 0.2560 0.2745 0.2512 
0.1340 0.2372 0.3872 0.2416 
0.0131 0.5666 0.1430 0.2773 
0.0541 0.6216 0.0148 0.3095 
0.0245 0.9196 0.0287 0.0272 
0.0196 0.9112 0.0177 0.0514 
0.2391 0.0176 0.4052 0.3380 
0.0075 0.9434 0.0290 0.0201 
0.0120 0.9569 0.0169 0.0142 
0.0162 0.6345 0.0214 0.3279 
0.1874 0.6009 0.0136 0.1981 
0.1337 0.4460 0.1389 0.2814 
0.2669 0.2563 0.2510 0.2258 
0.2361 0.2815 0.2395 0.2429 
0.2625 0.2848 0.2617 0.1911 
0.2452 0.2771 0.2463 0.2313 
0.2493 0.2556 0.2734 0.2216 
0.2287 0.2747 0.2434 0.2532 

MOTIF filter16 
letter-probability matrix: alength= 4 w= 19 nsites= 19 
0.2199 0.2622 0.2597 0.2582 
0.2383 0.2500 0.2688 0.2429 
0.2498 0.2595 0.2536 0.2371 
0.3440 0.1972 0.3793 0.0794 
0.0114 0.0076 0.0099 0.9712 
0.0110 0.0134 0.1541 0.8215 
0.3160 0.0113 0.5072 0.1655 
0.0861 0.6759 0.0424 0.1956 
0.2197 0.0569 0.6453 0.0781 
0.1835 0.5172 0.0099 0.2894 
0.8068 0.1599 0.0189 0.0143 
0.9648 0.0164 0.0091 0.0097 
0.0591 0.3435 0.1660 0.4314 
0.2531 0.2525 0.2556 0.2387 
0.2531 0.2345 0.2808 0.2315 
0.2885 0.2457 0.2359 0.2299 
0.2578 0.2555 0.2482 0.2386 
0.2269 0.2711 0.2654 0.2365 
0.2544 0.2513 0.2563 0.2380 

MOTIF filter17 
letter-probability matrix: alength= 4 w= 19 nsites= 19 
0.2364 0.2663 0.2635 0.2339 
0.1593 0.2688 0.3171 0.2548 
0.2224 0.2772 0.3145 0.1859 
0.2511 0.1966 0.2734 0.2790 
0.2662 0.2353 0.2572 0.2413 
0.1952 0.2965 0.3332 0.1751 
0.2808 0.1580 0.3225 0.2386 
0.2585 0.2581 0.2818 0.2016 
0.2686 0.2535 0.2442 0.2337 
0.2675 0.1737 0.2756 0.2832 
0.2777 0.1703 0.2454 0.3066 
0.2167 0.2321 0.1783 0.3729 
0.1618 0.1559 0.5658 0.1165 
0.3275 0.2706 0.3773 0.0245 
0.0085 0.0425 0.0263 0.9228 
0.0240 0.0074 0.9303 0.0382 
0.9591 0.0125 0.0040 0.0243 
0.0344 0.4201 0.5364 0.0091 
0.0289 0.0283 0.0074 0.9354 

MOTIF filter18 
letter-probability matrix: alength= 4 w= 19 nsites= 19 
0.1957 0.2191 0.3584 0.2269 
0.2188 0.4461 0.1326 0.2025 
0.7844 0.0467 0.1213 0.0476 
0.8409 0.0712 0.0588 0.0290 
0.3217 0.2351 0.3851 0.0581 
0.9196 0.0271 0.0314 0.0218 
0.0216 0.0239 0.0138 0.9407 
0.0263 0.0442 0.9156 0.0139 
0.0098 0.0416 0.9278 0.0207 
0.1647 0.6236 0.0285 0.1832 
0.2115 0.1963 0.3520 0.2402 
0.1658 0.1537 0.5405 0.1401 
0.2328 0.5389 0.0885 0.1398 
0.2878 0.2488 0.2132 0.2502 
0.2484 0.2021 0.3016 0.2479 
0.2022 0.2242 0.2991 0.2744 
0.2601 0.2396 0.2638 0.2365 
0.2365 0.2802 0.2532 0.2301 
0.2587 0.2374 0.2288 0.2751 

MOTIF filter19 
letter-probability matrix: alength= 4 w= 19 nsites= 19 
0.2653 0.2215 0.2544 0.2588 
0.2697 0.2062 0.1647 0.3594 
0.1326 0.1801 0.4690 0.2183 
0.3137 0.3319 0.1618 0.1926 
0.0538 0.5495 0.2153 0.1814 
0.0919 0.6520 0.0680 0.1881 
0.4632 0.1196 0.0815 0.3356 
0.1900 0.0907 0.0725 0.6468 
0.7719 0.0452 0.1791 0.0038 
0.0062 0.1772 0.0768 0.7398 
0.7399 0.0116 0.1129 0.1356 
0.2828 0.1204 0.0978 0.4990 
0.1696 0.1262 0.5536 0.1506 
0.1095 0.1530 0.6465 0.0910 
0.2288 0.1774 0.3106 0.2832 
0.2393 0.4408 0.1435 0.1763 
0.3352 0.1551 0.1971 0.3126 
0.2142 0.2932 0.1955 0.2971 
0.2365 0.2746 0.3183 0.1706 

MOTIF filter20 
letter-probability matrix: alength= 4 w= 19 nsites= 19 
0.3142 0.2456 0.1964 0.2437 
0.4611 0.0823 0.1983 0.2583 
0.4600 0.0588 0.0953 0.3858 
0.4885 0.0479 0.1311 0.3325 
0.2760 0.1618 0.1655 0.3966 
0.0388 0.0098 0.0417 0.9097 
0.0198 0.0094 0.9622 0.0086 
0.1484 0.8273 0.0155 0.0087 
0.0100 0.0246 0.0166 0.9487 
0.0103 0.0157 0.8649 0.1090 
0.9422 0.0105 0.0402 0.0071 
0.1209 0.4112 0.2553 0.2126 
0.2916 0.2096 0.1625 0.3363 
0.1885 0.2927 0.2160 0.3027 
0.3503 0.0983 0.2955 0.2559 
0.1790 0.1008 0.4277 0.2926 
0.2999 0.2042 0.3154 0.1804 
0.2090 0.3001 0.2421 0.2488 
0.2469 0.2413 0.2894 0.2224 

MOTIF filter21 
letter-probability matrix: alength= 4 w= 19 nsites= 19 
0.2729 0.2607 0.2042 0.2622 
0.2855 0.4552 0.0948 0.1645 
0.3090 0.2125 0.0833 0.3951 
0.3338 0.1780 0.2613 0.2270 
0.4002 0.1238 0.1829 0.2931 
0.2074 0.3224 0.3850 0.0853 
0.0065 0.0233 0.0075 0.9627 
0.1280 0.8417 0.0091 0.0212 
0.9670 0.0103 0.0143 0.0084 
0.0138 0.0073 0.7996 0.1793 
0.0278 0.9459 0.0159 0.0104 
0.9150 0.0338 0.0222 0.0290 
0.3741 0.2180 0.1036 0.3043 
0.3016 0.1222 0.0787 0.4975 
0.3984 0.1021 0.0573 0.4422 
0.3433 0.1685 0.1224 0.3658 
0.2425 0.2361 0.3127 0.2086 
0.2591 0.2861 0.2055 0.2493 
0.2802 0.2375 0.2394 0.2429 

MOTIF filter22 
letter-probability matrix: alength= 4 w= 19 nsites= 19 
0.2463 0.2734 0.2079 0.2724 
0.3227 0.1854 0.2487 0.2432 
0.2477 0.3288 0.2146 0.2090 
0.2282 0.3141 0.1972 0.2605 
0.2788 0.2644 0.2598 0.1970 
0.2009 0.2833 0.2702 0.2456 
0.2699 0.2372 0.1983 0.2947 
0.2768 0.2485 0.2520 0.2227 
0.4121 0.1778 0.2204 0.1896 
0.2422 0.3105 0.3089 0.1385 
0.0377 0.9404 0.0172 0.0047 
0.8832 0.0108 0.0689 0.0371 
0.0152 0.9026 0.0066 0.0756 
0.0518 0.0071 0.9262 0.0149 
0.0429 0.0519 0.0071 0.8981 
0.0204 0.0236 0.9391 0.0169 
0.1617 0.2788 0.3174 0.2421 
0.1536 0.2617 0.2571 0.3276 
0.2628 0.1990 0.2969 0.2412 

MOTIF filter23 
letter-probability matrix: alength= 4 w= 19 nsites= 19 
0.2092 0.1879 0.1546 0.4483 
0.0076 0.0368 0.0128 0.9427 
0.0072 0.0239 0.0331 0.9358 
0.1287 0.7873 0.0381 0.0459 
0.0563 0.6666 0.0177 0.2593 
0.2137 0.2669 0.2123 0.3071 
0.3560 0.0092 0.5427 0.0921 
0.0114 0.0166 0.7515 0.2206 
0.8896 0.0785 0.0121 0.0197 
0.9471 0.0080 0.0376 0.0074 
0.3939 0.1878 0.2216 0.1967 
0.2377 0.2927 0.2634 0.2062 
0.2468 0.2571 0.2418 0.2543 
0.2976 0.2325 0.2470 0.2229 
0.2387 0.2503 0.2619 0.2491 
0.2459 0.2672 0.2090 0.2779 
0.2643 0.2556 0.2248 0.2553 
0.2485 0.2438 0.2377 0.2701 
0.2612 0.3031 0.2073 0.2284 

MOTIF filter24 
letter-probability matrix: alength= 4 w= 19 nsites= 19 
0.2080 0.2666 0.2585 0.2669 
0.1411 0.1993 0.1724 0.4871 
0.1688 0.2257 0.3355 0.2699 
0.2687 0.3690 0.1009 0.2615 
0.0429 0.8390 0.0674 0.0507 
0.0034 0.8954 0.0518 0.0493 
0.5438 0.0418 0.0997 0.3147 
0.0762 0.0085 0.1102 0.8050 
0.9404 0.0148 0.0383 0.0065 
0.0527 0.0583 0.0127 0.8763 
0.7900 0.0826 0.0689 0.0585 
0.2556 0.0867 0.0314 0.6263 
0.0772 0.1724 0.6817 0.0687 
0.0150 0.0426 0.9090 0.0334 
0.2343 0.0920 0.4064 0.2673 
0.2544 0.4476 0.1748 0.1232 
0.5020 0.1340 0.1736 0.1905 
0.1955 0.2371 0.3013 0.2660 
0.2666 0.2870 0.1745 0.2719 

MOTIF filter25 
letter-probability matrix: alength= 4 w= 19 nsites= 19 
0.2393 0.2570 0.2473 0.2563 
0.2514 0.2638 0.2310 0.2538 
0.2538 0.2192 0.2447 0.2822 
0.2376 0.2462 0.2367 0.2794 
0.2740 0.2245 0.2268 0.2747 
0.2035 0.2755 0.2735 0.2475 
0.2503 0.2323 0.2464 0.2711 
0.1900 0.2762 0.2661 0.2678 
0.1091 0.3146 0.2860 0.2903 
0.1387 0.4502 0.2117 0.1994 
0.4551 0.0921 0.3406 0.1123 
0.0176 0.7426 0.0775 0.1622 
0.0361 0.0180 0.0220 0.9239 
0.0156 0.0406 0.0125 0.9313 
0.0211 0.9362 0.0181 0.0246 
0.0156 0.9528 0.0165 0.0151 
0.0196 0.0272 0.8123 0.1409 
0.0247 0.2622 0.6013 0.1118 
0.2700 0.2501 0.2554 0.2245 

MOTIF filter26 
letter-probability matrix: alength= 4 w= 19 nsites= 19 
0.2716 0.2431 0.2315 0.2538 
0.2603 0.2201 0.2716 0.2480 
0.2623 0.2167 0.2317 0.2893 
0.2201 0.2069 0.1979 0.3751 
0.0213 0.0043 0.0081 0.9663 
0.0132 0.0431 0.0808 0.8629 
0.2567 0.7238 0.0089 0.0106 
0.0758 0.5431 0.0097 0.3714 
0.3009 0.1518 0.2973 0.2500 
0.2177 0.0125 0.7299 0.0399 
0.0400 0.0345 0.7371 0.1884 
0.9138 0.0453 0.0231 0.0178 
0.9326 0.0170 0.0368 0.0137 
0.3576 0.2011 0.2083 0.2330 
0.2378 0.2430 0.2415 0.2777 
0.2266 0.2732 0.2448 0.2554 
0.2540 0.2608 0.2047 0.2805 
0.2684 0.2522 0.2265 0.2529 
0.2601 0.2516 0.2371 0.2512 

MOTIF filter27 
letter-probability matrix: alength= 4 w= 19 nsites= 19 
0.2228 0.2304 0.2948 0.2520 
0.2813 0.2468 0.2504 0.2215 
0.2216 0.2650 0.2448 0.2686 
0.2434 0.1792 0.2574 0.3200 
0.2843 0.2360 0.2162 0.2635 
0.2635 0.2447 0.2418 0.2499 
0.2532 0.2703 0.2207 0.2559 
0.2348 0.2341 0.3302 0.2009 
0.2720 0.2056 0.2638 0.2586 
0.0839 0.6238 0.2796 0.0127 
0.1154 0.8459 0.0238 0.0149 
0.0114 0.0137 0.9604 0.0145 
0.0182 0.0278 0.9393 0.0147 
0.9343 0.0337 0.0160 0.0160 
0.9503 0.0152 0.0164 0.0181 
0.1832 0.0658 0.7327 0.0183 
0.1203 0.3047 0.0574 0.5175 
0.2428 0.1363 0.5050 0.1159 
0.2406 0.2605 0.3919 0.1070 

MOTIF filter28 
letter-probability matrix: alength= 4 w= 19 nsites= 19 
0.2456 0.2331 0.2504 0.2710 
0.0495 0.6956 0.2188 0.0361 
0.1996 0.7677 0.0208 0.0120 
0.0207 0.0154 0.9460 0.0178 
0.0129 0.0386 0.9412 0.0073 
0.9306 0.0210 0.0241 0.0243 
0.9378 0.0251 0.0140 0.0231 
0.1282 0.1059 0.7517 0.0142 
0.0842 0.2925 0.1320 0.4914 
0.2022 0.2086 0.4535 0.1357 
0.2222 0.3727 0.3118 0.0933 
0.1958 0.3988 0.2455 0.1598 
0.2195 0.2503 0.2900 0.2402 
0.2421 0.2187 0.2528 0.2864 
0.1776 0.3393 0.2524 0.2306 
0.2969 0.2324 0.2566 0.2142 
0.2590 0.2074 0.2605 0.2731 
0.2646 0.2413 0.2120 0.2821 
0.2952 0.1803 0.2718 0.2527 

MOTIF filter29 
letter-probability matrix: alength= 4 w= 19 nsites= 19 
0.3561 0.1993 0.3489 0.0957 
0.0160 0.0261 0.0192 0.9386 
0.0230 0.0203 0.8331 0.1236 
0.9504 0.0156 0.0169 0.0172 
0.0754 0.4231 0.4400 0.0615 
0.0128 0.0197 0.0290 0.9385 
0.0870 0.8740 0.0200 0.0190 
0.9604 0.0137 0.0138 0.0121 
0.0588 0.3648 0.2319 0.3445 
0.2202 0.2857 0.2415 0.2525 
0.2365 0.2257 0.2829 0.2549 
0.2523 0.2351 0.2732 0.2394 
0.2608 0.2291 0.2539 0.2562 
0.2253 0.2933 0.2514 0.2300 
0.2473 0.2410 0.2513 0.2603 
0.2328 0.2587 0.2420 0.2665 
0.2476 0.2354 0.2548 0.2623 
0.2466 0.2546 0.2453 0.2535 
0.2606 0.2315 0.2389 0.2690 

