MEME version 4

ALPHABET= ACGT

Background letter frequencies:
A 0.2500 C 0.2500 G 0.2500 T 0.2500 

MOTIF filter0 
letter-probability matrix: alength= 4 w= 19 nsites= 19 
0.2336 0.2807 0.2736 0.2121 
0.3093 0.2456 0.2051 0.2400 
0.2681 0.2690 0.2249 0.2380 
0.2552 0.2519 0.2395 0.2533 
0.1936 0.2209 0.3019 0.2837 
0.1935 0.2334 0.2046 0.3684 
0.0279 0.0667 0.0255 0.8799 
0.0151 0.0368 0.1097 0.8384 
0.1748 0.7594 0.0312 0.0346 
0.0938 0.4902 0.0204 0.3956 
0.3011 0.1781 0.3170 0.2037 
0.2133 0.0102 0.7509 0.0257 
0.0349 0.0247 0.7984 0.1420 
0.9424 0.0274 0.0163 0.0139 
0.9441 0.0177 0.0223 0.0159 
0.3542 0.2002 0.2494 0.1962 
0.1917 0.2826 0.2476 0.2781 
0.2751 0.2517 0.2420 0.2313 
0.2996 0.2123 0.2340 0.2541 

MOTIF filter1 
letter-probability matrix: alength= 4 w= 19 nsites= 19 
0.2603 0.2358 0.2443 0.2597 
0.2404 0.2431 0.2805 0.2360 
0.3056 0.2292 0.2385 0.2268 
0.2947 0.2359 0.2547 0.2146 
0.2347 0.2497 0.2462 0.2694 
0.2604 0.2347 0.2361 0.2687 
0.2828 0.2391 0.2415 0.2365 
0.2622 0.2360 0.2830 0.2189 
0.5645 0.0207 0.0128 0.4020 
0.0221 0.0217 0.0190 0.9372 
0.0455 0.1394 0.0206 0.7944 
0.7775 0.0231 0.1571 0.0423 
0.9366 0.0197 0.0279 0.0158 
0.3222 0.0127 0.0299 0.6352 
0.2392 0.2642 0.2495 0.2471 
0.2460 0.2605 0.2490 0.2446 
0.2665 0.2521 0.2375 0.2439 
0.2316 0.2454 0.2768 0.2462 
0.2447 0.2510 0.2547 0.2496 

MOTIF filter2 
letter-probability matrix: alength= 4 w= 19 nsites= 19 
0.2568 0.2492 0.2623 0.2317 
0.2330 0.2371 0.2661 0.2638 
0.2749 0.2363 0.2297 0.2590 
0.2736 0.2755 0.2118 0.2391 
0.3612 0.2139 0.2606 0.1643 
0.1801 0.3252 0.3387 0.1560 
0.0337 0.9449 0.0080 0.0134 
0.9395 0.0050 0.0317 0.0238 
0.0083 0.9129 0.0150 0.0638 
0.0853 0.0106 0.8935 0.0107 
0.0312 0.0433 0.0070 0.9185 
0.0072 0.0192 0.9479 0.0258 
0.1661 0.2586 0.3101 0.2653 
0.1462 0.2660 0.2020 0.3858 
0.2725 0.2269 0.2480 0.2526 
0.2112 0.2680 0.2816 0.2392 
0.2179 0.2102 0.2785 0.2934 
0.2946 0.2605 0.2027 0.2422 
0.2547 0.2772 0.2285 0.2396 

MOTIF filter3 
letter-probability matrix: alength= 4 w= 19 nsites= 19 
0.2292 0.2528 0.2418 0.2763 
0.2383 0.2221 0.2578 0.2819 
0.2621 0.2591 0.2438 0.2350 
0.2819 0.2564 0.2416 0.2201 
0.2492 0.2520 0.2514 0.2474 
0.2312 0.2705 0.2359 0.2624 
0.1511 0.2102 0.4100 0.2287 
0.0163 0.6149 0.1326 0.2362 
0.0615 0.6350 0.0147 0.2888 
0.0228 0.9412 0.0171 0.0189 
0.0233 0.9223 0.0210 0.0334 
0.2231 0.0139 0.4685 0.2945 
0.0441 0.9125 0.0249 0.0185 
0.0155 0.9316 0.0385 0.0143 
0.0157 0.6545 0.0203 0.3096 
0.2032 0.5184 0.0108 0.2676 
0.1532 0.4485 0.1181 0.2802 
0.2991 0.2102 0.2537 0.2370 
0.2352 0.2517 0.2753 0.2378 

MOTIF filter4 
letter-probability matrix: alength= 4 w= 19 nsites= 19 
0.3135 0.2096 0.1982 0.2787 
0.2537 0.2352 0.2591 0.2520 
0.1836 0.2704 0.2866 0.2593 
0.2263 0.2174 0.2719 0.2844 
0.1759 0.2239 0.3697 0.2306 
0.1028 0.3247 0.2589 0.3136 
0.1486 0.4710 0.2178 0.1626 
0.5136 0.0961 0.2743 0.1161 
0.0164 0.7472 0.0934 0.1430 
0.0270 0.0198 0.0315 0.9217 
0.0128 0.0141 0.0120 0.9611 
0.0213 0.9414 0.0212 0.0160 
0.0195 0.9577 0.0112 0.0116 
0.0179 0.0296 0.8066 0.1459 
0.0145 0.2885 0.6276 0.0694 
0.2035 0.2829 0.2789 0.2347 
0.2143 0.2440 0.2631 0.2786 
0.2120 0.2279 0.2826 0.2775 
0.2594 0.2304 0.2196 0.2906 

MOTIF filter5 
letter-probability matrix: alength= 4 w= 19 nsites= 19 
0.2317 0.2286 0.2758 0.2639 
0.2257 0.2790 0.2425 0.2528 
0.2912 0.2617 0.2257 0.2213 
0.2585 0.2584 0.2487 0.2345 
0.1973 0.1536 0.3128 0.3363 
0.1585 0.5890 0.0363 0.2162 
0.0267 0.0688 0.0451 0.8594 
0.8910 0.0152 0.0424 0.0514 
0.3553 0.0207 0.0680 0.5560 
0.3861 0.0326 0.0059 0.5755 
0.5381 0.0103 0.0219 0.4297 
0.5948 0.0435 0.0124 0.3493 
0.0322 0.0275 0.0525 0.8878 
0.8636 0.0230 0.0835 0.0299 
0.2360 0.0425 0.5890 0.1325 
0.3400 0.3308 0.1729 0.1564 
0.2375 0.2484 0.2692 0.2450 
0.2558 0.2362 0.2702 0.2377 
0.2393 0.2527 0.2396 0.2683 

MOTIF filter6 
letter-probability matrix: alength= 4 w= 19 nsites= 19 
0.3000 0.2353 0.2386 0.2261 
0.2733 0.2112 0.2556 0.2599 
0.2445 0.2331 0.2564 0.2659 
0.2424 0.2674 0.2315 0.2587 
0.2261 0.2578 0.2613 0.2549 
0.2253 0.2655 0.2538 0.2555 
0.3598 0.2122 0.3563 0.0717 
0.0151 0.0142 0.0258 0.9449 
0.0159 0.0138 0.1357 0.8345 
0.3792 0.0196 0.4468 0.1544 
0.0581 0.7478 0.0422 0.1519 
0.1794 0.0468 0.7034 0.0704 
0.1603 0.5634 0.0076 0.2688 
0.8662 0.1003 0.0199 0.0136 
0.9422 0.0176 0.0155 0.0246 
0.0388 0.3594 0.1298 0.4721 
0.1985 0.2906 0.2365 0.2743 
0.2659 0.2597 0.2652 0.2091 
0.2748 0.2428 0.2555 0.2269 

MOTIF filter7 
letter-probability matrix: alength= 4 w= 19 nsites= 19 
0.2205 0.2391 0.2770 0.2634 
0.2540 0.2110 0.2401 0.2948 
0.2815 0.2190 0.2352 0.2644 
0.2413 0.1327 0.4869 0.1391 
0.2169 0.0134 0.5932 0.1764 
0.3132 0.0202 0.6542 0.0124 
0.0239 0.0221 0.9413 0.0127 
0.0424 0.0263 0.9179 0.0134 
0.3739 0.4682 0.0130 0.1450 
0.0438 0.0145 0.9249 0.0168 
0.0121 0.0182 0.9488 0.0209 
0.2475 0.0278 0.6608 0.0639 
0.2979 0.1161 0.5658 0.0203 
0.2497 0.3710 0.2324 0.1469 
0.2944 0.2477 0.2107 0.2473 
0.2220 0.2783 0.2497 0.2500 
0.2448 0.2684 0.2374 0.2493 
0.2276 0.2667 0.2375 0.2682 
0.2179 0.2301 0.2764 0.2756 

MOTIF filter8 
letter-probability matrix: alength= 4 w= 19 nsites= 19 
0.2332 0.2656 0.2495 0.2517 
0.2528 0.2836 0.2417 0.2219 
0.2324 0.2409 0.2814 0.2453 
0.2743 0.2415 0.2363 0.2480 
0.2491 0.2375 0.2600 0.2535 
0.2379 0.2655 0.2422 0.2545 
0.2694 0.2265 0.2527 0.2513 
0.2630 0.2718 0.2176 0.2476 
0.2433 0.2947 0.2315 0.2305 
0.2431 0.2424 0.3287 0.1858 
0.3038 0.2146 0.2476 0.2340 
0.0761 0.6828 0.2251 0.0159 
0.1311 0.8246 0.0265 0.0178 
0.0163 0.0192 0.9498 0.0147 
0.0180 0.0265 0.9422 0.0133 
0.9494 0.0168 0.0188 0.0150 
0.9645 0.0097 0.0136 0.0122 
0.1284 0.0723 0.7855 0.0139 
0.1048 0.3067 0.0753 0.5132 

MOTIF filter9 
letter-probability matrix: alength= 4 w= 19 nsites= 19 
0.1696 0.3209 0.2914 0.2181 
0.2029 0.3859 0.2229 0.1883 
0.2312 0.2317 0.2583 0.2788 
0.3089 0.2497 0.2558 0.1856 
0.2297 0.2378 0.2832 0.2492 
0.2386 0.1785 0.2865 0.2965 
0.4612 0.2017 0.2181 0.1190 
0.2145 0.3704 0.2383 0.1768 
0.0064 0.9661 0.0064 0.0212 
0.9150 0.0357 0.0172 0.0321 
0.0075 0.7440 0.0261 0.2224 
0.0693 0.0156 0.8920 0.0231 
0.0335 0.1063 0.0331 0.8271 
0.0128 0.0271 0.9425 0.0176 
0.1409 0.3096 0.3796 0.1698 
0.3771 0.2123 0.1463 0.2643 
0.3349 0.2194 0.2118 0.2339 
0.2949 0.2458 0.2022 0.2571 
0.2802 0.2636 0.2344 0.2218 

MOTIF filter10 
letter-probability matrix: alength= 4 w= 19 nsites= 19 
0.2615 0.2490 0.2472 0.2423 
0.2354 0.2538 0.2361 0.2748 
0.2499 0.2549 0.2525 0.2428 
0.2213 0.2746 0.2571 0.2470 
0.2681 0.2537 0.2428 0.2355 
0.2489 0.2517 0.2460 0.2534 
0.3630 0.2030 0.3383 0.0956 
0.0657 0.0550 0.0759 0.8034 
0.0345 0.0392 0.2410 0.6853 
0.3137 0.0434 0.4317 0.2113 
0.1361 0.5313 0.1036 0.2290 
0.2648 0.1124 0.5119 0.1108 
0.2164 0.4578 0.0101 0.3158 
0.6484 0.2449 0.0436 0.0631 
0.8030 0.0494 0.0971 0.0505 
0.1061 0.3262 0.2008 0.3668 
0.2556 0.2523 0.2533 0.2389 
0.2500 0.2302 0.2525 0.2673 
0.2531 0.2406 0.2538 0.2525 

MOTIF filter11 
letter-probability matrix: alength= 4 w= 19 nsites= 19 
0.2554 0.2898 0.2346 0.2201 
0.2958 0.1394 0.4254 0.1394 
0.2519 0.0158 0.5570 0.1753 
0.2989 0.0260 0.6591 0.0160 
0.0292 0.0179 0.9194 0.0335 
0.0183 0.0361 0.9112 0.0344 
0.2678 0.4729 0.0090 0.2504 
0.0584 0.0232 0.8832 0.0353 
0.0253 0.0208 0.9213 0.0325 
0.3102 0.0157 0.6326 0.0414 
0.2541 0.1636 0.5598 0.0225 
0.2557 0.3715 0.1983 0.1744 
0.2196 0.2616 0.2455 0.2733 
0.2437 0.2542 0.2606 0.2416 
0.2528 0.2764 0.2316 0.2393 
0.3208 0.2384 0.2226 0.2181 
0.2462 0.2626 0.2241 0.2671 
0.3013 0.2200 0.3098 0.1690 
0.3008 0.2369 0.2415 0.2209 

MOTIF filter12 
letter-probability matrix: alength= 4 w= 19 nsites= 19 
0.4147 0.0566 0.1404 0.3883 
0.2865 0.2541 0.1435 0.3159 
0.1541 0.0179 0.0533 0.7747 
0.0154 0.0106 0.9624 0.0115 
0.0937 0.8472 0.0301 0.0289 
0.0291 0.0200 0.0106 0.9403 
0.0225 0.0105 0.8333 0.1337 
0.8940 0.0467 0.0305 0.0288 
0.0949 0.4494 0.2581 0.1976 
0.2545 0.1962 0.1449 0.4045 
0.2024 0.3199 0.2147 0.2630 
0.3157 0.1068 0.3229 0.2545 
0.1965 0.1195 0.4418 0.2422 
0.3060 0.1921 0.3221 0.1798 
0.2306 0.2678 0.2480 0.2535 
0.2557 0.2229 0.2662 0.2552 
0.2401 0.2752 0.2889 0.1958 
0.2283 0.2503 0.2387 0.2827 
0.2394 0.2835 0.2721 0.2050 

MOTIF filter13 
letter-probability matrix: alength= 4 w= 19 nsites= 19 
0.2417 0.1543 0.3528 0.2511 
0.2107 0.2315 0.1000 0.4578 
0.0950 0.1401 0.4733 0.2916 
0.3126 0.3476 0.2305 0.1093 
0.0097 0.9178 0.0169 0.0557 
0.0293 0.9224 0.0446 0.0036 
0.5297 0.1014 0.0544 0.3145 
0.1228 0.0200 0.0078 0.8494 
0.8267 0.1159 0.0088 0.0486 
0.0192 0.0589 0.0571 0.8649 
0.8121 0.0155 0.0168 0.1556 
0.2985 0.0652 0.0098 0.6265 
0.0704 0.1516 0.7660 0.0120 
0.0173 0.0252 0.8942 0.0634 
0.1677 0.1482 0.3347 0.3493 
0.4298 0.2824 0.1771 0.1107 
0.4706 0.1038 0.1478 0.2778 
0.2243 0.3139 0.2019 0.2598 
0.4159 0.1867 0.1624 0.2350 

MOTIF filter14 
letter-probability matrix: alength= 4 w= 19 nsites= 19 
0.1882 0.1957 0.4104 0.2057 
0.1881 0.4451 0.1703 0.1964 
0.2549 0.2636 0.2590 0.2225 
0.1949 0.1319 0.4552 0.2181 
0.1122 0.6112 0.1424 0.1342 
0.0954 0.7625 0.0742 0.0678 
0.9625 0.0061 0.0171 0.0143 
0.4857 0.0106 0.0302 0.4734 
0.1832 0.3300 0.2944 0.1924 
0.5217 0.0213 0.0161 0.4409 
0.0078 0.0312 0.0092 0.9518 
0.0740 0.0671 0.7528 0.1061 
0.1379 0.0957 0.6302 0.1361 
0.2076 0.4778 0.1200 0.1946 
0.2094 0.2383 0.3239 0.2284 
0.2068 0.1987 0.4139 0.1806 
0.2273 0.4106 0.1559 0.2063 
0.2131 0.3017 0.2415 0.2437 
0.2451 0.2372 0.2637 0.2540 

MOTIF filter15 
letter-probability matrix: alength= 4 w= 19 nsites= 19 
0.2346 0.2198 0.1663 0.3793 
0.0461 0.0378 0.0312 0.8850 
0.0209 0.0376 0.0773 0.8642 
0.1772 0.7368 0.0356 0.0504 
0.0728 0.6061 0.0128 0.3083 
0.2293 0.2497 0.2185 0.3025 
0.3361 0.0087 0.5549 0.1002 
0.0342 0.0513 0.6713 0.2432 
0.8040 0.1313 0.0209 0.0437 
0.8658 0.0436 0.0757 0.0148 
0.3506 0.2129 0.2225 0.2141 
0.2679 0.2398 0.2432 0.2491 
0.2457 0.2699 0.2307 0.2537 
0.2641 0.2650 0.2153 0.2557 
0.2564 0.2298 0.2306 0.2832 
0.2457 0.2425 0.2408 0.2710 
0.2445 0.2345 0.2442 0.2769 
0.2502 0.2491 0.2166 0.2840 
0.2672 0.2577 0.2353 0.2397 

MOTIF filter16 
letter-probability matrix: alength= 4 w= 19 nsites= 19 
0.2310 0.2584 0.2262 0.2843 
0.2173 0.2235 0.2732 0.2860 
0.3517 0.2337 0.2075 0.2071 
0.4898 0.0497 0.1158 0.3447 
0.5153 0.0607 0.0929 0.3312 
0.3942 0.1084 0.0992 0.3982 
0.2497 0.1977 0.2655 0.2872 
0.0763 0.0353 0.0656 0.8228 
0.0785 0.2580 0.6462 0.0174 
0.3791 0.5973 0.0106 0.0130 
0.0266 0.0117 0.2330 0.7287 
0.0141 0.2183 0.6609 0.1066 
0.8823 0.0318 0.0363 0.0495 
0.1868 0.3187 0.2550 0.2395 
0.3025 0.1522 0.1362 0.4091 
0.2814 0.2400 0.1625 0.3161 
0.2993 0.1314 0.1902 0.3791 
0.2370 0.1473 0.3460 0.2697 
0.2925 0.2388 0.2301 0.2386 

MOTIF filter17 
letter-probability matrix: alength= 4 w= 19 nsites= 19 
0.2824 0.2533 0.1371 0.3272 
0.2747 0.2474 0.2322 0.2457 
0.2854 0.1766 0.3153 0.2227 
0.1945 0.5370 0.0630 0.2055 
0.2406 0.1673 0.0549 0.5371 
0.2284 0.1637 0.3693 0.2385 
0.4977 0.1069 0.1425 0.2529 
0.2020 0.2431 0.4616 0.0934 
0.0229 0.0702 0.0253 0.8816 
0.1047 0.8430 0.0143 0.0380 
0.9225 0.0147 0.0294 0.0334 
0.0416 0.0224 0.8118 0.1242 
0.0804 0.8511 0.0309 0.0377 
0.8118 0.0294 0.0217 0.1371 
0.3894 0.1954 0.1548 0.2604 
0.4213 0.1228 0.1098 0.3461 
0.3341 0.1687 0.1257 0.3715 
0.2204 0.2123 0.1031 0.4642 
0.2574 0.2788 0.1968 0.2670 

MOTIF filter18 
letter-probability matrix: alength= 4 w= 19 nsites= 19 
0.1984 0.2137 0.2384 0.3495 
0.2970 0.2435 0.2241 0.2354 
0.2432 0.2531 0.3153 0.1885 
0.3012 0.1782 0.1677 0.3529 
0.2466 0.2153 0.2388 0.2993 
0.2193 0.2858 0.2729 0.2220 
0.1609 0.2586 0.2713 0.3091 
0.2060 0.3202 0.1987 0.2752 
0.2078 0.3247 0.2834 0.1842 
0.3123 0.2421 0.2907 0.1550 
0.3655 0.2220 0.2571 0.1553 
0.0384 0.9327 0.0251 0.0038 
0.8719 0.0067 0.1069 0.0145 
0.0251 0.9412 0.0137 0.0200 
0.1295 0.0339 0.8157 0.0208 
0.0375 0.0404 0.0050 0.9171 
0.0121 0.0054 0.9504 0.0322 
0.2058 0.2933 0.2972 0.2037 
0.1366 0.3080 0.1618 0.3935 

MOTIF filter19 
letter-probability matrix: alength= 4 w= 19 nsites= 19 
0.3294 0.2383 0.2914 0.1409 
0.3007 0.2409 0.2326 0.2258 
0.3364 0.2480 0.1939 0.2218 
0.1358 0.3165 0.1946 0.3531 
0.1653 0.2871 0.3094 0.2382 
0.3392 0.2344 0.3758 0.0505 
0.4240 0.0583 0.3728 0.1448 
0.0342 0.9081 0.0250 0.0327 
0.0133 0.9309 0.0312 0.0247 
0.9518 0.0150 0.0176 0.0156 
0.9149 0.0190 0.0449 0.0211 
0.0127 0.0121 0.0114 0.9637 
0.1320 0.5212 0.2934 0.0535 
0.6131 0.0713 0.2937 0.0219 
0.1890 0.1976 0.5035 0.1099 
0.2349 0.2357 0.2693 0.2601 
0.2514 0.2249 0.2782 0.2455 
0.2428 0.2771 0.2454 0.2346 
0.2405 0.3030 0.2325 0.2240 

MOTIF filter20 
letter-probability matrix: alength= 4 w= 19 nsites= 19 
0.2372 0.2787 0.2379 0.2463 
0.1757 0.2311 0.3531 0.2401 
0.0228 0.5165 0.1705 0.2902 
0.0911 0.6184 0.0202 0.2703 
0.0260 0.8963 0.0494 0.0283 
0.0280 0.8783 0.0324 0.0612 
0.2197 0.0175 0.4051 0.3576 
0.0289 0.9235 0.0245 0.0231 
0.0220 0.9257 0.0254 0.0269 
0.0249 0.6375 0.0319 0.3057 
0.1973 0.5918 0.0262 0.1847 
0.1533 0.3881 0.1577 0.3009 
0.2456 0.2219 0.2539 0.2786 
0.2607 0.2747 0.1917 0.2729 
0.2344 0.2738 0.2899 0.2018 
0.2358 0.2810 0.2439 0.2393 
0.2684 0.2131 0.2613 0.2573 
0.2132 0.2657 0.2818 0.2393 
0.2084 0.2635 0.2484 0.2797 

MOTIF filter21 
letter-probability matrix: alength= 4 w= 19 nsites= 19 
0.2630 0.2439 0.2372 0.2559 
0.3032 0.2448 0.2105 0.2414 
0.2329 0.2233 0.3090 0.2348 
0.3371 0.2025 0.3861 0.0744 
0.0206 0.0177 0.0204 0.9413 
0.0221 0.0305 0.8276 0.1198 
0.9424 0.0239 0.0226 0.0111 
0.0680 0.4229 0.4516 0.0575 
0.0186 0.0186 0.0239 0.9389 
0.0980 0.8716 0.0144 0.0160 
0.9504 0.0142 0.0191 0.0163 
0.0691 0.3232 0.2512 0.3565 
0.2255 0.2809 0.2596 0.2340 
0.2350 0.2490 0.2753 0.2407 
0.2400 0.2569 0.2631 0.2400 
0.2561 0.2266 0.2614 0.2558 
0.2260 0.2627 0.2813 0.2300 
0.2415 0.2394 0.2520 0.2672 
0.2539 0.2459 0.2623 0.2380 

MOTIF filter22 
letter-probability matrix: alength= 4 w= 19 nsites= 19 
0.3419 0.3145 0.1303 0.2133 
0.0850 0.6760 0.1642 0.0747 
0.0299 0.6548 0.0646 0.2507 
0.5206 0.0866 0.1310 0.2617 
0.1539 0.0393 0.0717 0.7350 
0.7902 0.0590 0.1337 0.0170 
0.0032 0.0932 0.0754 0.8282 
0.7168 0.1385 0.0247 0.1199 
0.3312 0.0672 0.0730 0.5287 
0.1800 0.0925 0.6611 0.0665 
0.0658 0.1360 0.7475 0.0507 
0.2044 0.1512 0.3080 0.3365 
0.2283 0.3936 0.2244 0.1537 
0.4082 0.1353 0.1586 0.2980 
0.1966 0.3153 0.2389 0.2492 
0.1467 0.2898 0.3859 0.1777 
0.2494 0.2288 0.3060 0.2158 
0.1705 0.3312 0.2621 0.2361 
0.2480 0.2122 0.2409 0.2990 

MOTIF filter23 
letter-probability matrix: alength= 4 w= 19 nsites= 19 
0.2187 0.2671 0.2545 0.2597 
0.2733 0.2295 0.2520 0.2452 
0.2581 0.2388 0.2454 0.2577 
0.2600 0.2372 0.2634 0.2395 
0.2378 0.2965 0.2025 0.2632 
0.2557 0.2339 0.2662 0.2443 
0.0726 0.5105 0.2459 0.1710 
0.0232 0.2812 0.0580 0.6375 
0.0466 0.3399 0.5073 0.1063 
0.9518 0.0137 0.0221 0.0124 
0.0127 0.0236 0.0184 0.9453 
0.0128 0.0188 0.0260 0.9424 
0.0273 0.0182 0.9433 0.0112 
0.0158 0.0260 0.9462 0.0120 
0.1178 0.4206 0.0429 0.4186 
0.0518 0.3771 0.1994 0.3717 
0.2427 0.3490 0.2584 0.1499 
0.3522 0.1810 0.3072 0.1596 
0.1923 0.1943 0.2880 0.3254 

MOTIF filter24 
letter-probability matrix: alength= 4 w= 19 nsites= 19 
0.2342 0.2113 0.2590 0.2955 
0.0695 0.5520 0.2283 0.1502 
0.0723 0.3989 0.4523 0.0765 
0.2869 0.0686 0.2570 0.3874 
0.3339 0.2970 0.1335 0.2356 
0.2466 0.3202 0.2169 0.2163 
0.0973 0.3076 0.3177 0.2775 
0.1847 0.1258 0.4801 0.2094 
0.2744 0.1758 0.3148 0.2350 
0.5343 0.0577 0.2857 0.1223 
0.2387 0.3890 0.1163 0.2560 
0.3128 0.1844 0.1758 0.3270 
0.1431 0.5090 0.1237 0.2243 
0.1493 0.2108 0.4101 0.2297 
0.1782 0.4168 0.1596 0.2453 
0.1698 0.1684 0.6549 0.0069 
0.1799 0.1510 0.1969 0.4722 
0.2175 0.2394 0.2836 0.2595 
0.0276 0.2690 0.4702 0.2332 

MOTIF filter25 
letter-probability matrix: alength= 4 w= 19 nsites= 19 
0.2593 0.1993 0.2712 0.2702 
0.2933 0.2452 0.2605 0.2010 
0.2138 0.2583 0.2532 0.2747 
0.2357 0.2078 0.1208 0.4357 
0.1539 0.1360 0.3655 0.3446 
0.2806 0.3101 0.2110 0.1983 
0.0604 0.7554 0.0999 0.0843 
0.0145 0.7929 0.0373 0.1553 
0.4758 0.0659 0.0782 0.3801 
0.2373 0.0063 0.0299 0.7265 
0.8554 0.0483 0.0691 0.0271 
0.0038 0.0814 0.0468 0.8680 
0.8346 0.0242 0.0079 0.1333 
0.2969 0.1140 0.0466 0.5425 
0.1250 0.1105 0.6461 0.1185 
0.0444 0.1069 0.7178 0.1309 
0.2580 0.1698 0.3022 0.2700 
0.3120 0.4498 0.1106 0.1277 
0.4228 0.1263 0.1750 0.2759 

MOTIF filter26 
letter-probability matrix: alength= 4 w= 19 nsites= 19 
0.2329 0.2743 0.3130 0.1798 
0.2301 0.2570 0.3007 0.2121 
0.2625 0.2122 0.2702 0.2551 
0.1975 0.2570 0.2401 0.3054 
0.2177 0.2955 0.2761 0.2106 
0.3579 0.2238 0.3171 0.1012 
0.0298 0.0256 0.0564 0.8882 
0.0587 0.0356 0.7713 0.1344 
0.9205 0.0220 0.0227 0.0347 
0.0868 0.4217 0.4459 0.0456 
0.0247 0.0255 0.0412 0.9086 
0.0576 0.8713 0.0424 0.0286 
0.9217 0.0241 0.0310 0.0232 
0.0720 0.3433 0.2183 0.3664 
0.2215 0.2620 0.2668 0.2497 
0.2529 0.2179 0.2784 0.2508 
0.2365 0.2342 0.2587 0.2705 
0.2426 0.2893 0.2412 0.2270 
0.2052 0.2612 0.2831 0.2505 

MOTIF filter27 
letter-probability matrix: alength= 4 w= 19 nsites= 19 
0.2644 0.2420 0.2745 0.2190 
0.2266 0.2929 0.2112 0.2692 
0.2567 0.2570 0.2654 0.2209 
0.1805 0.1112 0.3234 0.3848 
0.1180 0.6391 0.0371 0.2058 
0.0332 0.0428 0.0202 0.9038 
0.9093 0.0164 0.0386 0.0357 
0.3573 0.0156 0.0524 0.5747 
0.4290 0.0339 0.0151 0.5220 
0.4892 0.0188 0.0346 0.4574 
0.5549 0.0540 0.0141 0.3770 
0.0410 0.0291 0.0332 0.8967 
0.8661 0.0325 0.0594 0.0419 
0.1739 0.0477 0.6678 0.1106 
0.3628 0.3129 0.1468 0.1776 
0.2431 0.2715 0.2715 0.2139 
0.2543 0.2543 0.2195 0.2719 
0.2354 0.2551 0.2543 0.2553 
0.2812 0.2514 0.2025 0.2648 

MOTIF filter28 
letter-probability matrix: alength= 4 w= 19 nsites= 19 
0.3357 0.2000 0.3107 0.1536 
0.1810 0.3160 0.1748 0.3282 
0.3155 0.3877 0.1493 0.1475 
0.2790 0.2475 0.1275 0.3460 
0.3204 0.2557 0.2005 0.2234 
0.4091 0.1330 0.1596 0.2982 
0.1768 0.3533 0.3608 0.1091 
0.0125 0.0198 0.0132 0.9544 
0.1024 0.8660 0.0065 0.0251 
0.9537 0.0105 0.0228 0.0130 
0.0178 0.0086 0.8395 0.1341 
0.0217 0.9575 0.0061 0.0147 
0.9169 0.0166 0.0192 0.0474 
0.3166 0.1591 0.1851 0.3392 
0.4454 0.1204 0.0238 0.4104 
0.3810 0.1157 0.0488 0.4545 
0.3404 0.1555 0.1153 0.3889 
0.2276 0.2706 0.2986 0.2032 
0.3158 0.2110 0.2184 0.2547 

MOTIF filter29 
letter-probability matrix: alength= 4 w= 19 nsites= 19 
0.2373 0.2080 0.3186 0.2361 
0.2679 0.1976 0.2805 0.2540 
0.2410 0.2466 0.2780 0.2344 
0.2035 0.2462 0.2806 0.2697 
0.3628 0.1943 0.1893 0.2536 
0.2541 0.2838 0.2857 0.1764 
0.2293 0.2261 0.2802 0.2644 
0.1502 0.2017 0.3150 0.3331 
0.0607 0.3749 0.3329 0.2315 
0.1337 0.4676 0.1904 0.2083 
0.5315 0.0429 0.3789 0.0467 
0.0103 0.8220 0.0470 0.1207 
0.0212 0.0078 0.0103 0.9607 
0.0255 0.0420 0.0129 0.9196 
0.0121 0.9669 0.0096 0.0114 
0.0230 0.9407 0.0100 0.0263 
0.0153 0.0134 0.8697 0.1015 
0.0199 0.2263 0.6708 0.0830 
0.2694 0.2438 0.1910 0.2958 

