MEME version 4

ALPHABET= ACGT

Background letter frequencies:
A 0.2500 C 0.2500 G 0.2500 T 0.2500 

MOTIF filter0 
letter-probability matrix: alength= 4 w= 15 nsites= 15 
0.2783 0.2425 0.2329 0.2462 
0.2309 0.2375 0.2516 0.2800 
0.1224 0.1965 0.1651 0.5160 
0.0000 0.0011 0.0000 0.9989 
0.0000 0.0000 0.0064 0.9936 
0.0474 0.9515 0.0000 0.0010 
0.0099 0.7552 0.0000 0.2349 
0.2973 0.1640 0.3205 0.2182 
0.1297 0.0000 0.8703 0.0000 
0.0000 0.0000 0.9667 0.0333 
1.0000 0.0000 0.0000 0.0000 
1.0000 0.0000 0.0000 0.0000 
0.5496 0.1069 0.2050 0.1385 
0.2373 0.2718 0.1927 0.2982 
0.2869 0.2498 0.2286 0.2348 

MOTIF filter1 
letter-probability matrix: alength= 4 w= 10 nsites= 10 
0.2636 0.2689 0.2447 0.2228 
0.2509 0.2306 0.2559 0.2625 
0.6050 0.0000 0.0000 0.3950 
0.0000 0.0000 0.0000 1.0000 
0.0000 0.0152 0.0000 0.9848 
0.9610 0.0000 0.0390 0.0000 
1.0000 0.0000 0.0000 0.0000 
0.3696 0.0000 0.0000 0.6304 
0.2643 0.2405 0.2540 0.2412 
0.2427 0.2362 0.2881 0.2330 

MOTIF filter2 
letter-probability matrix: alength= 4 w= 12 nsites= 12 
0.2653 0.2767 0.2212 0.2368 
0.4321 0.2051 0.2280 0.1348 
0.2383 0.3136 0.2974 0.1506 
0.0000 1.0000 0.0000 0.0000 
1.0000 0.0000 0.0000 0.0000 
0.0000 0.9960 0.0000 0.0040 
0.0110 0.0000 0.9890 0.0000 
0.0000 0.0008 0.0000 0.9992 
0.0000 0.0000 1.0000 0.0000 
0.1584 0.2963 0.3110 0.2342 
0.1320 0.2543 0.1813 0.4324 
0.2628 0.2267 0.2643 0.2463 

MOTIF filter3 
letter-probability matrix: alength= 4 w= 15 nsites= 15 
0.2762 0.2263 0.2616 0.2360 
0.2571 0.2954 0.2348 0.2127 
0.0670 0.1753 0.5775 0.1803 
0.0000 0.7874 0.0252 0.1874 
0.0023 0.8435 0.0000 0.1542 
0.0000 1.0000 0.0000 0.0000 
0.0000 1.0000 0.0000 0.0000 
0.1176 0.0000 0.5860 0.2964 
0.0000 1.0000 0.0000 0.0000 
0.0000 1.0000 0.0000 0.0000 
0.0000 0.8146 0.0000 0.1854 
0.0680 0.7880 0.0000 0.1440 
0.0404 0.6545 0.0507 0.2544 
0.2813 0.2431 0.2568 0.2188 
0.2492 0.2320 0.2896 0.2291 

MOTIF filter4 
letter-probability matrix: alength= 4 w= 15 nsites= 15 
0.2521 0.2030 0.2524 0.2926 
0.1656 0.1645 0.4449 0.2250 
0.0193 0.4320 0.2637 0.2850 
0.0896 0.7017 0.1297 0.0789 
0.7849 0.0074 0.1743 0.0334 
0.0000 0.9735 0.0079 0.0186 
0.0000 0.0000 0.0000 1.0000 
0.0000 0.0000 0.0000 1.0000 
0.0000 1.0000 0.0000 0.0000 
0.0000 1.0000 0.0000 0.0000 
0.0000 0.0000 0.9906 0.0094 
0.0000 0.1393 0.8607 0.0000 
0.2347 0.2718 0.2744 0.2190 
0.2577 0.2183 0.2891 0.2349 
0.2206 0.2306 0.2544 0.2944 

MOTIF filter5 
letter-probability matrix: alength= 4 w= 16 nsites= 16 
0.2557 0.2653 0.2425 0.2365 
0.2386 0.2482 0.2455 0.2678 
0.0981 0.0613 0.3651 0.4755 
0.0323 0.8718 0.0000 0.0959 
0.0000 0.0000 0.0008 0.9992 
1.0000 0.0000 0.0000 0.0000 
0.2538 0.0000 0.0017 0.7445 
0.4730 0.0000 0.0000 0.5270 
0.5755 0.0000 0.0000 0.4245 
0.7402 0.0008 0.0000 0.2590 
0.0000 0.0000 0.0000 1.0000 
0.9975 0.0000 0.0025 0.0000 
0.1003 0.0009 0.8764 0.0225 
0.4849 0.3675 0.0470 0.1006 
0.2428 0.2644 0.2293 0.2636 
0.2369 0.2549 0.2605 0.2477 

MOTIF filter6 
letter-probability matrix: alength= 4 w= 14 nsites= 14 
0.2355 0.2520 0.2542 0.2582 
0.2207 0.2590 0.2454 0.2749 
0.4761 0.1376 0.3763 0.0100 
0.0000 0.0000 0.0000 1.0000 
0.0000 0.0000 0.0264 0.9736 
0.3020 0.0000 0.6295 0.0685 
0.0010 0.9406 0.0009 0.0575 
0.0761 0.0019 0.9153 0.0068 
0.0581 0.7338 0.0000 0.2081 
0.9842 0.0158 0.0000 0.0000 
1.0000 0.0000 0.0000 0.0000 
0.0009 0.3655 0.0895 0.5442 
0.2359 0.2746 0.2439 0.2456 
0.2595 0.2018 0.2691 0.2696 

MOTIF filter7 
letter-probability matrix: alength= 4 w= 15 nsites= 15 
0.2795 0.1791 0.2539 0.2875 
0.2888 0.2081 0.2315 0.2716 
0.2378 0.0536 0.6506 0.0580 
0.0652 0.0000 0.8691 0.0657 
0.1531 0.0000 0.8469 0.0000 
0.0000 0.0000 1.0000 0.0000 
0.0000 0.0000 1.0000 0.0000 
0.3541 0.5685 0.0000 0.0774 
0.0000 0.0000 1.0000 0.0000 
0.0000 0.0000 1.0000 0.0000 
0.1051 0.0000 0.8949 0.0000 
0.1810 0.0250 0.7940 0.0000 
0.1523 0.5673 0.2044 0.0760 
0.2891 0.2364 0.2399 0.2346 
0.2037 0.2817 0.2510 0.2636 

MOTIF filter8 
letter-probability matrix: alength= 4 w= 11 nsites= 11 
0.1842 0.2849 0.2643 0.2666 
0.2437 0.2256 0.2458 0.2849 
0.2533 0.2709 0.2244 0.2514 
0.0037 0.8241 0.1722 0.0000 
0.0176 0.9824 0.0000 0.0000 
0.0000 0.0000 1.0000 0.0000 
0.0000 0.0000 1.0000 0.0000 
1.0000 0.0000 0.0000 0.0000 
1.0000 0.0000 0.0000 0.0000 
0.0427 0.0000 0.9573 0.0000 
0.0518 0.2898 0.0102 0.6483 

MOTIF filter9 
letter-probability matrix: alength= 4 w= 12 nsites= 12 
0.2527 0.2087 0.2683 0.2704 
0.5947 0.1674 0.1765 0.0614 
0.2261 0.3916 0.2589 0.1235 
0.0000 1.0000 0.0000 0.0000 
1.0000 0.0000 0.0000 0.0000 
0.0000 0.9395 0.0000 0.0605 
0.0028 0.0000 0.9972 0.0000 
0.0000 0.0146 0.0000 0.9854 
0.0000 0.0000 1.0000 0.0000 
0.1093 0.3511 0.3882 0.1513 
0.2389 0.2162 0.1200 0.4250 
0.3434 0.2069 0.2325 0.2171 

MOTIF filter10 
letter-probability matrix: alength= 4 w= 14 nsites= 14 
0.2611 0.2441 0.2453 0.2495 
0.2363 0.2463 0.2438 0.2736 
0.4888 0.1286 0.3711 0.0115 
0.0000 0.0000 0.0000 1.0000 
0.0000 0.0000 0.0415 0.9585 
0.2774 0.0000 0.6403 0.0823 
0.0129 0.8948 0.0071 0.0852 
0.1185 0.0078 0.8675 0.0062 
0.0737 0.6928 0.0000 0.2335 
0.9544 0.0456 0.0000 0.0000 
1.0000 0.0000 0.0000 0.0000 
0.0140 0.3505 0.1173 0.5182 
0.2701 0.2511 0.2443 0.2344 
0.2455 0.1906 0.2573 0.3066 

MOTIF filter11 
letter-probability matrix: alength= 4 w= 14 nsites= 14 
0.2719 0.2568 0.2303 0.2410 
0.2668 0.0569 0.6135 0.0627 
0.0866 0.0000 0.8401 0.0733 
0.1365 0.0000 0.8635 0.0000 
0.0000 0.0000 1.0000 0.0000 
0.0000 0.0000 1.0000 0.0000 
0.2818 0.5822 0.0000 0.1360 
0.0000 0.0000 1.0000 0.0000 
0.0000 0.0000 1.0000 0.0000 
0.1342 0.0000 0.8658 0.0000 
0.1751 0.0579 0.7670 0.0000 
0.1643 0.5562 0.2006 0.0789 
0.2244 0.2398 0.2976 0.2382 
0.2156 0.2509 0.2798 0.2537 

MOTIF filter12 
letter-probability matrix: alength= 4 w= 11 nsites= 11 
0.4964 0.0074 0.0603 0.4358 
0.2827 0.1910 0.0972 0.4292 
0.0093 0.0000 0.0000 0.9907 
0.0000 0.0000 1.0000 0.0000 
0.0022 0.9978 0.0000 0.0000 
0.0000 0.0000 0.0000 1.0000 
0.0000 0.0000 0.9926 0.0074 
1.0000 0.0000 0.0000 0.0000 
0.0398 0.5880 0.2097 0.1625 
0.1719 0.1219 0.0681 0.6381 
0.1501 0.3935 0.1767 0.2796 

MOTIF filter13 
letter-probability matrix: alength= 4 w= 19 nsites= 19 
0.2622 0.2148 0.2620 0.2610 
0.1528 0.0702 0.0270 0.7500 
0.0289 0.0746 0.6956 0.2009 
0.3967 0.4069 0.0827 0.1137 
0.0000 1.0000 0.0000 0.0000 
0.0000 1.0000 0.0000 0.0000 
0.8079 0.0040 0.0067 0.1813 
0.0130 0.0000 0.0000 0.9870 
0.9981 0.0019 0.0000 0.0000 
0.0000 0.0009 0.0009 0.9981 
0.9905 0.0000 0.0000 0.0095 
0.1527 0.0055 0.0000 0.8419 
0.0031 0.0069 0.9900 0.0000 
0.0010 0.0010 0.9927 0.0053 
0.1244 0.0859 0.3843 0.4054 
0.2270 0.6492 0.0948 0.0290 
0.7569 0.0253 0.0656 0.1523 
0.2382 0.2883 0.2503 0.2233 
0.2646 0.2473 0.2337 0.2545 

MOTIF filter14 
letter-probability matrix: alength= 4 w= 15 nsites= 15 
0.1184 0.5126 0.1596 0.2094 
0.2817 0.3218 0.2215 0.1750 
0.1283 0.1142 0.6115 0.1459 
0.0673 0.7316 0.1057 0.0954 
0.0257 0.9592 0.0076 0.0074 
1.0000 0.0000 0.0000 0.0000 
0.5175 0.0000 0.0000 0.4825 
0.1584 0.3543 0.3209 0.1664 
0.5514 0.0000 0.0000 0.4486 
0.0000 0.0000 0.0000 1.0000 
0.0105 0.0031 0.9437 0.0426 
0.0873 0.0595 0.7755 0.0778 
0.1231 0.6573 0.0765 0.1431 
0.1467 0.2447 0.3716 0.2370 
0.1540 0.1664 0.5680 0.1116 

MOTIF filter15 
letter-probability matrix: alength= 4 w= 13 nsites= 13 
0.1663 0.1985 0.1478 0.4874 
0.0000 0.0000 0.0000 1.0000 
0.0000 0.0000 0.0000 1.0000 
0.0600 0.9359 0.0000 0.0041 
0.0061 0.8033 0.0000 0.1906 
0.2458 0.2291 0.2597 0.2654 
0.2284 0.0000 0.7605 0.0112 
0.0000 0.0000 0.9121 0.0879 
0.9850 0.0150 0.0000 0.0000 
0.9975 0.0000 0.0025 0.0000 
0.5270 0.1328 0.2045 0.1357 
0.2703 0.2472 0.2043 0.2782 
0.2617 0.2591 0.2364 0.2428 

MOTIF filter16 
letter-probability matrix: alength= 4 w= 17 nsites= 17 
0.2706 0.2124 0.2341 0.2829 
0.3869 0.2309 0.1695 0.2128 
0.6308 0.0000 0.0377 0.3315 
0.6769 0.0031 0.0061 0.3139 
0.4717 0.0119 0.0165 0.4998 
0.2525 0.1578 0.1626 0.4270 
0.0000 0.0000 0.0000 1.0000 
0.0000 0.0220 0.9780 0.0000 
0.1140 0.8860 0.0000 0.0000 
0.0000 0.0000 0.0152 0.9848 
0.0000 0.0060 0.9940 0.0000 
1.0000 0.0000 0.0000 0.0000 
0.0786 0.5152 0.2285 0.1777 
0.2144 0.0740 0.0250 0.6866 
0.2011 0.3667 0.1208 0.3115 
0.4969 0.0404 0.1528 0.3098 
0.1298 0.0632 0.4953 0.3117 

MOTIF filter17 
letter-probability matrix: alength= 4 w= 14 nsites= 14 
0.2645 0.6060 0.0174 0.1120 
0.1883 0.1469 0.0138 0.6511 
0.2707 0.1221 0.3924 0.2148 
0.7060 0.0236 0.0821 0.1883 
0.1495 0.2473 0.5847 0.0184 
0.0036 0.0060 0.0000 0.9904 
0.0214 0.9786 0.0000 0.0000 
1.0000 0.0000 0.0000 0.0000 
0.0000 0.0000 0.9590 0.0410 
0.0063 0.9937 0.0000 0.0000 
0.9792 0.0030 0.0000 0.0178 
0.4975 0.1505 0.0906 0.2614 
0.5411 0.0522 0.0062 0.4004 
0.3519 0.0564 0.0207 0.5710 

MOTIF filter18 
letter-probability matrix: alength= 4 w= 11 nsites= 11 
0.2387 0.3016 0.2595 0.2002 
0.4422 0.2118 0.2334 0.1126 
0.3152 0.2807 0.2731 0.1310 
0.0000 1.0000 0.0000 0.0000 
0.9905 0.0000 0.0095 0.0000 
0.0000 1.0000 0.0000 0.0000 
0.0180 0.0000 0.9820 0.0000 
0.0000 0.0000 0.0000 1.0000 
0.0000 0.0000 1.0000 0.0000 
0.1701 0.3210 0.3171 0.1918 
0.0953 0.2925 0.1389 0.4733 

MOTIF filter19 
letter-probability matrix: alength= 4 w= 14 nsites= 14 
0.0961 0.3157 0.3818 0.2064 
0.4185 0.1311 0.4504 0.0000 
0.5304 0.0000 0.4370 0.0326 
0.0000 1.0000 0.0000 0.0000 
0.0000 1.0000 0.0000 0.0000 
1.0000 0.0000 0.0000 0.0000 
1.0000 0.0000 0.0000 0.0000 
0.0000 0.0000 0.0000 1.0000 
0.0206 0.7774 0.2020 0.0000 
0.8064 0.0020 0.1917 0.0000 
0.0942 0.0984 0.7989 0.0085 
0.2256 0.2699 0.2580 0.2465 
0.2556 0.2274 0.2508 0.2662 
0.2421 0.2743 0.2230 0.2606 

MOTIF filter20 
letter-probability matrix: alength= 4 w= 14 nsites= 14 
0.2729 0.2967 0.2420 0.1885 
0.0682 0.1955 0.5542 0.1821 
0.0000 0.7403 0.0412 0.2184 
0.0024 0.8607 0.0000 0.1369 
0.0000 1.0000 0.0000 0.0000 
0.0000 1.0000 0.0000 0.0000 
0.1111 0.0000 0.5496 0.3393 
0.0000 1.0000 0.0000 0.0000 
0.0000 1.0000 0.0000 0.0000 
0.0000 0.8359 0.0000 0.1641 
0.0594 0.8698 0.0000 0.0708 
0.0359 0.6088 0.0653 0.2899 
0.2723 0.2220 0.2573 0.2484 
0.2547 0.2635 0.2282 0.2536 

MOTIF filter21 
letter-probability matrix: alength= 4 w= 13 nsites= 13 
0.2708 0.2410 0.2376 0.2506 
0.2090 0.1880 0.3904 0.2126 
0.4014 0.2138 0.3599 0.0248 
0.0000 0.0000 0.0000 1.0000 
0.0000 0.0000 0.9732 0.0268 
1.0000 0.0000 0.0000 0.0000 
0.0161 0.4970 0.4752 0.0116 
0.0000 0.0000 0.0000 1.0000 
0.0087 0.9913 0.0000 0.0000 
1.0000 0.0000 0.0000 0.0000 
0.0177 0.3659 0.2158 0.4007 
0.2215 0.3562 0.1893 0.2330 
0.2614 0.2344 0.2586 0.2456 

MOTIF filter22 
letter-probability matrix: alength= 4 w= 17 nsites= 17 
0.4049 0.4084 0.0603 0.1264 
0.0011 0.9989 0.0000 0.0000 
0.0000 0.9955 0.0000 0.0045 
0.8305 0.0011 0.0050 0.1635 
0.0058 0.0000 0.0012 0.9930 
1.0000 0.0000 0.0000 0.0000 
0.0000 0.0000 0.0000 1.0000 
0.9954 0.0010 0.0000 0.0036 
0.1518 0.0036 0.0011 0.8435 
0.0072 0.0000 0.9928 0.0000 
0.0000 0.0000 1.0000 0.0000 
0.1251 0.0734 0.3895 0.4121 
0.1775 0.7045 0.0916 0.0264 
0.7590 0.0266 0.0655 0.1488 
0.2208 0.2868 0.2656 0.2268 
0.1965 0.2766 0.2911 0.2358 
0.2432 0.2422 0.2597 0.2549 

MOTIF filter23 
letter-probability matrix: alength= 4 w= 14 nsites= 14 
0.2622 0.2814 0.2227 0.2337 
0.2272 0.2780 0.2667 0.2281 
0.2684 0.2397 0.2354 0.2566 
0.0085 0.8254 0.0839 0.0822 
0.0000 0.1641 0.0040 0.8318 
0.0000 0.2473 0.7172 0.0355 
1.0000 0.0000 0.0000 0.0000 
0.0000 0.0000 0.0000 1.0000 
0.0000 0.0000 0.0000 1.0000 
0.0000 0.0000 1.0000 0.0000 
0.0000 0.0000 1.0000 0.0000 
0.0452 0.4579 0.0000 0.4969 
0.0045 0.4847 0.1353 0.3754 
0.2140 0.3958 0.3055 0.0846 

MOTIF filter24 
letter-probability matrix: alength= 4 w= 19 nsites= 19 
0.1808 0.1914 0.2704 0.3573 
0.0044 0.8167 0.1371 0.0418 
0.0041 0.3964 0.5812 0.0183 
0.3399 0.0131 0.1983 0.4487 
0.3918 0.3238 0.0775 0.2069 
0.2275 0.4078 0.1915 0.1733 
0.0358 0.3318 0.3786 0.2538 
0.1070 0.0347 0.7167 0.1416 
0.2801 0.1126 0.4103 0.1971 
0.7518 0.0000 0.2117 0.0365 
0.2208 0.5198 0.0501 0.2093 
0.3787 0.1327 0.1049 0.3836 
0.0527 0.7794 0.0205 0.1473 
0.1238 0.1776 0.5313 0.1674 
0.1082 0.5539 0.0938 0.2441 
0.0361 0.0421 0.9218 0.0000 
0.1219 0.0857 0.1530 0.6394 
0.1719 0.2052 0.3724 0.2506 
0.0023 0.2336 0.5902 0.1739 

MOTIF filter25 
letter-probability matrix: alength= 4 w= 19 nsites= 19 
0.2304 0.2350 0.2606 0.2740 
0.2706 0.2596 0.2433 0.2264 
0.2568 0.2344 0.2455 0.2632 
0.1527 0.0659 0.0298 0.7515 
0.0338 0.0751 0.6837 0.2074 
0.3863 0.4081 0.0790 0.1266 
0.0010 0.9990 0.0000 0.0000 
0.0000 0.9980 0.0000 0.0020 
0.8040 0.0032 0.0065 0.1863 
0.0143 0.0000 0.0000 0.9857 
0.9991 0.0000 0.0009 0.0000 
0.0000 0.0010 0.0000 0.9990 
0.9948 0.0000 0.0000 0.0052 
0.1508 0.0065 0.0011 0.8416 
0.0064 0.0033 0.9904 0.0000 
0.0010 0.0029 0.9915 0.0046 
0.1381 0.0864 0.3852 0.3902 
0.2064 0.6905 0.0768 0.0263 
0.7542 0.0273 0.0705 0.1480 

MOTIF filter26 
letter-probability matrix: alength= 4 w= 13 nsites= 13 
0.2278 0.2471 0.2519 0.2733 
0.2000 0.2120 0.3916 0.1964 
0.4247 0.2237 0.3356 0.0160 
0.0000 0.0000 0.0000 1.0000 
0.0000 0.0000 0.9941 0.0059 
1.0000 0.0000 0.0000 0.0000 
0.0052 0.5078 0.4870 0.0000 
0.0000 0.0000 0.0000 1.0000 
0.0000 1.0000 0.0000 0.0000 
1.0000 0.0000 0.0000 0.0000 
0.0085 0.3865 0.1945 0.4105 
0.2129 0.3580 0.1870 0.2421 
0.2632 0.2254 0.2671 0.2443 

MOTIF filter27 
letter-probability matrix: alength= 4 w= 16 nsites= 16 
0.2416 0.2749 0.2325 0.2510 
0.2368 0.2464 0.2530 0.2639 
0.0910 0.0477 0.3664 0.4949 
0.0178 0.8987 0.0000 0.0835 
0.0000 0.0000 0.0000 1.0000 
1.0000 0.0000 0.0000 0.0000 
0.2434 0.0000 0.0000 0.7566 
0.4684 0.0000 0.0000 0.5316 
0.5638 0.0000 0.0000 0.4362 
0.7361 0.0029 0.0000 0.2610 
0.0000 0.0000 0.0000 1.0000 
0.9991 0.0000 0.0009 0.0000 
0.0645 0.0000 0.9176 0.0179 
0.4927 0.3691 0.0372 0.1009 
0.2456 0.2757 0.2250 0.2536 
0.2355 0.2605 0.2435 0.2605 

MOTIF filter28 
letter-probability matrix: alength= 4 w= 12 nsites= 12 
0.3061 0.1564 0.3191 0.2184 
0.6312 0.0390 0.1049 0.2250 
0.1404 0.3103 0.5240 0.0254 
0.0000 0.0000 0.0000 1.0000 
0.0083 0.9917 0.0000 0.0000 
1.0000 0.0000 0.0000 0.0000 
0.0000 0.0000 0.9743 0.0257 
0.0000 1.0000 0.0000 0.0000 
0.9974 0.0000 0.0000 0.0026 
0.4295 0.1234 0.1280 0.3191 
0.5092 0.0494 0.0000 0.4414 
0.3634 0.0321 0.0033 0.6012 

MOTIF filter29 
letter-probability matrix: alength= 4 w= 13 nsites= 13 
0.2676 0.2066 0.2580 0.2677 
0.1507 0.1859 0.3939 0.2695 
0.0147 0.4778 0.2795 0.2280 
0.0705 0.6859 0.1339 0.1097 
0.7715 0.0000 0.2285 0.0000 
0.0000 0.9859 0.0000 0.0141 
0.0000 0.0000 0.0000 1.0000 
0.0000 0.0000 0.0000 1.0000 
0.0000 1.0000 0.0000 0.0000 
0.0000 1.0000 0.0000 0.0000 
0.0000 0.0000 0.9882 0.0118 
0.0000 0.1309 0.8691 0.0000 
0.2796 0.2434 0.2356 0.2414 

