<!DOCTYPE HTML>
<html>
  <head>
    <meta charset="UTF-8">
    <title>TOMTOM</title>
    <script>
      // @JSON_VAR data
      var data = {
        "program": "Tomtom",
        "version": "4.12.0",
        "release": "Tue Jun 27 16:22:50 2017 -0700",
        "cmd": [
          "tomtom", "-evalue", "-thresh", "0.1", "-o",
          "../results/synthetic/conv_filters/cnn_25",
          "../results/synthetic/conv_filters/cnn_25_clip.meme",
          "../data/JASPAR_CORE_2016_vertebrates.meme"
        ],
        "options": {
          "strands": "both",
          "distance_measure": "ed",
          "threshold_type": "evalue",
          "threshold_value": 0.1,
          "background_source": "first_target"
        },
        "alphabet": {
          "name": "DNA",
          "like": "dna",
          "ncore": 4,
          "symbols": [
            {
              "symbol": "A",
              "name": "Adenine",
              "colour": "CC0000",
              "complement": "T"
            }, {
              "symbol": "C",
              "name": "Cytosine",
              "colour": "0000CC",
              "complement": "G"
            }, {
              "symbol": "G",
              "name": "Guanine",
              "colour": "FFB300",
              "complement": "C"
            }, {
              "symbol": "T",
              "aliases": "U",
              "name": "Thymine",
              "colour": "008000",
              "complement": "A"
            }, {
              "symbol": "N",
              "aliases": "X.",
              "name": "Any base",
              "equals": "ACGT"
            }, {
              "symbol": "V",
              "name": "Not T",
              "equals": "ACG"
            }, {
              "symbol": "H",
              "name": "Not G",
              "equals": "ACT"
            }, {
              "symbol": "D",
              "name": "Not C",
              "equals": "AGT"
            }, {
              "symbol": "B",
              "name": "Not A",
              "equals": "CGT"
            }, {
              "symbol": "M",
              "name": "Amino",
              "equals": "AC"
            }, {
              "symbol": "R",
              "name": "Purine",
              "equals": "AG"
            }, {
              "symbol": "W",
              "name": "Weak",
              "equals": "AT"
            }, {
              "symbol": "S",
              "name": "Strong",
              "equals": "CG"
            }, {
              "symbol": "Y",
              "name": "Pyrimidine",
              "equals": "CT"
            }, {
              "symbol": "K",
              "name": "Keto",
              "equals": "GT"
            }
          ]
        },
        "background": [0.25, 0.25, 0.25, 0.25],
        "query_dbs": [
          {
            "source": "../results/synthetic/conv_filters/cnn_25_clip.meme",
            "name": "cnn 25 clip",
            "loaded": 30,
            "excluded": 0,
            "last_modified": "Tue Oct  2 09:52:36 2018"
          }
        ],
        "target_dbs": [
          {
            "source": "../data/JASPAR_CORE_2016_vertebrates.meme",
            "name": "JASPAR CORE 2016 vertebrates",
            "loaded": 519,
            "excluded": 0,
            "last_modified": "Mon May 14 20:20:31 2018"
          }
        ],
        "queries": [
          {
            "db": 0,
            "id": "filter0",
            "len": 16,
            "nsites": 16,
            "evalue": "1.0e+000",
            "pwm": [
              [0.0015528, 0.995342, 0.0015528, 0.0015528], 
              [0.0015528, 0.994348, 0.00254658, 0.0015528], 
              [0.81318, 0.00493168, 0.00681988, 0.175068], 
              [0.0103975, 0.0015528, 0.0015528, 0.986497], 
              [0.993453, 0.00344099, 0.0015528, 0.0015528], 
              [0.00264596, 0.0015528, 0.0024472, 0.993354], 
              [0.982323, 0.00254658, 0.0015528, 0.0135776], 
              [0.151531, 0.00383874, 0.00354057, 0.84109], 
              [0.00602484, 0.0015528, 0.99087, 0.0015528], 
              [0.0015528, 0.0015528, 0.989677, 0.00721739], 
              [0.137318, 0.0902076, 0.390461, 0.382013], 
              [0.196932, 0.680012, 0.0960621, 0.0269938], 
              [0.773925, 0.0153665, 0.0714161, 0.139292], 
              [0.247217, 0.286571, 0.247913, 0.218298], 
              [0.238373, 0.234, 0.269776, 0.257851], 
              [0.218894, 0.250199, 0.251093, 0.279814]
            ]
          }, {
            "db": 0,
            "id": "filter1",
            "len": 16,
            "nsites": 16,
            "evalue": "1.0e+000",
            "pwm": [
              [0.281503, 0.513652, 0.0729068, 0.131938], 
              [0.207068, 0.225652, 0.106398, 0.460882], 
              [0.246944, 0.185025, 0.312441, 0.255591], 
              [0.678919, 0.0167578, 0.0611801, 0.243143], 
              [0.289752, 0.189578, 0.405627, 0.115043], 
              [0.0570062, 0.00324224, 0.0015528, 0.938199], 
              [0.111057, 0.82085, 0.0124834, 0.0556095], 
              [0.743416, 0.0015528, 0.0015528, 0.253478], 
              [0.0015528, 0.0015528, 0.993652, 0.00324224], 
              [0.0182484, 0.978646, 0.0015528, 0.0015528], 
              [0.679416, 0.0015528, 0.0015528, 0.317478], 
              [0.255764, 0.0720124, 0.433553, 0.238671], 
              [0.704062, 0.014472, 0.0015528, 0.279913], 
              [0.196733, 0.211938, 0.0728075, 0.518522], 
              [0.283391, 0.086323, 0.0190435, 0.611242], 
              [0.235964, 0.259018, 0.189559, 0.315459]
            ]
          }, {
            "db": 0,
            "id": "filter10",
            "len": 13,
            "nsites": 13,
            "evalue": "1.0e+000",
            "pwm": [
              [0.268927, 0.205125, 0.261684, 0.264264], 
              [0.278949, 0.225764, 0.219513, 0.275774], 
              [0.266374, 0.0644275, 0.591573, 0.077626], 
              [0.101532, 0.0019084, 0.786891, 0.109669], 
              [0.196214, 0.0019084, 0.799969, 0.0019084], 
              [0.0019084, 0.0019084, 0.994275, 0.0019084], 
              [0.0019084, 0.0019084, 0.994275, 0.0019084], 
              [0.335542, 0.522405, 0.0019084, 0.140145], 
              [0.0019084, 0.0019084, 0.994275, 0.0019084], 
              [0.0019084, 0.0019084, 0.994275, 0.0019084], 
              [0.183115, 0.0019084, 0.811382, 0.00359542], 
              [0.204649, 0.0609542, 0.732489, 0.0019084], 
              [0.181148, 0.533572, 0.190278, 0.0950017]
            ]
          }, {
            "db": 0,
            "id": "filter11",
            "len": 16,
            "nsites": 16,
            "evalue": "1.0e+000",
            "pwm": [
              [0.253478, 0.266497, 0.235391, 0.244634], 
              [0.230698, 0.25395, 0.244311, 0.271041], 
              [0.0981491, 0.0577019, 0.357925, 0.486224], 
              [0.0216273, 0.886422, 0.0015528, 0.0903975], 
              [0.0015528, 0.0015528, 0.0015528, 0.995342], 
              [0.995342, 0.0015528, 0.0015528, 0.0015528], 
              [0.234497, 0.0015528, 0.0015528, 0.762398], 
              [0.462373, 0.0015528, 0.0015528, 0.534522], 
              [0.567516, 0.0015528, 0.0015528, 0.429379], 
              [0.735591, 0.00254648, 0.0015528, 0.26031], 
              [0.0015528, 0.0015528, 0.0015528, 0.995342], 
              [0.995342, 0.0015528, 0.0015528, 0.0015528], 
              [0.0801615, 0.0015528, 0.902224, 0.0160621], 
              [0.487317, 0.371242, 0.0462733, 0.0951677], 
              [0.249404, 0.27087, 0.240261, 0.239466], 
              [0.232708, 0.257056, 0.255267, 0.254969]
            ]
          }, {
            "db": 0,
            "id": "filter12",
            "len": 14,
            "nsites": 14,
            "evalue": "1.0e+000",
            "pwm": [
              [0.259208, 0.244118, 0.240543, 0.256131], 
              [0.227858, 0.257447, 0.232525, 0.28217], 
              [0.53139, 0.0911348, 0.375702, 0.00177305], 
              [0.00177305, 0.00177305, 0.00177305, 0.994681], 
              [0.00177305, 0.00177305, 0.0225248, 0.973929], 
              [0.247642, 0.00177305, 0.688338, 0.0622472], 
              [0.00276596, 0.926369, 0.00971631, 0.0611489], 
              [0.0750423, 0.00286514, 0.916448, 0.005645], 
              [0.0568794, 0.690255, 0.00177305, 0.251092], 
              [0.971248, 0.0252057, 0.00177305, 0.00177305], 
              [0.994681, 0.00177305, 0.00177305, 0.00177305], 
              [0.0138877, 0.324798, 0.12431, 0.537004], 
              [0.261194, 0.265761, 0.233892, 0.239154], 
              [0.254096, 0.193523, 0.261444, 0.290937]
            ]
          }, {
            "db": 0,
            "id": "filter13",
            "len": 8,
            "nsites": 8,
            "evalue": "1.0e+000",
            "pwm": [
              [0.00308642, 0.00308642, 0.00308642, 0.990741], 
              [0.00308642, 0.00308642, 0.00308642, 0.990741], 
              [0.964272, 0.00308642, 0.0295556, 0.00308642], 
              [0.990741, 0.00308642, 0.00308642, 0.00308642], 
              [0.266691, 0.00308642, 0.00308642, 0.727136], 
              [0.274198, 0.270049, 0.215926, 0.239827], 
              [0.301852, 0.22116, 0.248321, 0.228667], 
              [0.308963, 0.222049, 0.217309, 0.251679]
            ]
          }, {
            "db": 0,
            "id": "filter14",
            "len": 11,
            "nsites": 11,
            "evalue": "1.0e+000",
            "pwm": [
              [0.0147387, 0.790784, 0.0998649, 0.0946126], 
              [0.00225225, 0.184216, 0.00453176, 0.809], 
              [0.00423443, 0.237339, 0.713954, 0.0444727], 
              [0.993243, 0.00225225, 0.00225225, 0.00225225], 
              [0.00225225, 0.00225225, 0.00225225, 0.993243], 
              [0.00225225, 0.00225225, 0.00225225, 0.993243], 
              [0.00225225, 0.00225225, 0.993243, 0.00225225], 
              [0.00225225, 0.00225225, 0.993243, 0.00225225], 
              [0.050905, 0.441515, 0.00413495, 0.503445], 
              [0.00463063, 0.45573, 0.146541, 0.393099], 
              [0.206694, 0.380315, 0.315207, 0.0977838]
            ]
          }, {
            "db": 0,
            "id": "filter15",
            "len": 15,
            "nsites": 15,
            "evalue": "1.0e+000",
            "pwm": [
              [0.276623, 0.250199, 0.240464, 0.232715], 
              [0.260405, 0.273218, 0.264378, 0.202], 
              [0.0726821, 0.207285, 0.531424, 0.188609], 
              [0.00165563, 0.715695, 0.0440728, 0.238576], 
              [0.00354305, 0.790497, 0.00165563, 0.204305], 
              [0.00165563, 0.995033, 0.00165563, 0.00165563], 
              [0.00165563, 0.995033, 0.00165563, 0.00165563], 
              [0.159205, 0.00165563, 0.516026, 0.323113], 
              [0.00165563, 0.995033, 0.00165563, 0.00165563], 
              [0.00165563, 0.995033, 0.00165563, 0.00165563], 
              [0.00165563, 0.774106, 0.00165563, 0.222583], 
              [0.0751582, 0.790219, 0.00165563, 0.132967], 
              [0.0524172, 0.594503, 0.0819205, 0.271159], 
              [0.27431, 0.271132, 0.239645, 0.214912], 
              [0.257748, 0.235993, 0.260728, 0.24553]
            ]
          }, {
            "db": 0,
            "id": "filter16",
            "len": 14,
            "nsites": 14,
            "evalue": "1.0e+000",
            "pwm": [
              [0.240691, 0.248237, 0.253997, 0.257075], 
              [0.23044, 0.254567, 0.24295, 0.272043], 
              [0.468983, 0.123516, 0.3955, 0.012001], 
              [0.00177305, 0.00177305, 0.00177305, 0.994681], 
              [0.00177305, 0.00177305, 0.0190496, 0.977404], 
              [0.266383, 0.00177305, 0.668113, 0.0637305], 
              [0.00564539, 0.928851, 0.00177305, 0.0637305], 
              [0.0825957, 0.00276596, 0.911972, 0.00266667], 
              [0.0614468, 0.711702, 0.00177305, 0.225078], 
              [0.975418, 0.0210355, 0.00177305, 0.00177305], 
              [0.994681, 0.00177305, 0.00177305, 0.00177305], 
              [0.0077305, 0.348794, 0.10444, 0.539035], 
              [0.262511, 0.259333, 0.250596, 0.22756], 
              [0.251663, 0.187726, 0.276682, 0.283929]
            ]
          }, {
            "db": 0,
            "id": "filter17",
            "len": 8,
            "nsites": 8,
            "evalue": "1.0e+000",
            "pwm": [
              [0.201486, 0.193092, 0.166724, 0.438697], 
              [0.143531, 0.124173, 0.656914, 0.0753827], 
              [0.332272, 0.32842, 0.336222, 0.00308642], 
              [0.00308642, 0.00308642, 0.00308642, 0.990741], 
              [0.00308642, 0.00308642, 0.990049, 0.00377778], 
              [0.990741, 0.00308642, 0.00308642, 0.00308642], 
              [0.00516049, 0.470049, 0.521704, 0.00308642], 
              [0.00308642, 0.00308642, 0.00308642, 0.990741]
            ]
          }, {
            "db": 0,
            "id": "filter18",
            "len": 16,
            "nsites": 16,
            "evalue": "1.0e+000",
            "pwm": [
              [0.208062, 0.251789, 0.310621, 0.229528], 
              [0.139974, 0.696738, 0.0952577, 0.0680306], 
              [0.971689, 0.0015528, 0.025205, 0.0015528], 
              [0.979738, 0.00821185, 0.0104978, 0.0015528], 
              [0.394437, 0.126981, 0.449697, 0.0288847], 
              [0.995342, 0.0015528, 0.0015528, 0.0015528], 
              [0.0015528, 0.0015528, 0.0015528, 0.995342], 
              [0.0015528, 0.0015528, 0.995342, 0.0015528], 
              [0.0015528, 0.0015528, 0.995342, 0.0015528], 
              [0.0922857, 0.821627, 0.0015528, 0.0845342], 
              [0.11554, 0.216509, 0.404137, 0.263814], 
              [0.0894943, 0.11384, 0.736088, 0.0605779], 
              [0.149712, 0.740063, 0.0339471, 0.0762782], 
              [0.263516, 0.233106, 0.25795, 0.245429], 
              [0.270969, 0.223963, 0.28846, 0.216609], 
              [0.23718, 0.260335, 0.254571, 0.247913]
            ]
          }, {
            "db": 0,
            "id": "filter19",
            "len": 19,
            "nsites": 19,
            "evalue": "1.0e+000",
            "pwm": [
              [0.266911, 0.223639, 0.249602, 0.259848], 
              [0.160969, 0.066466, 0.0294607, 0.743105], 
              [0.028267, 0.076712, 0.720126, 0.174895], 
              [0.399911, 0.412545, 0.0663665, 0.121178], 
              [0.00230366, 0.995079, 0.0013089, 0.0013089], 
              [0.0013089, 0.993686, 0.0013089, 0.00369634], 
              [0.808162, 0.00489005, 0.0046911, 0.182257], 
              [0.0131466, 0.0013089, 0.00359686, 0.981948], 
              [0.996073, 0.0013089, 0.0013089, 0.0013089], 
              [0.0013089, 0.00240314, 0.0013089, 0.994979], 
              [0.993686, 0.0013089, 0.0013089, 0.00369634], 
              [0.149031, 0.00697906, 0.00260209, 0.841387], 
              [0.00598429, 0.00459162, 0.988115, 0.0013089], 
              [0.00240314, 0.00260209, 0.991497, 0.00349738], 
              [0.133513, 0.085267, 0.392251, 0.388969], 
              [0.188244, 0.709851, 0.0752273, 0.0266779], 
              [0.73644, 0.0285654, 0.0754188, 0.159576], 
              [0.232615, 0.286437, 0.241071, 0.239877], 
              [0.235277, 0.272681, 0.271089, 0.220953]
            ]
          }, {
            "db": 0,
            "id": "filter2",
            "len": 18,
            "nsites": 18,
            "evalue": "1.0e+000",
            "pwm": [
              [0.156435, 0.329591, 0.170161, 0.343813], 
              [0.38853, 0.0870055, 0.323989, 0.200475], 
              [0.200972, 0.452674, 0.195204, 0.151149], 
              [0.0913812, 0.170641, 0.00446409, 0.733514], 
              [0.0229613, 0.0115249, 0.633867, 0.331646], 
              [0.440541, 0.346663, 0.139017, 0.073779], 
              [0.00287293, 0.989492, 0.00625414, 0.00138122], 
              [0.0061547, 0.839525, 0.133547, 0.0207735], 
              [0.556199, 0.00138122, 0.227823, 0.214597], 
              [0.114751, 0.00645304, 0.00138122, 0.877414], 
              [0.849882, 0.139202, 0.00317109, 0.00774522], 
              [0.00138122, 0.0608508, 0.0538895, 0.883878], 
              [0.87453, 0.014011, 0.0357901, 0.0756685], 
              [0.180785, 0.117536, 0.0114254, 0.690254], 
              [0.12441, 0.091788, 0.771082, 0.0127194], 
              [0.00138122, 0.167459, 0.783436, 0.0477238], 
              [0.0112265, 0.179691, 0.151448, 0.657635], 
              [0.206442, 0.492851, 0.234983, 0.0657238]
            ]
          }, {
            "db": 0,
            "id": "filter20",
            "len": 12,
            "nsites": 12,
            "evalue": "1.0e+000",
            "pwm": [
              [0.596215, 0.00771901, 0.0216033, 0.374463], 
              [0.534086, 0.00722366, 0.0453101, 0.41338], 
              [0.279851, 0.126331, 0.114628, 0.47919], 
              [0.00206612, 0.00206612, 0.00206612, 0.993802], 
              [0.00206612, 0.00206612, 0.993802, 0.00206612], 
              [0.036281, 0.959587, 0.00206612, 0.00206612], 
              [0.00206612, 0.00206612, 0.00206612, 0.993802], 
              [0.00206612, 0.00206612, 0.981008, 0.0148595], 
              [0.993802, 0.00206612, 0.00206612, 0.00206612], 
              [0.0600826, 0.558628, 0.219752, 0.161537], 
              [0.203091, 0.129008, 0.068314, 0.599587], 
              [0.14686, 0.395091, 0.156777, 0.301273]
            ]
          }, {
            "db": 0,
            "id": "filter21",
            "len": 12,
            "nsites": 12,
            "evalue": "1.0e+000",
            "pwm": [
              [0.304149, 0.140413, 0.331322, 0.224116], 
              [0.62795, 0.0478843, 0.103322, 0.220843], 
              [0.166992, 0.278165, 0.534628, 0.0202149], 
              [0.00206612, 0.00206612, 0.00206612, 0.993802], 
              [0.022, 0.973868, 0.00206612, 0.00206612], 
              [0.993802, 0.00206612, 0.00206612, 0.00206612], 
              [0.00206612, 0.00206612, 0.940744, 0.055124], 
              [0.00206612, 0.993802, 0.00206612, 0.00206612], 
              [0.993802, 0.00206612, 0.00206612, 0.00206612], 
              [0.476314, 0.151818, 0.0854711, 0.286397], 
              [0.454198, 0.0510579, 0.00742149, 0.487322], 
              [0.358262, 0.0221963, 0.0102967, 0.609245]
            ]
          }, {
            "db": 0,
            "id": "filter22",
            "len": 12,
            "nsites": 12,
            "evalue": "1.0e+000",
            "pwm": [
              [0.264876, 0.272413, 0.24038, 0.222331], 
              [0.476512, 0.175719, 0.218066, 0.129702], 
              [0.261306, 0.312678, 0.308017, 0.118], 
              [0.00206612, 0.993802, 0.00206612, 0.00206612], 
              [0.991818, 0.00206612, 0.00404959, 0.00206612], 
              [0.00206612, 0.99281, 0.00206612, 0.00305785], 
              [0.00206612, 0.00206612, 0.993802, 0.00206612], 
              [0.00206612, 0.00206612, 0.00206612, 0.993802], 
              [0.00206612, 0.00206612, 0.993802, 0.00206612], 
              [0.146151, 0.309176, 0.322662, 0.222011], 
              [0.112634, 0.259495, 0.189485, 0.438386], 
              [0.270926, 0.201504, 0.290165, 0.237405]
            ]
          }, {
            "db": 0,
            "id": "filter23",
            "len": 13,
            "nsites": 13,
            "evalue": "1.0e+000",
            "pwm": [
              [0.153145, 0.181427, 0.136076, 0.529351], 
              [0.0019084, 0.0019084, 0.0019084, 0.994275], 
              [0.0019084, 0.0019084, 0.0019084, 0.994275], 
              [0.0333664, 0.960832, 0.0019084, 0.00389313], 
              [0.00498443, 0.828169, 0.0019084, 0.164938], 
              [0.234519, 0.240473, 0.252481, 0.272527], 
              [0.231763, 0.0019084, 0.761145, 0.00518353], 
              [0.0019084, 0.0019084, 0.926397, 0.0697863], 
              [0.99229, 0.00389313, 0.0019084, 0.0019084], 
              [0.993382, 0.0019084, 0.00280153, 0.0019084], 
              [0.551624, 0.126835, 0.197187, 0.124354], 
              [0.258137, 0.267267, 0.211992, 0.262603], 
              [0.256153, 0.256748, 0.242756, 0.244344]
            ]
          }, {
            "db": 0,
            "id": "filter24",
            "len": 19,
            "nsites": 19,
            "evalue": "1.0e+000",
            "pwm": [
              [0.254476, 0.232691, 0.25, 0.262832], 
              [0.135191, 0.0674541, 0.0317456, 0.765609], 
              [0.0351309, 0.0881518, 0.674764, 0.201953], 
              [0.38678, 0.41344, 0.0649738, 0.134806], 
              [0.00329843, 0.994084, 0.0013089, 0.0013089], 
              [0.0013089, 0.994979, 0.0013089, 0.00240314], 
              [0.808082, 0.00479023, 0.00847049, 0.178658], 
              [0.00439267, 0.0013089, 0.00439267, 0.989906], 
              [0.996073, 0.0013089, 0.0013089, 0.0013089], 
              [0.0013089, 0.00220419, 0.0013089, 0.995178], 
              [0.993984, 0.0013089, 0.0013089, 0.00339791], 
              [0.145152, 0.00817277, 0.00250262, 0.844173], 
              [0.00548691, 0.00508901, 0.988115, 0.0013089], 
              [0.0013089, 0.0013089, 0.993984, 0.00339791], 
              [0.134322, 0.0738345, 0.404527, 0.387316], 
              [0.194213, 0.687069, 0.0896528, 0.0290656], 
              [0.762702, 0.0293613, 0.0694503, 0.138487], 
              [0.236073, 0.270293, 0.269099, 0.224534], 
              [0.236448, 0.27335, 0.231176, 0.259027]
            ]
          }, {
            "db": 0,
            "id": "filter25",
            "len": 12,
            "nsites": 12,
            "evalue": "1.0e+000",
            "pwm": [
              [0.170083, 0.22751, 0.356746, 0.245661], 
              [0.0295344, 0.425792, 0.280418, 0.264255], 
              [0.0899339, 0.66038, 0.129107, 0.120579], 
              [0.718793, 0.00821488, 0.231157, 0.0418347], 
              [0.00206612, 0.952645, 0.00395041, 0.0413388], 
              [0.00206612, 0.00206612, 0.00206612, 0.993802], 
              [0.00206612, 0.00206612, 0.00206612, 0.993802], 
              [0.00206612, 0.993802, 0.00206612, 0.00206612], 
              [0.00206612, 0.993802, 0.00206612, 0.00206612], 
              [0.00206612, 0.00206612, 0.983884, 0.0119835], 
              [0.00206612, 0.151421, 0.830264, 0.0162479], 
              [0.272612, 0.247124, 0.263686, 0.216579]
            ]
          }, {
            "db": 0,
            "id": "filter26",
            "len": 15,
            "nsites": 15,
            "evalue": "1.0e+000",
            "pwm": [
              [0.273742, 0.234106, 0.24394, 0.248212], 
              [0.262914, 0.239967, 0.221887, 0.275232], 
              [0.150265, 0.190497, 0.162285, 0.496954], 
              [0.00165563, 0.00165563, 0.00165563, 0.995033], 
              [0.00165563, 0.00165563, 0.00165563, 0.995033], 
              [0.0829139, 0.913775, 0.00165563, 0.00165563], 
              [0.00920454, 0.750985, 0.00165563, 0.238155], 
              [0.293282, 0.156706, 0.304903, 0.245108], 
              [0.145894, 0.00165563, 0.850795, 0.00165563], 
              [0.00165563, 0.00165563, 0.938907, 0.0577815], 
              [0.995033, 0.00165563, 0.00165563, 0.00165563], 
              [0.995033, 0.00165563, 0.00165563, 0.00165563], 
              [0.534007, 0.114305, 0.190199, 0.16149], 
              [0.269046, 0.249578, 0.190378, 0.290998], 
              [0.250199, 0.261325, 0.240166, 0.248311]
            ]
          }, {
            "db": 0,
            "id": "filter27",
            "len": 13,
            "nsites": 13,
            "evalue": "1.0e+000",
            "pwm": [
              [0.226855, 0.255333, 0.244518, 0.273293], 
              [0.218961, 0.210624, 0.291113, 0.279303], 
              [0.256226, 0.24551, 0.240648, 0.257616], 
              [0.0019084, 0.856733, 0.13945, 0.0019084], 
              [0.0019084, 0.994275, 0.0019084, 0.0019084], 
              [0.0019084, 0.0019084, 0.994275, 0.0019084], 
              [0.0019084, 0.0019084, 0.994275, 0.0019084], 
              [0.994275, 0.0019084, 0.0019084, 0.0019084], 
              [0.994275, 0.0019084, 0.0019084, 0.0019084], 
              [0.0479542, 0.0048855, 0.945252, 0.0019084], 
              [0.0146107, 0.271832, 0.0078626, 0.705695], 
              [0.150183, 0.0734652, 0.72095, 0.0554023], 
              [0.184901, 0.303191, 0.482511, 0.0293969]
            ]
          }, {
            "db": 0,
            "id": "filter28",
            "len": 11,
            "nsites": 11,
            "evalue": "1.0e+000",
            "pwm": [
              [0.235112, 0.299223, 0.218267, 0.247399], 
              [0.00631491, 0.846988, 0.144445, 0.00225225], 
              [0.0646847, 0.930811, 0.00225225, 0.00225225], 
              [0.00225225, 0.00225225, 0.993243, 0.00225225], 
              [0.00225225, 0.00225225, 0.993243, 0.00225225], 
              [0.993243, 0.00225225, 0.00225225, 0.00225225], 
              [0.991261, 0.00225225, 0.00225225, 0.00423423], 
              [0.066964, 0.0276216, 0.903162, 0.00225225], 
              [0.0268288, 0.293505, 0.0275225, 0.652144], 
              [0.170341, 0.135455, 0.604042, 0.0901619], 
              [0.176072, 0.353955, 0.426694, 0.0432793]
            ]
          }, {
            "db": 0,
            "id": "filter29",
            "len": 11,
            "nsites": 11,
            "evalue": "1.0e+000",
            "pwm": [
              [0.419757, 0.217892, 0.342063, 0.0202883], 
              [0.00225225, 0.00225225, 0.00225225, 0.993243], 
              [0.00225225, 0.00225225, 0.99027, 0.00522523], 
              [0.993243, 0.00225225, 0.00225225, 0.00225225], 
              [0.00859459, 0.506468, 0.479117, 0.00581982], 
              [0.00225225, 0.00225225, 0.00225225, 0.993243], 
              [0.00225225, 0.993243, 0.00225225, 0.00225225], 
              [0.993243, 0.00225225, 0.00225225, 0.00225225], 
              [0.0103776, 0.389196, 0.204295, 0.396132], 
              [0.216483, 0.362342, 0.178928, 0.242246], 
              [0.260505, 0.228892, 0.265459, 0.245144]
            ]
          }, {
            "db": 0,
            "id": "filter3",
            "len": 16,
            "nsites": 16,
            "evalue": "1.0e+000",
            "pwm": [
              [0.232609, 0.263615, 0.253081, 0.250696], 
              [0.226845, 0.25487, 0.249801, 0.268484], 
              [0.0831429, 0.065354, 0.379888, 0.471615], 
              [0.0270906, 0.894184, 0.0015528, 0.0771726], 
              [0.0015528, 0.0015528, 0.0015528, 0.995342], 
              [0.995342, 0.0015528, 0.0015528, 0.0015528], 
              [0.280012, 0.0015528, 0.0015528, 0.716882], 
              [0.525876, 0.0015528, 0.0015528, 0.471019], 
              [0.620484, 0.0015528, 0.0015528, 0.37641], 
              [0.782174, 0.0015528, 0.0015528, 0.21472], 
              [0.0015528, 0.0015528, 0.0015528, 0.995342], 
              [0.995342, 0.0015528, 0.0015528, 0.0015528], 
              [0.0878137, 0.0015528, 0.896161, 0.014472], 
              [0.511267, 0.363689, 0.039913, 0.0851304], 
              [0.238273, 0.263714, 0.229329, 0.268683], 
              [0.235988, 0.268186, 0.248112, 0.247714]
            ]
          }, {
            "db": 0,
            "id": "filter4",
            "len": 16,
            "nsites": 16,
            "evalue": "1.0e+000",
            "pwm": [
              [0.248509, 0.252783, 0.256857, 0.241851], 
              [0.106298, 0.764087, 0.0906957, 0.0389193], 
              [0.992957, 0.0015528, 0.00393789, 0.0015528], 
              [0.973578, 0.0015528, 0.0233168, 0.0015528], 
              [0.425006, 0.0922857, 0.452733, 0.0299752], 
              [0.995342, 0.0015528, 0.0015528, 0.0015528], 
              [0.0015528, 0.0015528, 0.0015528, 0.995342], 
              [0.0015528, 0.0015528, 0.995342, 0.0015528], 
              [0.0015528, 0.0015528, 0.995342, 0.0015528], 
              [0.0622733, 0.868335, 0.0015528, 0.0678385], 
              [0.0865132, 0.251168, 0.408667, 0.253652], 
              [0.082646, 0.0988447, 0.775516, 0.0429938], 
              [0.141067, 0.732312, 0.0256001, 0.101021], 
              [0.243143, 0.239764, 0.277429, 0.239665], 
              [0.26123, 0.217901, 0.313702, 0.207168], 
              [0.265901, 0.290248, 0.237379, 0.206472]
            ]
          }, {
            "db": 0,
            "id": "filter5",
            "len": 13,
            "nsites": 13,
            "evalue": "1.0e+000",
            "pwm": [
              [0.145008, 0.171702, 0.425947, 0.257344], 
              [0.0384275, 0.400046, 0.30587, 0.255656], 
              [0.106206, 0.639702, 0.151061, 0.103031], 
              [0.714725, 0.0138168, 0.224298, 0.0471603], 
              [0.0019084, 0.911214, 0.0264198, 0.060458], 
              [0.0019084, 0.0019084, 0.0019084, 0.994275], 
              [0.0019084, 0.0019084, 0.0019084, 0.994275], 
              [0.0019084, 0.994275, 0.0019084, 0.0019084], 
              [0.0019084, 0.994275, 0.0019084, 0.0019084], 
              [0.0019084, 0.00716794, 0.939099, 0.0518244], 
              [0.00567939, 0.151557, 0.826168, 0.0165954], 
              [0.21229, 0.236504, 0.29426, 0.256947], 
              [0.297534, 0.213183, 0.27074, 0.218542]
            ]
          }, {
            "db": 0,
            "id": "filter6",
            "len": 15,
            "nsites": 15,
            "evalue": "1.0e+000",
            "pwm": [
              [0.215629, 0.15404, 0.449073, 0.181258], 
              [0.234825, 0.114912, 0.468292, 0.181972], 
              [0.101778, 0.0940305, 0.777108, 0.0270835], 
              [0.115497, 0.00850993, 0.818411, 0.0575828], 
              [0.118477, 0.0150662, 0.864801, 0.00165563], 
              [0.00165563, 0.0845033, 0.906126, 0.00771523], 
              [0.0383113, 0.0454636, 0.888344, 0.0278808], 
              [0.223278, 0.378642, 0.337119, 0.0609603], 
              [0.00165563, 0.0631457, 0.92957, 0.00562914], 
              [0.00930464, 0.0339404, 0.946954, 0.00980132], 
              [0.108234, 0.0136743, 0.828063, 0.0500283], 
              [0.137265, 0.0516275, 0.790576, 0.0205317], 
              [0.224172, 0.40149, 0.329868, 0.0444702], 
              [0.308907, 0.181656, 0.226854, 0.282583], 
              [0.205, 0.273046, 0.314967, 0.206987]
            ]
          }, {
            "db": 0,
            "id": "filter7",
            "len": 12,
            "nsites": 12,
            "evalue": "1.0e+000",
            "pwm": [
              [0.247992, 0.270403, 0.239266, 0.24234], 
              [0.442551, 0.207831, 0.220127, 0.129491], 
              [0.266238, 0.299359, 0.283096, 0.151307], 
              [0.00206612, 0.993802, 0.00206612, 0.00206612], 
              [0.993802, 0.00206612, 0.00206612, 0.00206612], 
              [0.00206612, 0.989041, 0.00206612, 0.00682645], 
              [0.0227934, 0.00206612, 0.973074, 0.00206612], 
              [0.00206612, 0.00365289, 0.00206612, 0.992215], 
              [0.00206612, 0.00206612, 0.993802, 0.00206612], 
              [0.15339, 0.306498, 0.307986, 0.232126], 
              [0.150727, 0.257041, 0.17086, 0.421372], 
              [0.269312, 0.236489, 0.254239, 0.23996]
            ]
          }, {
            "db": 0,
            "id": "filter8",
            "len": 13,
            "nsites": 13,
            "evalue": "1.0e+000",
            "pwm": [
              [0.405206, 0.142824, 0.445496, 0.00647328], 
              [0.494569, 0.00825891, 0.431659, 0.0655127], 
              [0.0019084, 0.994275, 0.0019084, 0.0019084], 
              [0.0019084, 0.994275, 0.0019084, 0.0019084], 
              [0.994275, 0.0019084, 0.0019084, 0.0019084], 
              [0.994275, 0.0019084, 0.0019084, 0.0019084], 
              [0.0019084, 0.0019084, 0.0019084, 0.994275], 
              [0.0394198, 0.745092, 0.209313, 0.00617557], 
              [0.770022, 0.00657205, 0.221497, 0.0019084], 
              [0.108995, 0.121104, 0.747647, 0.0222539], 
              [0.235115, 0.26826, 0.247817, 0.248809], 
              [0.260916, 0.224595, 0.246725, 0.267763], 
              [0.241589, 0.276524, 0.239008, 0.242879]
            ]
          }, {
            "db": 0,
            "id": "filter9",
            "len": 17,
            "nsites": 17,
            "evalue": "1.0e+000",
            "pwm": [
              [0.288275, 0.247912, 0.240754, 0.223058], 
              [0.236082, 0.298018, 0.225544, 0.240357], 
              [0.220871, 0.218684, 0.276146, 0.284298], 
              [0.0681696, 0.0415263, 0.716058, 0.174246], 
              [0.071848, 0.717053, 0.0994854, 0.111614], 
              [0.247813, 0.400316, 0.267497, 0.0843743], 
              [0.082883, 0.00146199, 0.837544, 0.0781111], 
              [0.00146199, 0.995614, 0.00146199, 0.00146199], 
              [0.00146199, 0.995614, 0.00146199, 0.00146199], 
              [0.995614, 0.00146199, 0.00146199, 0.00146199], 
              [0.00146199, 0.00146199, 0.00146199, 0.995614], 
              [0.00146199, 0.489988, 0.127421, 0.381129], 
              [0.00146199, 0.0141871, 0.00146199, 0.982889], 
              [0.00146199, 0.00563743, 0.00146199, 0.991439], 
              [0.065386, 0.0921287, 0.688023, 0.154462], 
              [0.253057, 0.246595, 0.233673, 0.266675], 
              [0.196832, 0.251019, 0.278958, 0.273191]
            ]
          }
        ],
        "targets": [
          {
            "db": 0,
            "id": "MA0004.1",
            "alt": "Arnt",
            "len": 6,
            "nsites": 20,
            "url": "http://jaspar.genereg.net?ID=MA0004.1&rm=present&collection=CORE",
            "pwm": [
              [0.200249, 0.797264, 0.00124378, 0.00124378], 
              [0.946517, 0.00124378, 0.050995, 0.00124378], 
              [0.00124378, 0.996269, 0.00124378, 0.00124378], 
              [0.00124378, 0.00124378, 0.996269, 0.00124378], 
              [0.00124378, 0.00124378, 0.00124378, 0.996269], 
              [0.00124378, 0.00124378, 0.996269, 0.00124378]
            ]
          }, {
            "db": 0,
            "id": "MA0025.1",
            "alt": "NFIL3",
            "len": 11,
            "nsites": 23,
            "url": "http://jaspar.genereg.net?ID=MA0025.1&rm=present&collection=CORE",
            "pwm": [
              [0.044372, 0.00108225, 0.00108225, 0.953463], 
              [0.00108225, 0.00108225, 0.0876628, 0.910173], 
              [0.953463, 0.00108225, 0.00108225, 0.044372], 
              [0.00108225, 0.347403, 0.00108225, 0.650433], 
              [0.0876628, 0.00108225, 0.910173, 0.00108225], 
              [0.00108225, 0.00108225, 0.00108225, 0.996753], 
              [0.996753, 0.00108225, 0.00108225, 0.00108225], 
              [0.953463, 0.00108225, 0.044372, 0.00108225], 
              [0.00108225, 0.477273, 0.174242, 0.347403], 
              [0.304113, 0.217532, 0.304113, 0.174242], 
              [0.217532, 0.217532, 0.130953, 0.433983]
            ]
          }, {
            "db": 0,
            "id": "MA0028.2",
            "alt": "ELK1",
            "len": 10,
            "nsites": 50057,
            "url": "http://jaspar.genereg.net?ID=MA0028.2&rm=present&collection=CORE",
            "pwm": [
              [0.681306, 0.0409024, 0.192745, 0.0850463], 
              [0.0249704, 0.939861, 0.0303254, 0.00484249], 
              [0.00776348, 0.990506, 0.0012765, 0.000454499], 
              [4.9943e-07, 0.000458499, 0.998974, 0.000567498], 
              [8.64993e-05, 0.000880498, 0.983721, 0.0153125], 
              [0.993062, 0.00505149, 0.0013445, 0.000542498], 
              [0.94711, 0.00688549, 0.0012415, 0.0447644], 
              [0.0585884, 0.0458644, 0.889835, 0.00571149], 
              [0.0169145, 0.116499, 0.0207375, 0.845849], 
              [0.289781, 0.145676, 0.377082, 0.18746]
            ]
          }, {
            "db": 0,
            "id": "MA0039.2",
            "alt": "Klf4",
            "len": 10,
            "nsites": 4340,
            "url": "http://jaspar.genereg.net?ID=MA0039.2&rm=present&collection=CORE",
            "pwm": [
              [0.338559, 0.0186863, 0.235701, 0.407053], 
              [0.0202813, 0.00207971, 0.97625, 0.00138773], 
              [0.00322869, 0.00299869, 0.990775, 0.00299869], 
              [0.00322669, 0.00828757, 0.9848, 0.00368668], 
              [0.0636973, 0.441937, 0.0025347, 0.491831], 
              [0.00506964, 0.00345868, 0.983639, 0.00783258], 
              [0.00967654, 0.0184253, 0.501721, 0.470177], 
              [0.0608764, 0.0106115, 0.899685, 0.0288271], 
              [0.0284051, 0.0300211, 0.874842, 0.0667322], 
              [0.0587464, 0.660953, 0.0647593, 0.215542]
            ]
          }, {
            "db": 0,
            "id": "MA0043.2",
            "alt": "HLF",
            "len": 12,
            "nsites": 2606,
            "url": "http://jaspar.genereg.net?ID=MA0043.2&rm=present&collection=CORE",
            "pwm": [
              [0.200657, 0.343775, 0.177271, 0.278296], 
              [0.387124, 0.239892, 0.333218, 0.0397651], 
              [0.00327147, 0.000475575, 9.59288e-06, 0.996243], 
              [0.0024785, 0.015647, 0.102064, 0.879811], 
              [0.865914, 9.59288e-06, 0.125562, 0.00851427], 
              [0.0050464, 0.717913, 0.0117621, 0.265278], 
              [0.439273, 0.0237467, 0.534222, 0.00275849], 
              [0.0184179, 0.236194, 0.00278849, 0.7426], 
              [0.879811, 0.116054, 0.00165553, 0.0024785], 
              [0.99439, 9.59288e-06, 0.0023355, 0.00326547], 
              [0.0499097, 0.486828, 0.110025, 0.353238], 
              [0.301214, 0.344711, 0.168385, 0.18569]
            ]
          }, {
            "db": 0,
            "id": "MA0052.3",
            "alt": "MEF2A",
            "len": 12,
            "nsites": 1050,
            "url": "http://jaspar.genereg.net?ID=MA0052.3&rm=present&collection=CORE",
            "pwm": [
              [0.135743, 0.0703361, 0.388376, 0.405545], 
              [0.0474173, 0.902354, 0.00281154, 0.0474173], 
              [2.38073e-05, 0.00920693, 2.38073e-05, 0.990745], 
              [0.992772, 0.00309052, 2.38073e-05, 0.00411342], 
              [0.531319, 2.38073e-05, 0.00207861, 0.466577], 
              [0.860758, 0.00179664, 2.38073e-05, 0.137422], 
              [0.950031, 2.38073e-05, 2.38073e-05, 0.0499211], 
              [0.957527, 0.00396843, 2.38073e-05, 0.0384821], 
              [2.38073e-05, 0.00207861, 2.38073e-05, 0.997874], 
              [0.996849, 0.00207661, 2.38073e-05, 0.00105071], 
              [0.143115, 0.00436039, 0.842095, 0.0104308], 
              [0.544687, 0.332422, 0.0370573, 0.0858336]
            ]
          }, {
            "db": 0,
            "id": "MA0058.3",
            "alt": "MAX",
            "len": 10,
            "nsites": 6986,
            "url": "http://jaspar.genereg.net?ID=MA0058.3&rm=present&collection=CORE",
            "pwm": [
              [0.480875, 0.226261, 0.18831, 0.104553], 
              [0.278545, 0.40858, 0.220218, 0.0926573], 
              [0.0056435, 0.994349, 3.57853e-06, 3.57853e-06], 
              [0.982135, 3.57853e-06, 0.0124304, 0.0054315], 
              [3.57853e-06, 0.966807, 0.000987564, 0.0322021], 
              [0.0453009, 0.0053735, 0.946706, 0.00261954], 
              [0.00968944, 0.0223223, 0.00281054, 0.965178], 
              [3.57853e-06, 0.00389452, 0.99091, 0.0051915], 
              [0.195056, 0.356362, 0.238255, 0.210328], 
              [0.163177, 0.323588, 0.143399, 0.369835]
            ]
          }, {
            "db": 0,
            "id": "MA0059.1",
            "alt": "MAX::MYC",
            "len": 11,
            "nsites": 21,
            "url": "http://jaspar.genereg.net?ID=MA0059.1&rm=present&collection=CORE",
            "pwm": [
              [0.332938, 0.0485782, 0.427725, 0.190758], 
