<!DOCTYPE HTML>
<html>
  <head>
    <meta charset="UTF-8">
    <title>TOMTOM</title>
    <script>
      // @JSON_VAR data
      var data = {
        "program": "Tomtom",
        "version": "4.12.0",
        "release": "Tue Jun 27 16:22:50 2017 -0700",
        "cmd": [
          "tomtom", "-evalue", "-thresh", "0.1", "-o",
          "../results/invivo/conv_filters/cnn_4",
          "../results/invivo/conv_filters/cnn_4_clip.meme",
          "../data/JASPAR_CORE_2016_vertebrates.meme"
        ],
        "options": {
          "strands": "both",
          "distance_measure": "ed",
          "threshold_type": "evalue",
          "threshold_value": 0.1,
          "background_source": "first_target"
        },
        "alphabet": {
          "name": "DNA",
          "like": "dna",
          "ncore": 4,
          "symbols": [
            {
              "symbol": "A",
              "name": "Adenine",
              "colour": "CC0000",
              "complement": "T"
            }, {
              "symbol": "C",
              "name": "Cytosine",
              "colour": "0000CC",
              "complement": "G"
            }, {
              "symbol": "G",
              "name": "Guanine",
              "colour": "FFB300",
              "complement": "C"
            }, {
              "symbol": "T",
              "aliases": "U",
              "name": "Thymine",
              "colour": "008000",
              "complement": "A"
            }, {
              "symbol": "N",
              "aliases": "X.",
              "name": "Any base",
              "equals": "ACGT"
            }, {
              "symbol": "V",
              "name": "Not T",
              "equals": "ACG"
            }, {
              "symbol": "H",
              "name": "Not G",
              "equals": "ACT"
            }, {
              "symbol": "D",
              "name": "Not C",
              "equals": "AGT"
            }, {
              "symbol": "B",
              "name": "Not A",
              "equals": "CGT"
            }, {
              "symbol": "M",
              "name": "Amino",
              "equals": "AC"
            }, {
              "symbol": "R",
              "name": "Purine",
              "equals": "AG"
            }, {
              "symbol": "W",
              "name": "Weak",
              "equals": "AT"
            }, {
              "symbol": "S",
              "name": "Strong",
              "equals": "CG"
            }, {
              "symbol": "Y",
              "name": "Pyrimidine",
              "equals": "CT"
            }, {
              "symbol": "K",
              "name": "Keto",
              "equals": "GT"
            }
          ]
        },
        "background": [0.25, 0.25, 0.25, 0.25],
        "query_dbs": [
          {
            "source": "../results/invivo/conv_filters/cnn_4_clip.meme",
            "name": "cnn 4 clip",
            "loaded": 30,
            "excluded": 0,
            "last_modified": "Tue Oct  2 10:04:58 2018"
          }
        ],
        "target_dbs": [
          {
            "source": "../data/JASPAR_CORE_2016_vertebrates.meme",
            "name": "JASPAR CORE 2016 vertebrates",
            "loaded": 519,
            "excluded": 0,
            "last_modified": "Mon May 14 20:20:31 2018"
          }
        ],
        "queries": [
          {
            "db": 0,
            "id": "filter0",
            "len": 17,
            "nsites": 17,
            "evalue": "1.0e+000",
            "pwm": [
              [0.38616, 0.0974875, 0.0394348, 0.476917], 
              [0.179813, 0.288871, 0.113702, 0.417614], 
              [0.153552, 0.0961952, 0.158224, 0.592029], 
              [0.0391404, 0.206953, 0.70214, 0.0517661], 
              [0.0580349, 0.782347, 0.0090183, 0.1506], 
              [0.217491, 0.383713, 0.0273099, 0.371485], 
              [0.257556, 0.172058, 0.311439, 0.258947], 
              [0.425908, 0.10735, 0.137674, 0.329068], 
              [0.100579, 0.191743, 0.676789, 0.0308889], 
              [0.00146199, 0.00146199, 0.00146199, 0.995614], 
              [0.0316842, 0.965392, 0.00146199, 0.00146199], 
              [0.989649, 0.00225731, 0.00663158, 0.00146199], 
              [0.00205854, 0.0554498, 0.58469, 0.357802], 
              [0.0444051, 0.705351, 0.104744, 0.1455], 
              [0.490088, 0.238667, 0.149889, 0.121357], 
              [0.203772, 0.174643, 0.132392, 0.489193], 
              [0.26531, 0.216895, 0.164105, 0.35369]
            ]
          }, {
            "db": 0,
            "id": "filter1",
            "len": 12,
            "nsites": 12,
            "evalue": "1.0e+000",
            "pwm": [
              [0.148446, 0.366529, 0.210033, 0.274992], 
              [0.436843, 0.153802, 0.298298, 0.111058], 
              [0.0216033, 0.595521, 0.11086, 0.272017], 
              [0.0679174, 0.0227934, 0.0389587, 0.870331], 
              [0.00385124, 0.00533884, 0.045405, 0.945405], 
              [0.00980088, 0.838016, 0.13207, 0.0201139], 
              [0.00355372, 0.948182, 0.00206612, 0.0461983], 
              [0.00900826, 0.0312231, 0.534033, 0.425736], 
              [0.0120826, 0.213306, 0.657702, 0.116909], 
              [0.0891318, 0.316018, 0.200889, 0.393961], 
              [0.15876, 0.303058, 0.264777, 0.273405], 
              [0.197358, 0.306063, 0.255282, 0.241297]
            ]
          }, {
            "db": 0,
            "id": "filter10",
            "len": 13,
            "nsites": 13,
            "evalue": "1.0e+000",
            "pwm": [
              [0.229183, 0.249132, 0.305702, 0.215983], 
              [0.223978, 0.131697, 0.330845, 0.31348], 
              [0.480031, 0.163565, 0.353206, 0.00319847], 
              [0.0019084, 0.0019084, 0.0019084, 0.994275], 
              [0.0019084, 0.0019084, 0.672351, 0.323832], 
              [0.813763, 0.0019084, 0.148282, 0.0360458], 
              [0.0387252, 0.516947, 0.252183, 0.192145], 
              [0.0213588, 0.0019084, 0.385458, 0.591275], 
              [0.0251298, 0.965695, 0.0019084, 0.00726718], 
              [0.993878, 0.0019084, 0.00230534, 0.0019084], 
              [0.433191, 0.152252, 0.140145, 0.274412], 
              [0.148099, 0.349371, 0.153557, 0.348974], 
              [0.262802, 0.356084, 0.168427, 0.212687]
            ]
          }, {
            "db": 0,
            "id": "filter11",
            "len": 10,
            "nsites": 10,
            "evalue": "1.0e+000",
            "pwm": [
              [0.194554, 0.370198, 0.153663, 0.281584], 
              [0.24099, 0.450594, 0.269208, 0.0392079], 
              [0.485791, 0.0492126, 0.02119, 0.443807], 
              [0.0591089, 0.0188119, 0.00594059, 0.916139], 
              [0.15802, 0.0156436, 0.748614, 0.0777228], 
              [0.112277, 0.782574, 0.00247525, 0.102673], 
              [0.945248, 0.0070297, 0.00326733, 0.0444554], 
              [0.474059, 0.00247525, 0.0388119, 0.484653], 
              [0.00247525, 0.22505, 0.563762, 0.208713], 
              [0.354356, 0.0381188, 0.530594, 0.0769307]
            ]
          }, {
            "db": 0,
            "id": "filter12",
            "len": 14,
            "nsites": 14,
            "evalue": "1.0e+000",
            "pwm": [
              [0.480502, 0.168201, 0.197793, 0.153505], 
              [0.188818, 0.506815, 0.259407, 0.0449602], 
              [0.0340426, 0.320397, 0.0288794, 0.616681], 
              [0.200752, 0.761943, 0.00782979, 0.0294752], 
              [0.685589, 0.00574468, 0.293291, 0.0153759], 
              [0.0310638, 0.00177305, 0.725305, 0.241858], 
              [0.00892199, 0.915645, 0.0707801, 0.00465248], 
              [0.958539, 0.00177305, 0.0217305, 0.0179574], 
              [0.082, 0.574184, 0.135121, 0.208695], 
              [0.287404, 0.0316566, 0.0694826, 0.611457], 
              [0.197376, 0.103844, 0.0159716, 0.682809], 
              [0.146936, 0.176922, 0.0984823, 0.57766], 
              [0.135829, 0.190146, 0.339296, 0.334728], 
              [0.0937163, 0.368355, 0.312057, 0.225872]
            ]
          }, {
            "db": 0,
            "id": "filter13",
            "len": 15,
            "nsites": 15,
            "evalue": "1.0e+000",
            "pwm": [
              [0.267457, 0.310168, 0.247095, 0.175281], 
              [0.156026, 0.245927, 0.194768, 0.403278], 
              [0.0884681, 0.215012, 0.429361, 0.267159], 
              [0.804007, 0.0250993, 0.169238, 0.00165563], 
              [0.00165563, 0.00165563, 0.00165563, 0.995033], 
              [0.00403974, 0.00274834, 0.00165563, 0.991556], 
              [0.00165563, 0.00175496, 0.993742, 0.00284756], 
              [0.0103974, 0.637219, 0.339404, 0.0129801], 
              [0.436314, 0.232096, 0.138529, 0.19306], 
              [0.126821, 0.334636, 0.0513245, 0.487219], 
              [0.445894, 0.366325, 0.140629, 0.0471523], 
              [0.795563, 0.0569868, 0.101093, 0.0463576], 
              [0.168344, 0.293907, 0.186722, 0.351026], 
              [0.287422, 0.21233, 0.221766, 0.278482], 
              [0.171623, 0.321821, 0.21245, 0.294106]
            ]
          }, {
            "db": 0,
            "id": "filter14",
            "len": 8,
            "nsites": 8,
            "evalue": "1.0e+000",
            "pwm": [
              [0.135531, 0.378691, 0.233704, 0.252074], 
              [0.184617, 0.553309, 0.155975, 0.106099], 
              [0.449802, 0.00437037, 0.493062, 0.0527654], 
              [0.00318519, 0.900469, 0.00308642, 0.0932593], 
              [0.0654999, 0.00308642, 0.928228, 0.00318518], 
              [0.0774568, 0.43163, 0.00851852, 0.482395], 
              [0.132778, 0.180586, 0.466244, 0.220392], 
              [0.256321, 0.255531, 0.286148, 0.202]
            ]
          }, {
            "db": 0,
            "id": "filter15",
            "len": 8,
            "nsites": 8,
            "evalue": "1.0e+000",
            "pwm": [
              [0.206938, 0.430444, 0.241407, 0.12121], 
              [0.459975, 0.221062, 0.158148, 0.160815], 
              [0.29563, 0.214642, 0.483284, 0.00644444], 
              [0.00318519, 0.990642, 0.00308642, 0.00308642], 
              [0.978296, 0.0148395, 0.00318519, 0.00367901], 
              [0.0519753, 0.458889, 0.378198, 0.110938], 
              [0.201388, 0.377469, 0.288984, 0.13216], 
              [0.149753, 0.453753, 0.113407, 0.283086]
            ]
          }, {
            "db": 0,
            "id": "filter16",
            "len": 14,
            "nsites": 14,
            "evalue": "1.0e+000",
            "pwm": [
              [0.38305, 0.251489, 0.186652, 0.178809], 
              [0.238879, 0.222099, 0.204823, 0.334199], 
              [0.415857, 0.0448696, 0.347042, 0.192232], 
              [0.748837, 0.0473475, 0.147532, 0.0562837], 
              [0.265191, 0.319901, 0.246028, 0.168879], 
              [0.26261, 0.0996738, 0.131546, 0.50617], 
              [0.245258, 0.368093, 0.118451, 0.268197], 
              [0.411289, 0.0320598, 0.13563, 0.421021], 
              [0.00177305, 0.00177305, 0.994681, 0.00177305], 
              [0.00177305, 0.994681, 0.00177305, 0.00177305], 
              [0.710709, 0.00177305, 0.204128, 0.0833901], 
              [0.414086, 0.0460523, 0.452111, 0.0877503], 
              [0.382393, 0.126793, 0.0863773, 0.404437], 
              [0.35644, 0.127177, 0.126979, 0.389404]
            ]
          }, {
            "db": 0,
            "id": "filter17",
            "len": 11,
            "nsites": 11,
            "evalue": "1.0e+000",
            "pwm": [
              [0.367495, 0.257506, 0.190621, 0.184378], 
              [0.346785, 0.162579, 0.32231, 0.168326], 
              [0.455432, 0.0828198, 0.361387, 0.10036], 
              [0.124144, 0.696937, 0.105414, 0.0735045], 
              [0.0121622, 0.372586, 0.029009, 0.586243], 
              [0.00225225, 0.00225225, 0.993243, 0.00225225], 
              [0.198845, 0.703705, 0.00383768, 0.0936125], 
              [0.00621622, 0.775721, 0.00225225, 0.215811], 
              [0.516624, 0.00968394, 0.439335, 0.0343571], 
              [0.227405, 0.262288, 0.294595, 0.215712], 
              [0.127613, 0.515586, 0.246532, 0.11027]
            ]
          }, {
            "db": 0,
            "id": "filter18",
            "len": 14,
            "nsites": 14,
            "evalue": "1.0e+000",
            "pwm": [
              [0.327745, 0.218525, 0.251688, 0.202043], 
              [0.230738, 0.111887, 0.330227, 0.327149], 
              [0.521759, 0.160043, 0.290908, 0.0272908], 
              [0.00306383, 0.00931915, 0.011305, 0.976312], 
              [0.00296454, 0.00177305, 0.141674, 0.853589], 
              [0.182184, 0.0111064, 0.517986, 0.288723], 
              [0.0825957, 0.659972, 0.058766, 0.198667], 
              [0.227682, 0.0960094, 0.655569, 0.0207395], 
              [0.18844, 0.449972, 0.00306383, 0.358525], 
              [0.661097, 0.335158, 0.00177305, 0.00197161], 
              [0.994681, 0.00177305, 0.00177305, 0.00177305], 
              [0.00365957, 0.337475, 0.116752, 0.542113], 
              [0.350879, 0.292596, 0.0753475, 0.281177], 
              [0.232227, 0.229248, 0.231433, 0.307092]
            ]
          }, {
            "db": 0,
            "id": "filter19",
            "len": 10,
            "nsites": 10,
            "evalue": "1.0e+000",
            "pwm": [
              [0.420396, 0.141485, 0.368911, 0.0692079], 
              [0.34495, 0.10802, 0.282871, 0.264158], 
              [0.0126743, 0.604219, 0.380236, 0.00287133], 
              [0.00356436, 0.99099, 0.00247525, 0.0029703], 
              [0.986931, 0.00247525, 0.00247525, 0.00811881], 
              [0.992574, 0.00247525, 0.00247525, 0.00247525], 
              [0.00257425, 0.147213, 0.0161372, 0.834075], 
              [0.246238, 0.43604, 0.215842, 0.101881], 
              [0.478317, 0.161485, 0.237921, 0.122277], 
              [0.226436, 0.241089, 0.358515, 0.17396]
            ]
          }, {
            "db": 0,
            "id": "filter2",
            "len": 13,
            "nsites": 13,
            "evalue": "1.0e+000",
            "pwm": [
              [0.226977, 0.211893, 0.262107, 0.299023], 
              [0.202466, 0.182718, 0.388832, 0.225985], 
              [0.387443, 0.326412, 0.269053, 0.0170916], 
              [0.0019084, 0.00478626, 0.0019084, 0.991397], 
              [0.0019084, 0.0019084, 0.896328, 0.099855], 
              [0.99229, 0.00210687, 0.0019084, 0.00369466], 
              [0.0690983, 0.429661, 0.420927, 0.0803132], 
              [0.003, 0.0019084, 0.00210687, 0.992985], 
              [0.0886412, 0.907542, 0.0019084, 0.0019084], 
              [0.991496, 0.0019084, 0.00468702, 0.0019084], 
              [0.0153053, 0.267565, 0.311725, 0.405405], 
              [0.214473, 0.401237, 0.169718, 0.214573], 
              [0.295877, 0.282478, 0.185614, 0.236031]
            ]
          }, {
            "db": 0,
            "id": "filter20",
            "len": 12,
            "nsites": 12,
            "evalue": "1.0e+000",
            "pwm": [
              [0.175719, 0.489802, 0.240182, 0.0942975], 
              [0.25595, 0.323091, 0.24762, 0.173339], 
              [0.0523521, 0.556799, 0.27006, 0.120789], 
              [0.00216529, 0.703025, 0.141207, 0.153603], 
              [0.932314, 0.00583471, 0.0457025, 0.0161488], 
              [0.00355387, 0.167901, 0.555907, 0.272639], 
              [0.140102, 0.00841259, 0.667652, 0.183833], 
              [0.0377686, 0.0142645, 0.707983, 0.239983], 
              [0.00206612, 0.00206612, 0.992512, 0.0033555], 
              [0.0697092, 0.166909, 0.609664, 0.153718], 
              [0.0890413, 0.460149, 0.213702, 0.237107], 
              [0.219653, 0.231752, 0.461835, 0.0867603]
            ]
          }, {
            "db": 0,
            "id": "filter21",
            "len": 11,
            "nsites": 11,
            "evalue": "1.0e+000",
            "pwm": [
              [0.270117, 0.188162, 0.354649, 0.187072], 
              [0.190819, 0.384241, 0.237292, 0.187648], 
              [0.0366396, 0.950333, 0.00314414, 0.00988288], 
              [0.801685, 0.0120631, 0.0762793, 0.109973], 
              [0.00363964, 0.731324, 0.00899099, 0.256045], 
              [0.234418, 0.00958485, 0.753745, 0.00225225], 
              [0.0704393, 0.0449682, 0.00264869, 0.881944], 
              [0.00294602, 0.00225225, 0.984423, 0.0103792], 
              [0.17855, 0.26536, 0.360793, 0.195297], 
              [0.190541, 0.339387, 0.193117, 0.276955], 
              [0.189748, 0.308468, 0.217396, 0.284387]
            ]
          }, {
            "db": 0,
            "id": "filter22",
            "len": 10,
            "nsites": 10,
            "evalue": "1.0e+000",
            "pwm": [
              [0.459749, 0.159224, 0.308644, 0.0723832], 
              [0.144059, 0.584455, 0.243267, 0.0282178], 
              [0.471881, 0.443366, 0.0529703, 0.0317822], 
              [0.069703, 0.00752475, 0.910792, 0.0119802], 
              [0.0529753, 0.00732722, 0.934846, 0.00485172], 
              [0.990891, 0.00257426, 0.00376238, 0.00277228], 
              [0.916931, 0.010396, 0.00712871, 0.0655446], 
              [0.315842, 0.0848515, 0.584059, 0.0152475], 
              [0.119319, 0.250916, 0.136746, 0.493019], 
              [0.250767, 0.178002, 0.407682, 0.163548]
            ]
          }, {
            "db": 0,
            "id": "filter23",
            "len": 19,
            "nsites": 19,
            "evalue": "1.0e+000",
            "pwm": [
              [0.072534, 0.663524, 0.119387, 0.144555], 
              [0.385586, 0.231, 0.12078, 0.262634], 
              [0.168529, 0.570911, 0.144555, 0.116005], 
              [0.439558, 0.173585, 0.102466, 0.284391], 
              [0.178295, 0.180285, 0.442332, 0.199088], 
              [0.371262, 0.249801, 0.24055, 0.138387], 
              [0.249204, 0.322916, 0.254874, 0.173005], 
              [0.278351, 0.20066, 0.0850681, 0.435921], 
              [0.102476, 0.232094, 0.285812, 0.379618], 
              [0.0409005, 0.668597, 0.0882513, 0.202251], 
              [0.00668063, 0.211403, 0.0213037, 0.760613], 
              [0.165843, 0.163953, 0.579366, 0.0908377], 
              [0.895801, 0.00150785, 0.100885, 0.00180628], 
              [0.00160733, 0.248408, 0.0886492, 0.661335], 
              [0.0434869, 0.0175236, 0.00220419, 0.936785], 
              [0.175311, 0.168546, 0.650955, 0.00518887], 
              [0.3012, 0.00180623, 0.692999, 0.0039945], 
              [0.0639791, 0.379419, 0.00349738, 0.553105], 
              [0.0692513, 0.26711, 0.182058, 0.481581]
            ]
          }, {
            "db": 0,
            "id": "filter24",
            "len": 12,
            "nsites": 12,
            "evalue": "1.0e+000",
            "pwm": [
              [0.16243, 0.318628, 0.394397, 0.124545], 
              [0.0740733, 0.402371, 0.444623, 0.0789333], 
              [0.0881488, 0.482661, 0.386066, 0.043124], 
              [0.0433223, 0.306727, 0.583124, 0.0668264], 
              [0.0187273, 0.498727, 0.479686, 0.0028595], 
              [0.00246281, 0.456777, 0.538397, 0.00236364], 
              [0.0282453, 0.618368, 0.337438, 0.015949], 
              [0.0217025, 0.384876, 0.499223, 0.0941983], 
              [0.00652893, 0.602165, 0.353835, 0.0374711], 
              [0.0804132, 0.366727, 0.306132, 0.246727], 
              [0.241074, 0.29205, 0.38557, 0.0813058], 
              [0.0854711, 0.334298, 0.448248, 0.131983]
            ]
          }, {
            "db": 0,
            "id": "filter25",
            "len": 12,
            "nsites": 12,
            "evalue": "1.0e+000",
            "pwm": [
              [0.550551, 0.0416403, 0.0523521, 0.355457], 
              [0.438783, 0.0770338, 0.058986, 0.425197], 
              [0.284612, 0.157669, 0.171157, 0.386562], 
              [0.0655372, 0.0929091, 0.00722314, 0.834331], 
              [0.00266116, 0.0354876, 0.959488, 0.00236364], 
              [0.121174, 0.872116, 0.00206612, 0.00464463], 
              [0.00206612, 0.0244793, 0.00206612, 0.971388], 
              [0.00206612, 0.00206612, 0.911785, 0.0840826], 
              [0.993802, 0.00206612, 0.00206612, 0.00206612], 
              [0.0227955, 0.606986, 0.244669, 0.12555], 
              [0.231256, 0.191388, 0.121273, 0.456083], 
              [0.17114, 0.241844, 0.142283, 0.444733]
            ]
          }, {
            "db": 0,
            "id": "filter26",
            "len": 9,
            "nsites": 9,
            "evalue": "1.0e+000",
            "pwm": [
              [0.234176, 0.218747, 0.403, 0.144077], 
              [0.618505, 0.161978, 0.0398352, 0.179681], 
              [0.00274725, 0.0969105, 0.896309, 0.0040331], 
              [0.361956, 0.00462637, 0.00274725, 0.63067], 
              [0.00274725, 0.240407, 0.00274725, 0.754099], 
              [0.917971, 0.00274725, 0.0727762, 0.00650587], 
              [0.592, 0.080978, 0.13478, 0.192242], 
              [0.0749451, 0.54156, 0.332582, 0.0509121], 
              [0.26978, 0.179681, 0.285407, 0.265132]
            ]
          }, {
            "db": 0,
            "id": "filter27",
            "len": 13,
            "nsites": 13,
            "evalue": "1.0e+000",
            "pwm": [
              [0.391313, 0.0856641, 0.0748473, 0.448176], 
              [0.467824, 0.0695878, 0.0811985, 0.381389], 
              [0.456511, 0.0166947, 0.0915191, 0.435275], 
              [0.586611, 0.00548092, 0.0392214, 0.368687], 
              [0.49566, 0.00250388, 0.0227502, 0.479086], 
              [0.378115, 0.00399237, 0.00230534, 0.615588], 
              [0.381451, 0.00538133, 0.0130218, 0.600146], 
              [0.399053, 0.16287, 0.0115344, 0.426542], 
              [0.426344, 0.0449771, 0.0186794, 0.51], 
              [0.591771, 0.0733588, 0.0117328, 0.323137], 
              [0.321153, 0.110473, 0.0927099, 0.475664], 
              [0.33756, 0.0796185, 0.117431, 0.46539], 
              [0.427293, 0.0826789, 0.0710694, 0.418958]
            ]
          }, {
            "db": 0,
            "id": "filter28",
            "len": 10,
            "nsites": 10,
            "evalue": "1.0e+000",
            "pwm": [
              [0.284682, 0.339341, 0.202099, 0.173879], 
              [0.18802, 0.383465, 0.169604, 0.258911], 
              [0.311584, 0.123168, 0.416139, 0.149109], 
              [0.155149, 0.158317, 0.0224752, 0.664059], 
              [0.00287129, 0.521485, 0.473168, 0.00247525], 
              [0.768393, 0.107832, 0.00247525, 0.121299], 
              [0.00910957, 0.00247525, 0.0795127, 0.908903], 
              [0.00247525, 0.41802, 0.57703, 0.00247525], 
              [0.407525, 0.090396, 0.302178, 0.199901], 
              [0.344356, 0.242178, 0.125248, 0.288218]
            ]
          }, {
            "db": 0,
            "id": "filter29",
            "len": 12,
            "nsites": 12,
            "evalue": "1.0e+000",
            "pwm": [
              [0.170777, 0.15828, 0.322627, 0.348316], 
              [0.173636, 0.397967, 0.14557, 0.282826], 
              [0.420876, 0.144281, 0.269636, 0.165207], 
              [0.089438, 0.0374711, 0.687157, 0.185934], 
              [0.00484298, 0.989438, 0.00236364, 0.00335537], 
              [0.276876, 0.518959, 0.0109917, 0.193174], 
              [0.973372, 0.0032562, 0.0100992, 0.0132727], 
              [0.387752, 0.00216529, 0.00236364, 0.607719], 
              [0.367521, 0.0252727, 0.0181322, 0.589074], 
              [0.194284, 0.0234897, 0.0179355, 0.764291], 
              [0.113041, 0.0999504, 0.0241818, 0.762826], 
              [0.249901, 0.124446, 0.196843, 0.42881]
            ]
          }, {
            "db": 0,
            "id": "filter3",
            "len": 11,
            "nsites": 11,
            "evalue": "1.0e+000",
            "pwm": [
              [0.504982, 0.0922342, 0.238207, 0.164577], 
              [0.401622, 0.154171, 0.301631, 0.142577], 
              [0.456081, 0.104116, 0.220645, 0.219158], 
              [0.723072, 0.0104783, 0.264197, 0.00225225], 
              [0.00225225, 0.00225225, 0.00225225, 0.993243], 
              [0.00225225, 0.110766, 0.707144, 0.179838], 
              [0.509541, 0.00225225, 0.485856, 0.00235135], 
              [0.0472432, 0.781964, 0.00433333, 0.166459], 
              [0.275667, 0.106207, 0.24336, 0.374766], 
              [0.21048, 0.202155, 0.324555, 0.26281], 
              [0.257036, 0.403306, 0.16309, 0.176568]
            ]
          }, {
            "db": 0,
            "id": "filter4",
            "len": 11,
            "nsites": 11,
            "evalue": "1.0e+000",
            "pwm": [
              [0.533073, 0.035348, 0.329346, 0.102233], 
              [0.00235135, 0.655811, 0.00225225, 0.339586], 
              [0.00562162, 0.653631, 0.338198, 0.00254955], 
              [0.97818, 0.00988288, 0.00225225, 0.00968468], 
              [0.744405, 0.0513063, 0.139207, 0.0650811], 
              [0.00225225, 0.00294595, 0.00225225, 0.99255], 
              [0.0799459, 0.540856, 0.356432, 0.0227658], 
              [0.725577, 0.0256396, 0.246333, 0.00245045], 
              [0.127699, 0.191314, 0.514147, 0.166839], 
              [0.380018, 0.342856, 0.12127, 0.155856], 
              [0.390027, 0.117604, 0.298063, 0.194306]
            ]
          }, {
            "db": 0,
            "id": "filter5",
            "len": 12,
            "nsites": 12,
            "evalue": "1.0e+000",
            "pwm": [
              [0.507058, 0.0231901, 0.0389587, 0.430793], 
              [0.45995, 0.0347934, 0.103025, 0.402231], 
              [0.187601, 0.0463923, 0.101825, 0.664182], 
              [0.0299339, 0.0123802, 0.00206612, 0.95562], 
              [0.00732179, 0.0026611, 0.987951, 0.00206612], 
              [0.00732231, 0.929537, 0.00206612, 0.0610744], 
              [0.273333, 0.158082, 0.0671305, 0.501455], 
              [0.249504, 0.168876, 0.353934, 0.227686], 
              [0.699752, 0.077438, 0.125438, 0.0973719], 
              [0.259818, 0.230562, 0.283124, 0.226496], 
              [0.182066, 0.185934, 0.143289, 0.488711], 
              [0.224116, 0.272612, 0.0794215, 0.423851]
            ]
          }, {
            "db": 0,
            "id": "filter6",
            "len": 14,
            "nsites": 14,
            "evalue": "1.0e+000",
            "pwm": [
              [0.311461, 0.227957, 0.216142, 0.24444], 
              [0.254071, 0.11566, 0.276511, 0.353759], 
              [0.561134, 0.107429, 0.312882, 0.0185549], 
              [0.00177305, 0.00306383, 0.00187234, 0.993291], 
              [0.00226945, 0.00177305, 0.177004, 0.818954], 
              [0.224284, 0.00306383, 0.600695, 0.171957], 
              [0.0587717, 0.627566, 0.0776388, 0.236023], 
              [0.230738, 0.0764397, 0.631773, 0.0610496], 
              [0.167291, 0.599901, 0.00276596, 0.230043], 
              [0.819631, 0.176326, 0.00177305, 0.0022695], 
              [0.992596, 0.00197163, 0.00356028, 0.00187234], 
              [0.0185532, 0.314936, 0.112085, 0.554426], 
              [0.352369, 0.289617, 0.103546, 0.254468], 
              [0.24496, 0.221923, 0.225498, 0.307619]
            ]
          }, {
            "db": 0,
            "id": "filter7",
            "len": 13,
            "nsites": 13,
            "evalue": "1.0e+000",
            "pwm": [
              [0.0924122, 0.723359, 0.049145, 0.135084], 
              [0.0964809, 0.342092, 0.0211603, 0.540267], 
              [0.655679, 0.158802, 0.0590687, 0.12645], 
              [0.403519, 0.0701832, 0.0784198, 0.447878], 
              [0.542252, 0.0375344, 0.0498397, 0.370374], 
              [0.493328, 0.058771, 0.133496, 0.314405], 
              [0.667489, 0.0205649, 0.0278092, 0.284137], 
              [0.0419008, 0.00220611, 0.0548015, 0.901092], 
              [0.477252, 0.00210687, 0.518733, 0.0019084], 
              [0.0315802, 0.00567939, 0.947832, 0.0149084], 
              [0.290191, 0.539573, 0.0878473, 0.0823893], 
              [0.233924, 0.323534, 0.176962, 0.26558], 
              [0.247221, 0.259924, 0.270145, 0.22271]
            ]
          }, {
            "db": 0,
            "id": "filter8",
            "len": 8,
            "nsites": 8,
            "evalue": "1.0e+000",
            "pwm": [
              [0.162988, 0.399531, 0.128519, 0.308963], 
              [0.184797, 0.132555, 0.0138508, 0.668798], 
              [0.164173, 0.00328395, 0.322, 0.510543], 
              [0.990741, 0.00308642, 0.00308642, 0.00308642], 
              [0.00308642, 0.00308642, 0.00308642, 0.990741], 
              [0.293654, 0.459185, 0.00664198, 0.240519], 
              [0.53, 0.0119753, 0.0709383, 0.387086], 
              [0.270866, 0.175054, 0.350677, 0.203403]
            ]
          }, {
            "db": 0,
            "id": "filter9",
            "len": 9,
            "nsites": 9,
            "evalue": "1.0e+000",
            "pwm": [
              [0.0512088, 0.454429, 0.456901, 0.0374615], 
              [0.162753, 0.272522, 0.104902, 0.459822], 
              [0.0535875, 0.393149, 0.346463, 0.206801], 
              [0.0664396, 0.00274725, 0.00986813, 0.920945], 
              [0.00274725, 0.00274725, 0.991758, 0.00274725], 
              [0.00274725, 0.735183, 0.155763, 0.106307], 
              [0.274429, 0.121923, 0.150604, 0.453044], 
              [0.0852308, 0.220923, 0.322791, 0.371055], 
              [0.322989, 0.144374, 0.350484, 0.182154]
            ]
          }
        ],
        "targets": [
          {
            "db": 0,
            "id": "MA0004.1",
            "alt": "Arnt",
            "len": 6,
            "nsites": 20,
            "url": "http://jaspar.genereg.net?ID=MA0004.1&rm=present&collection=CORE",
            "pwm": [
              [0.200249, 0.797264, 0.00124378, 0.00124378], 
              [0.946517, 0.00124378, 0.050995, 0.00124378], 
              [0.00124378, 0.996269, 0.00124378, 0.00124378], 
              [0.00124378, 0.00124378, 0.996269, 0.00124378], 
              [0.00124378, 0.00124378, 0.00124378, 0.996269], 
              [0.00124378, 0.00124378, 0.996269, 0.00124378]
            ]
          }, {
            "db": 0,
            "id": "MA0019.1",
            "alt": "Ddit3::Cebpa",
            "len": 12,
            "nsites": 39,
            "url": "http://jaspar.genereg.net?ID=MA0019.1&rm=present&collection=CORE",
            "pwm": [
              [0.358695, 0.179667, 0.307544, 0.154092], 
              [0.281969, 0.179667, 0.358695, 0.179667], 
              [0.460997, 0.0773657, 0.384271, 0.0773657], 
              [0.000639386, 0.0262148, 0.000639386, 0.972506], 
              [0.000639386, 0.000639386, 0.972506, 0.0262148], 
              [0.102941, 0.844629, 0.000639386, 0.0517902], 
              [0.972506, 0.0262148, 0.000639386, 0.000639386], 
              [0.921356, 0.0517902, 0.0262148, 0.000639386], 
              [0.000639386, 0.154092, 0.000639386, 0.844629], 
              [0.358695, 0.435422, 0.128516, 0.0773657], 
              [0.102941, 0.588875, 0.230818, 0.0773657], 
              [0.000639386, 0.665601, 0.154092, 0.179667]
            ]
          }, {
            "db": 0,
            "id": "MA0028.2",
            "alt": "ELK1",
            "len": 10,
            "nsites": 50057,
            "url": "http://jaspar.genereg.net?ID=MA0028.2&rm=present&collection=CORE",
            "pwm": [
              [0.681306, 0.0409024, 0.192745, 0.0850463], 
              [0.0249704, 0.939861, 0.0303254, 0.00484249], 
              [0.00776348, 0.990506, 0.0012765, 0.000454499], 
              [4.9943e-07, 0.000458499, 0.998974, 0.000567498], 
              [8.64993e-05, 0.000880498, 0.983721, 0.0153125], 
              [0.993062, 0.00505149, 0.0013445, 0.000542498], 
              [0.94711, 0.00688549, 0.0012415, 0.0447644], 
              [0.0585884, 0.0458644, 0.889835, 0.00571149], 
              [0.0169145, 0.116499, 0.0207375, 0.845849], 
              [0.289781, 0.145676, 0.377082, 0.18746]
            ]
          }, {
            "db": 0,
            "id": "MA0043.2",
            "alt": "HLF",
            "len": 12,
            "nsites": 2606,
            "url": "http://jaspar.genereg.net?ID=MA0043.2&rm=present&collection=CORE",
            "pwm": [
              [0.200657, 0.343775, 0.177271, 0.278296], 
              [0.387124, 0.239892, 0.333218, 0.0397651], 
              [0.00327147, 0.000475575, 9.59288e-06, 0.996243], 
              [0.0024785, 0.015647, 0.102064, 0.879811], 
              [0.865914, 9.59288e-06, 0.125562, 0.00851427], 
              [0.0050464, 0.717913, 0.0117621, 0.265278], 
              [0.439273, 0.0237467, 0.534222, 0.00275849], 
              [0.0184179, 0.236194, 0.00278849, 0.7426], 
              [0.879811, 0.116054, 0.00165553, 0.0024785], 
              [0.99439, 9.59288e-06, 0.0023355, 0.00326547], 
              [0.0499097, 0.486828, 0.110025, 0.353238], 
              [0.301214, 0.344711, 0.168385, 0.18569]
            ]
          }, {
            "db": 0,
            "id": "MA0058.3",
            "alt": "MAX",
            "len": 10,
            "nsites": 6986,
            "url": "http://jaspar.genereg.net?ID=MA0058.3&rm=present&collection=CORE",
            "pwm": [
              [0.480875, 0.226261, 0.18831, 0.104553], 
              [0.278545, 0.40858, 0.220218, 0.0926573], 
              [0.0056435, 0.994349, 3.57853e-06, 3.57853e-06], 
              [0.982135, 3.57853e-06, 0.0124304, 0.0054315], 
              [3.57853e-06, 0.966807, 0.000987564, 0.0322021], 
              [0.0453009, 0.0053735, 0.946706, 0.00261954], 
              [0.00968944, 0.0223223, 0.00281054, 0.965178], 
              [3.57853e-06, 0.00389452, 0.99091, 0.0051915], 
              [0.195056, 0.356362, 0.238255, 0.210328], 
              [0.163177, 0.323588, 0.143399, 0.369835]
            ]
          }, {
            "db": 0,
            "id": "MA0059.1",
            "alt": "MAX::MYC",
            "len": 11,
            "nsites": 21,
            "url": "http://jaspar.genereg.net?ID=MA0059.1&rm=present&collection=CORE",
            "pwm": [
              [0.332938, 0.0485782, 0.427725, 0.190758], 
              [0.712086, 0.0485782, 0.190758, 0.0485782], 
              [0.0959715, 0.427725, 0.427725, 0.0485782], 
              [0.0485782, 0.949052, 0.00118483, 0.00118483], 
              [0.996445, 0.00118483, 0.00118483, 0.00118483], 
              [0.00118483, 0.949052, 0.00118483, 0.0485782], 
              [0.0485782, 0.00118483, 0.949052, 0.00118483], 
              [0.00118483, 0.0485782, 0.00118483, 0.949052], 
              [0.00118483, 0.00118483, 0.996445, 0.00118483], 
              [0.0485782, 0.0485782, 0.854266, 0.0485782], 
              [0.143365, 0.238151, 0.00118483, 0.617299]
            ]
          }, {
            "db": 0,
            "id": "MA0060.2",
            "alt": "NFYA",
            "len": 18,
            "nsites": 8768,
            "url": "http://jaspar.genereg.net?ID=MA0060.2&rm=present&collection=CORE",
            "pwm": [
              [0.53695, 0.172788, 0.112114, 0.178149], 
              [0.13538, 0.11257, 0.522351, 0.229699], 
              [0.404651, 0.257299, 0.247263, 0.0907868], 
              [0.137204, 0.339073, 0.453693, 0.0700291], 
              [0.208257, 0.267336, 0.0357004, 0.488706], 
              [0.0219006, 0.0951208, 0.546074, 0.336906], 
              [0.0270325, 0.842146, 0.0548612, 0.07596], 
              [0.00182783, 0.113255, 0.0276025, 0.857315], 
              [0.0253216, 0.116106, 0.818995, 0.0395784], 
              [0.975699, 0.000230849, 0.0171107, 0.00695977], 
              [0.000572845, 0.00593378, 0.000914841, 0.992579], 
              [0.00114384, 0.000572845, 0.000572845, 0.99771], 
              [0.00330981, 0.00114384, 0.994518, 0.00102884], 
              [0.00137184, 0.00798676, 0.990298, 0.000344847], 
              [0.0429994, 0.305314, 0.00171383, 0.649972], 
              [0.0524663, 0.449701, 0.213618, 0.284215], 
              [0.175298, 0.476274, 0.253992, 0.0944358], 
              [0.485969, 0.129563, 0.308735, 0.075732]
            ]
          }, {
            "db": 0,
            "id": "MA0062.2",
            "alt": "Gabpa",
            "len": 11,
            "nsites": 991,
            "url": "http://jaspar.genereg.net?ID=MA0062.2&rm=present&collection=CORE",
            "pwm": [
              [0.032378, 0.776489, 0.190097, 0.00103612], 
              [0.0707971, 0.924098, 0.00406882, 0.00103612], 
              [2.52245e-05, 2.52245e-05, 0.998915, 0.00103412], 
              [2.52245e-05, 2.52245e-05, 0.999924, 2.52245e-05], 
              [0.997911, 0.00103212, 0.00103212, 2.52245e-05], 
              [0.995897, 0.00203902, 2.52245e-05, 0.00203902], 
              [0.0947737, 0.03228, 0.872921, 2.52245e-05], 
              [0.0565285, 0.263369, 0.0373575, 0.642745], 
              [0.155566, 0.138395, 0.609055, 0.0969854], 
              [0.266665, 0.264645, 0.419175, 0.0495152], 
              [0.235355, 0.360595, 0.226265, 0.177785]
            ]
          }, {
            "db": 0,
            "id": "MA0076.2",
            "alt": "ELK4",
            "len": 11,
            "nsites": 3427,
            "url": "http://jaspar.genereg.net?ID=MA0076.2&rm=present&collection=CORE",
            "pwm": [
              [0.0869618, 0.42544, 0.258535, 0.229064], 
              [0.114098, 0.555871, 0.166328, 0.163703], 
              [0.593512, 0.0423171, 0.302887, 0.0612835], 
              [7.2948e-06, 0.784343, 0.00467616, 0.210973], 
              [0.00234123, 7.2948e-06, 7.2948e-06, 0.997644], 
              [7.2948e-06, 7.2948e-06, 7.2948e-06, 0.999978], 
              [7.2948e-06, 0.999978, 7.2948e-06, 7.2948e-06], 
              [7.2948e-06, 0.999978, 7.2948e-06, 7.2948e-06], 
              [7.2948e-06, 7.2948e-06, 0.85058, 0.149405], 
              [7.2948e-06, 0.146195, 0.829572, 0.0242256], 
              [0.0846268, 0.365623, 0.194925, 0.354826]
            ]
          }, {
            "db": 0,
            "id": "MA0081.1",
            "alt": "SPIB",
            "len": 7,
            "nsites": 49,
            "url": "http://jaspar.genereg.net?ID=MA0081.1&rm=present&collection=CORE",
            "pwm": [
              [0.631874, 0.000509165, 0.000509165, 0.367108], 
              [0.0819759, 0.285641, 0.591141, 0.041242], 
              [0.489308, 0.326375, 0.143075, 0.041242], 
              [0.041242, 0.000509165, 0.95774, 0.000509165], 
              [0.0208756, 0.000509165, 0.95774, 0.0208756], 
              [0.978106, 0.000509165, 0.000509165, 0.0208756], 
              [0.95774, 0.000509165, 0.000509165, 0.041242]
            ]
          }, {
            "db": 0,
            "id": "MA0093.2",
            "alt": "USF1",
            "len": 11,
            "nsites": 16842,
            "url": "http://jaspar.genereg.net?ID=MA0093.2&rm=present&collection=CORE",
            "pwm": [
              [0.287733, 0.223489, 0.425245, 0.0635331], 
              [0.087402, 0.442227, 0.177117, 0.293255], 
              [0.00255447, 0.997443, 1.48438e-06, 1.48438e-06], 
              [0.984024, 1.48438e-06, 1.48438e-06, 0.0159734], 
              [0.0111644, 0.610317, 0.0553392, 0.32318], 
              [0.0952979, 0.0353293, 0.86937, 1.48438e-06], 
              [1.48438e-06, 1.48438e-06, 1.48438e-06, 0.999996], 
              [1.48438e-06, 1.48438e-06, 0.999996, 1.48438e-06], 
              [0.876495, 1.48438e-06, 0.081642, 0.0418612], 
              [1.48438e-06, 0.781733, 1.48438e-06, 0.218264], 
              [0.108124, 0.589358, 0.0660861, 0.236433]
            ]
          }, {
            "db": 0,
            "id": "MA0095.2",
            "alt": "YY1",
            "len": 12,
            "nsites": 7171,
