<!DOCTYPE HTML>
<html>
  <head>
    <meta charset="UTF-8">
    <title>TOMTOM</title>
    <script>
      // @JSON_VAR data
      var data = {
        "program": "Tomtom",
        "version": "4.12.0",
        "release": "Tue Jun 27 16:22:50 2017 -0700",
        "cmd": [
          "tomtom", "-evalue", "-thresh", "0.1", "-o",
          "../results/invivo/conv_filters/cnn_4_25",
          "../results/invivo/conv_filters/cnn_4_25.meme",
          "../data/JASPAR_CORE_2016_vertebrates.meme"
        ],
        "options": {
          "strands": "both",
          "distance_measure": "ed",
          "threshold_type": "evalue",
          "threshold_value": 0.1,
          "background_source": "first_target"
        },
        "alphabet": {
          "name": "DNA",
          "like": "dna",
          "ncore": 4,
          "symbols": [
            {
              "symbol": "A",
              "name": "Adenine",
              "colour": "CC0000",
              "complement": "T"
            }, {
              "symbol": "C",
              "name": "Cytosine",
              "colour": "0000CC",
              "complement": "G"
            }, {
              "symbol": "G",
              "name": "Guanine",
              "colour": "FFB300",
              "complement": "C"
            }, {
              "symbol": "T",
              "aliases": "U",
              "name": "Thymine",
              "colour": "008000",
              "complement": "A"
            }, {
              "symbol": "N",
              "aliases": "X.",
              "name": "Any base",
              "equals": "ACGT"
            }, {
              "symbol": "V",
              "name": "Not T",
              "equals": "ACG"
            }, {
              "symbol": "H",
              "name": "Not G",
              "equals": "ACT"
            }, {
              "symbol": "D",
              "name": "Not C",
              "equals": "AGT"
            }, {
              "symbol": "B",
              "name": "Not A",
              "equals": "CGT"
            }, {
              "symbol": "M",
              "name": "Amino",
              "equals": "AC"
            }, {
              "symbol": "R",
              "name": "Purine",
              "equals": "AG"
            }, {
              "symbol": "W",
              "name": "Weak",
              "equals": "AT"
            }, {
              "symbol": "S",
              "name": "Strong",
              "equals": "CG"
            }, {
              "symbol": "Y",
              "name": "Pyrimidine",
              "equals": "CT"
            }, {
              "symbol": "K",
              "name": "Keto",
              "equals": "GT"
            }
          ]
        },
        "background": [0.25, 0.25, 0.25, 0.25],
        "query_dbs": [
          {
            "source": "../results/invivo/conv_filters/cnn_4_25.meme",
            "name": "cnn 4 25",
            "loaded": 30,
            "excluded": 0,
            "last_modified": "Mon Feb 26 20:58:11 2018"
          }
        ],
        "target_dbs": [
          {
            "source": "../data/JASPAR_CORE_2016_vertebrates.meme",
            "name": "JASPAR CORE 2016 vertebrates",
            "loaded": 519,
            "excluded": 0,
            "last_modified": "Tue Sep 13 01:13:30 2016"
          }
        ],
        "queries": [
          {
            "db": 0,
            "id": "filter0",
            "len": 19,
            "nsites": 19,
            "evalue": "1.0e+000",
            "pwm": [
              [0.239754, 0.165843, 0.275665, 0.318738], 
              [0.372555, 0.26144, 0.261241, 0.104764], 
              [0.0218031, 0.91151, 0.0533403, 0.0133468], 
              [0.0144398, 0.522565, 0.396728, 0.066267], 
              [0.165743, 0.39444, 0.150921, 0.288895], 
              [0.191806, 0.101382, 0.0420942, 0.664717], 
              [0.360618, 0.0248848, 0.0530366, 0.561461], 
              [0.262037, 0.0483613, 0.0111571, 0.678445], 
              [0.268728, 0.0453814, 0.137804, 0.548086], 
              [0.375079, 0.139595, 0.1386, 0.346726], 
              [0.052932, 0.420162, 0.522314, 0.00459129], 
              [0.00747644, 0.0222984, 0.922063, 0.0481623], 
              [0.095712, 0.444675, 0.138686, 0.320927], 
              [0.179471, 0.418911, 0.325801, 0.0758168], 
              [0.0767045, 0.254948, 0.339396, 0.328952], 
              [0.179091, 0.497746, 0.0970148, 0.226148], 
              [0.284319, 0.348979, 0.213293, 0.153408], 
              [0.147823, 0.474173, 0.242615, 0.13539], 
              [0.124162, 0.322021, 0.377827, 0.17599]
            ]
          }, {
            "db": 0,
            "id": "filter1",
            "len": 19,
            "nsites": 19,
            "evalue": "1.0e+000",
            "pwm": [
              [0.235079, 0.0887487, 0.354749, 0.321424], 
              [0.556929, 0.192782, 0.0697418, 0.180548], 
              [0.103183, 0.066373, 0.620612, 0.209832], 
              [0.208738, 0.144569, 0.35757, 0.289123], 
              [0.259848, 0.152016, 0.394838, 0.193298], 
              [0.0254817, 0.787969, 0.13212, 0.0544293], 
              [0.00877038, 0.957473, 0.0290656, 0.00469144], 
              [0.404586, 0.00588482, 0.563052, 0.0264764], 
              [0.27146, 0.0179198, 0.0171241, 0.693496], 
              [0.769168, 0.0550262, 0.0202094, 0.155597], 
              [0.171033, 0.0252851, 0.0691586, 0.734524], 
              [0.566335, 0.085267, 0.0149372, 0.333461], 
              [0.132306, 0.103262, 0.405043, 0.359388], 
              [0.00608377, 0.265916, 0.682822, 0.045178], 
              [0.0662605, 0.0509427, 0.849161, 0.0336355], 
              [0.227441, 0.477252, 0.128453, 0.166854], 
              [0.0582094, 0.200461, 0.198272, 0.543058], 
              [0.554597, 0.0832775, 0.204838, 0.157288], 
              [0.146559, 0.319864, 0.0607023, 0.472874]
            ]
          }, {
            "db": 0,
            "id": "filter10",
            "len": 19,
            "nsites": 19,
            "evalue": "1.0e+000",
            "pwm": [
              [0.221373, 0.220577, 0.467502, 0.0905482], 
              [0.191825, 0.236097, 0.2548, 0.317278], 
              [0.452191, 0.0743173, 0.20054, 0.272952], 
              [0.329581, 0.566136, 0.0194136, 0.0848691], 
              [0.131537, 0.123976, 0.625586, 0.118902], 
              [0.244728, 0.134707, 0.136696, 0.483869], 
              [0.0800864, 0.124647, 0.774263, 0.0210033], 
              [0.170817, 0.129932, 0.0384136, 0.660838], 
              [0.163969, 0.0714468, 0.0535393, 0.711045], 
              [0.0289634, 0.0881518, 0.854618, 0.028267], 
              [0.0356317, 0.933198, 0.00538784, 0.0257826], 
              [0.141656, 0.0620829, 0.55852, 0.237741], 
              [0.0259815, 0.12696, 0.682691, 0.164367], 
              [0.432838, 0.412346, 0.109241, 0.0455759], 
              [0.590169, 0.200381, 0.165362, 0.044088], 
              [0.234406, 0.176206, 0.338468, 0.25092], 
              [0.0342323, 0.504013, 0.420361, 0.0413939], 
              [0.389565, 0.0332408, 0.209414, 0.36778], 
              [0.124175, 0.461234, 0.170933, 0.243658]
            ]
          }, {
            "db": 0,
            "id": "filter11",
            "len": 19,
            "nsites": 19,
            "evalue": "1.0e+000",
            "pwm": [
              [0.296754, 0.19678, 0.204838, 0.301628], 
              [0.0253822, 0.165843, 0.162361, 0.646414], 
              [0.130529, 0.131325, 0.646414, 0.091733], 
              [0.496602, 0.106754, 0.335848, 0.0607958], 
              [0.302921, 0.214387, 0.323911, 0.15878], 
              [0.0185183, 0.123267, 0.160272, 0.697942], 
              [0.0105602, 0.627911, 0.322717, 0.0388115], 
              [0.923647, 0.011357, 0.0381189, 0.0268769], 
              [0.308094, 0.0346335, 0.0968063, 0.560466], 
              [0.0627853, 0.0330419, 0.026377, 0.877796], 
              [0.00956462, 0.596417, 0.387438, 0.00658062], 
              [0.311706, 0.29738, 0.34006, 0.0508531], 
              [0.310084, 0.377131, 0.116503, 0.196283], 
              [0.162461, 0.311377, 0.149529, 0.376634], 
              [0.072534, 0.192801, 0.397524, 0.337141], 
              [0.291183, 0.206628, 0.442686, 0.0595026], 
              [0.164052, 0.296058, 0.448157, 0.091733], 
              [0.16256, 0.442188, 0.249005, 0.146246], 
              [0.105063, 0.354848, 0.288995, 0.251094]
            ]
          }, {
            "db": 0,
            "id": "filter12",
            "len": 19,
            "nsites": 19,
            "evalue": "1.0e+000",
            "pwm": [
              [0.284518, 0.0399058, 0.399314, 0.276262], 
              [0.786157, 0.12308, 0.0284687, 0.0622941], 
              [0.572105, 0.011356, 0.0219005, 0.394639], 
              [0.172707, 0.0223979, 0.579366, 0.225529], 
              [0.0513455, 0.897492, 0.0235916, 0.0275707], 
              [0.129832, 0.12267, 0.286209, 0.461288], 
              [0.0418953, 0.130031, 0.726194, 0.10188], 
              [0.644061, 0.238934, 0.0181187, 0.0988855], 
              [0.0372235, 0.249627, 0.0103622, 0.702787], 
              [0.0345307, 0.0447758, 0.845282, 0.0754114], 
              [0.587723, 0.0953141, 0.0629843, 0.253979], 
              [0.114215, 0.290984, 0.581356, 0.013445], 
              [0.0285654, 0.0112565, 0.196681, 0.763497], 
              [0.0621885, 0.913707, 0.0112565, 0.0128482], 
              [0.620388, 0.106843, 0.20054, 0.0722285], 
              [0.00767539, 0.032445, 0.899979, 0.0599005], 
              [0.0688534, 0.781204, 0.0110576, 0.138885], 
              [0.23938, 0.113132, 0.423927, 0.223561], 
              [0.32653, 0.190134, 0.0655771, 0.417759]
            ]
          }, {
            "db": 0,
            "id": "filter13",
            "len": 19,
            "nsites": 19,
            "evalue": "1.0e+000",
            "pwm": [
              [0.192901, 0.34301, 0.136099, 0.32799], 
              [0.0867506, 0.578811, 0.0694434, 0.264995], 
              [0.011356, 0.188026, 0.766084, 0.034534], 
              [0.160654, 0.765709, 0.0627792, 0.0108577], 
              [0.0686545, 0.663225, 0.0198115, 0.248309], 
              [0.221273, 0.00578579, 0.728952, 0.0439886], 
              [0.946534, 0.0135445, 0.017822, 0.0220995], 
              [0.424524, 0.291212, 0.180782, 0.103481], 
              [0.217372, 0.0481623, 0.0171257, 0.71734], 
              [0.0773089, 0.549921, 0.00867016, 0.364099], 
              [0.273377, 0.108545, 0.524654, 0.0934241], 
              [0.0576126, 0.400309, 0.468848, 0.0732304], 
              [0.0420942, 0.662827, 0.25766, 0.0374188], 
              [0.148136, 0.500681, 0.313864, 0.0373194], 
              [0.416482, 0.158565, 0.340291, 0.0846618], 
              [0.437016, 0.0786021, 0.100487, 0.383895], 
              [0.380414, 0.0632827, 0.0165288, 0.539775], 
              [0.35833, 0.141272, 0.0649738, 0.435424], 
              [0.197158, 0.159063, 0.135887, 0.507892]
            ]
          }, {
            "db": 0,
            "id": "filter14",
            "len": 19,
            "nsites": 19,
            "evalue": "1.0e+000",
            "pwm": [
              [0.352361, 0.148634, 0.32212, 0.176885], 
              [0.412445, 0.187927, 0.168031, 0.231597], 
              [0.0919319, 0.311874, 0.300435, 0.295759], 
              [0.323016, 0.047267, 0.29178, 0.337937], 
              [0.10367, 0.401403, 0.192901, 0.302026], 
              [0.073934, 0.509386, 0.115619, 0.301061], 
              [0.386183, 0.0103613, 0.566832, 0.036623], 
              [0.0600995, 0.698639, 0.00777487, 0.233487], 
              [0.351864, 0.17967, 0.33933, 0.129136], 
              [0.559316, 0.0777986, 0.27892, 0.0839656], 
              [0.0554241, 0.273079, 0.0392094, 0.632288], 
              [0.258654, 0.370366, 0.289194, 0.0817853], 
              [0.151419, 0.16823, 0.397225, 0.283126], 
              [0.220975, 0.310811, 0.105073, 0.363141], 
              [0.185937, 0.247414, 0.337042, 0.229607], 
              [0.180665, 0.164251, 0.306304, 0.34878], 
              [0.223219, 0.32358, 0.104257, 0.348944], 
              [0.184545, 0.200759, 0.259251, 0.355445], 
              [0.201873, 0.276588, 0.28385, 0.237689]
            ]
          }, {
            "db": 0,
            "id": "filter15",
            "len": 19,
            "nsites": 19,
            "evalue": "1.0e+000",
            "pwm": [
              [0.226921, 0.510927, 0.0473665, 0.214785], 
              [0.0932159, 0.85125, 0.0282643, 0.0272697], 
              [0.0129476, 0.87312, 0.0388115, 0.0751204], 
              [0.48367, 0.326497, 0.0710419, 0.118791], 
              [0.133327, 0.241867, 0.570769, 0.0540367], 
              [0.0123508, 0.0046911, 0.931414, 0.0515445], 
              [0.217194, 0.026081, 0.721093, 0.0356317], 
              [0.0203089, 0.266016, 0.524455, 0.18922], 
              [0.841387, 0.0494555, 0.0655707, 0.0435864], 
              [0.883776, 0.0460688, 0.0452731, 0.0248825], 
              [0.490784, 0.377989, 0.0652659, 0.0659621], 
              [0.37166, 0.147241, 0.0433874, 0.437712], 
              [0.107063, 0.743378, 0.0543351, 0.0952241], 
              [0.498094, 0.026178, 0.0820838, 0.393644], 
              [0.0330451, 0.437457, 0.281761, 0.247737], 
              [0.288, 0.032644, 0.0395079, 0.639848], 
              [0.0585079, 0.533209, 0.376335, 0.0319476], 
              [0.40007, 0.182537, 0.101671, 0.315722], 
              [0.0661675, 0.404188, 0.304812, 0.224832]
            ]
          }, {
            "db": 0,
            "id": "filter16",
            "len": 19,
            "nsites": 19,
            "evalue": "1.0e+000",
            "pwm": [
              [0.356639, 0.23677, 0.261639, 0.144953], 
              [0.200341, 0.402855, 0.17269, 0.224114], 
              [0.237641, 0.245599, 0.115596, 0.401164], 
              [0.43234, 0.168827, 0.238859, 0.159974], 
              [0.636565, 0.127047, 0.0982984, 0.138089], 
              [0.484565, 0.127743, 0.166738, 0.220953], 
              [0.0462723, 0.101681, 0.0293613, 0.822686], 
              [0.613089, 0.0464712, 0.168728, 0.171712], 
              [0.649398, 0.0374188, 0.169026, 0.144157], 
              [0.118492, 0.135702, 0.133115, 0.612691], 
              [0.0269738, 0.0202094, 0.258754, 0.694063], 
              [0.482178, 0.365691, 0.131424, 0.0207068], 
              [0.57057, 0.204162, 0.126264, 0.0990045], 
              [0.164351, 0.0779058, 0.0696492, 0.688094], 
              [0.0763141, 0.785382, 0.0944188, 0.0438848], 
              [0.445228, 0.033735, 0.419068, 0.101969], 
              [0.102079, 0.520775, 0.196681, 0.180466], 
              [0.0979005, 0.373251, 0.237565, 0.291283], 
              [0.131026, 0.223141, 0.52545, 0.120382]
            ]
          }, {
            "db": 0,
            "id": "filter17",
            "len": 19,
            "nsites": 19,
            "evalue": "1.0e+000",
            "pwm": [
              [0.28611, 0.0506492, 0.282628, 0.380613], 
              [0.187908, 0.135887, 0.224014, 0.452191], 
              [0.0697418, 0.0316462, 0.874426, 0.0241862], 
              [0.100696, 0.524607, 0.351004, 0.0236933], 
              [0.0512461, 0.253979, 0.0245864, 0.670188], 
              [0.226302, 0.239929, 0.456965, 0.076804], 
              [0.880581, 0.0693508, 0.0206073, 0.0294607], 
              [0.00369634, 0.0784031, 0.912613, 0.00528796], 
              [0.00916675, 0.610243, 0.0543245, 0.326266], 
              [0.309319, 0.335285, 0.0929359, 0.262461], 
              [0.423188, 0.112424, 0.391455, 0.0729319], 
              [0.174099, 0.0989948, 0.595084, 0.131822], 
              [0.0670563, 0.713091, 0.150409, 0.0694434], 
              [0.264995, 0.298117, 0.236149, 0.200739], 
              [0.276759, 0.451539, 0.0824817, 0.18922], 
              [0.202948, 0.218366, 0.17977, 0.398916], 
              [0.221948, 0.381806, 0.110534, 0.285712], 
              [0.170302, 0.254948, 0.198352, 0.376397], 
              [0.0834764, 0.657257, 0.0794974, 0.17977]
            ]
          }, {
            "db": 0,
            "id": "filter18",
            "len": 19,
            "nsites": 19,
            "evalue": "1.0e+000",
            "pwm": [
              [0.140277, 0.0835759, 0.0700471, 0.706099], 
              [0.150111, 0.0788928, 0.7115, 0.0594968], 
              [0.104366, 0.565241, 0.276958, 0.0534346], 
              [0.228911, 0.00578534, 0.695555, 0.0697487], 
              [0.632188, 0.189021, 0.019911, 0.15888], 
              [0.0778981, 0.0474614, 0.0451736, 0.829467], 
              [0.865076, 0.0111561, 0.0272697, 0.0964983], 
              [0.0331414, 0.428958, 0.0990942, 0.438806], 
              [0.247438, 0.543609, 0.0576182, 0.151334], 
              [0.129335, 0.214387, 0.604037, 0.0522408], 
              [0.111031, 0.307298, 0.138487, 0.443183], 
              [0.685974, 0.162875, 0.099502, 0.051649], 
              [0.477204, 0.181859, 0.175393, 0.165545], 
              [0.117298, 0.473723, 0.298047, 0.110932], 
              [0.130031, 0.14923, 0.623832, 0.0969058], 
              [0.175211, 0.315487, 0.197198, 0.312104], 
              [0.18733, 0.155895, 0.389168, 0.267607], 
              [0.159377, 0.491728, 0.183948, 0.164948], 
              [0.184843, 0.285911, 0.344801, 0.184445]
            ]
          }, {
            "db": 0,
            "id": "filter19",
            "len": 19,
            "nsites": 19,
            "evalue": "1.0e+000",
            "pwm": [
              [0.0918325, 0.47611, 0.337937, 0.0941204], 
              [0.165445, 0.316152, 0.144754, 0.373649], 
              [0.195487, 0.314958, 0.243832, 0.245723], 
              [0.186932, 0.116702, 0.31834, 0.378026], 
              [0.174082, 0.029259, 0.455871, 0.340788], 
              [0.236073, 0.0125497, 0.647806, 0.103571], 
              [0.28034, 0.103869, 0.446366, 0.169424], 
              [0.117995, 0.44756, 0.0540314, 0.380414], 
              [0.189319, 0.609707, 0.0720366, 0.128937], 
              [0.338003, 0.471984, 0.0792906, 0.110722], 
              [0.447804, 0.172724, 0.0768191, 0.302653], 
              [0.366586, 0.188026, 0.0734293, 0.371958], 
              [0.0860544, 0.0763066, 0.822703, 0.0149358], 
              [0.40196, 0.0954042, 0.244306, 0.25833], 
              [0.167037, 0.219461, 0.270293, 0.343209], 
              [0.00568586, 0.871529, 0.0391099, 0.0836754], 
              [0.576723, 0.0674541, 0.144342, 0.211482], 
              [0.22849, 0.417278, 0.197357, 0.156874], 
              [0.306702, 0.0793979, 0.439602, 0.174298]
            ]
          }, {
            "db": 0,
            "id": "filter2",
            "len": 19,
            "nsites": 19,
            "evalue": "1.0e+000",
            "pwm": [
              [0.118592, 0.36201, 0.228911, 0.290487], 
              [0.217294, 0.143276, 0.320959, 0.318472], 
              [0.220157, 0.290586, 0.115707, 0.37355], 
              [0.133115, 0.194194, 0.247314, 0.425377], 
              [0.157387, 0.217272, 0.553304, 0.0720366], 
              [0.334721, 0.297122, 0.0387083, 0.329449], 
              [0.0163298, 0.59389, 0.346094, 0.0436859], 
              [0.534304, 0.0460733, 0.0272723, 0.392351], 
              [0.047267, 0.32988, 0.213492, 0.409361], 
              [0.781105, 0.0970052, 0.115707, 0.00618325], 
              [0.0226963, 0.0949162, 0.00946597, 0.872921], 
              [0.116392, 0.159858, 0.627053, 0.0966973], 
              [0.762602, 0.0322461, 0.142267, 0.0628848], 
              [0.00996422, 0.170436, 0.364036, 0.455564], 
              [0.116304, 0.166141, 0.342712, 0.374843], 
              [0.262534, 0.104963, 0.097801, 0.534702], 
              [0.142054, 0.225109, 0.460347, 0.172491], 
              [0.272455, 0.161748, 0.217052, 0.348745], 
              [0.179173, 0.399812, 0.176089, 0.244927]
            ]
          }, {
            "db": 0,
            "id": "filter20",
            "len": 19,
            "nsites": 19,
            "evalue": "1.0e+000",
            "pwm": [
              [0.167037, 0.219461, 0.264225, 0.349277], 
              [0.126052, 0.407969, 0.319932, 0.146047], 
              [0.205911, 0.141756, 0.414692, 0.237641], 
              [0.159094, 0.431985, 0.125866, 0.283054], 
              [0.181361, 0.324508, 0.40001, 0.0941204], 
              [0.287176, 0.334422, 0.136981, 0.241421], 
              [0.214288, 0.245126, 0.359424, 0.181162], 
              [0.397424, 0.151618, 0.323513, 0.127445], 
              [0.0943194, 0.105958, 0.150424, 0.649298], 
              [0.349476, 0.227319, 0.388471, 0.034733], 
              [0.0774084, 0.0222984, 0.0847696, 0.815524], 
              [0.0371204, 0.603838, 0.0634817, 0.29556], 
              [0.135602, 0.00886911, 0.668099, 0.187429], 
              [0.0132461, 0.86377, 0.00906806, 0.113916], 
              [0.149031, 0.0106597, 0.831042, 0.00926702], 
              [0.109429, 0.603877, 0.00737636, 0.279318], 
              [0.418513, 0.0731309, 0.484366, 0.0239895], 
              [0.749447, 0.13472, 0.0144411, 0.101392], 
              [0.0190157, 0.507147, 0.211801, 0.262037]
            ]
          }, {
            "db": 0,
            "id": "filter21",
            "len": 19,
            "nsites": 19,
            "evalue": "1.0e+000",
            "pwm": [
              [0.383497, 0.145351, 0.221052, 0.250099], 
              [0.151419, 0.212099, 0.396927, 0.239555], 
              [0.160869, 0.273377, 0.51411, 0.051644], 
              [0.180466, 0.29556, 0.452932, 0.0710419], 
              [0.0885497, 0.113618, 0.205037, 0.592796], 
              [0.139283, 0.125555, 0.278251, 0.456911], 
              [0.762427, 0.061884, 0.0997807, 0.0759088], 
              [0.0245887, 0.0937318, 0.0751278, 0.806552], 
              [0.014839, 0.0215046, 0.111639, 0.852017], 
              [0.311178, 0.587126, 0.0403037, 0.0613927], 
              [0.54445, 0.176089, 0.0744241, 0.205037], 
              [0.024089, 0.00956545, 0.881874, 0.0844712], 
              [0.0688534, 0.832634, 0.0900419, 0.0084712], 
              [0.814728, 0.0163298, 0.13789, 0.0310524], 
              [0.563251, 0.0382147, 0.139183, 0.259351], 
              [0.161168, 0.120283, 0.207524, 0.511026], 
              [0.268575, 0.122459, 0.082573, 0.526393], 
              [0.159691, 0.310413, 0.160587, 0.369309], 
              [0.109628, 0.434386, 0.161549, 0.294437]
            ]
          }, {
            "db": 0,
            "id": "filter22",
            "len": 19,
            "nsites": 19,
            "evalue": "1.0e+000",
            "pwm": [
              [0.174913, 0.366623, 0.164168, 0.294296], 
              [0.0144398, 0.902764, 0.0567173, 0.0260785], 
              [0.0503508, 0.854717, 0.0656702, 0.0292618], 
              [0.185819, 0.035028, 0.0479587, 0.731194], 
              [0.0625925, 0.00668117, 0.0755257, 0.855201], 
              [0.674896, 0.125841, 0.109727, 0.0895357], 
              [0.0121529, 0.774418, 0.00508938, 0.20834], 
              [0.635833, 0.223661, 0.0602048, 0.0803011], 
              [0.333958, 0.0415969, 0.0159319, 0.608513], 
              [0.0687607, 0.0607023, 0.743278, 0.127259], 
              [0.140775, 0.0124503, 0.836513, 0.0102618], 
              [0.162544, 0.194473, 0.18204, 0.460944], 
              [0.743403, 0.128141, 0.0288639, 0.0995916], 
              [0.805178, 0.0286649, 0.0776073, 0.0885497], 
              [0.0734293, 0.0289634, 0.815723, 0.0818848], 
              [0.107649, 0.0122513, 0.843277, 0.036822], 
              [0.46601, 0.0939307, 0.252512, 0.187547], 
              [0.487897, 0.215105, 0.129945, 0.167053], 
              [0.224634, 0.125853, 0.227021, 0.422492]
            ]
          }, {
            "db": 0,
            "id": "filter23",
            "len": 19,
            "nsites": 19,
            "evalue": "1.0e+000",
            "pwm": [
              [0.0811965, 0.542813, 0.113231, 0.262759], 
              [0.466262, 0.141073, 0.305408, 0.0872565], 
              [0.274101, 0.317875, 0.26256, 0.145465], 
              [0.202052, 0.268105, 0.17589, 0.353953], 
              [0.454325, 0.111927, 0.267209, 0.166539], 
              [0.23667, 0.627414, 0.0507487, 0.0851675], 
              [0.0746304, 0.336777, 0.235997, 0.352595], 
              [0.722187, 0.0423968, 0.184065, 0.0513506], 
              [0.475068, 0.0120513, 0.0457704, 0.46711], 
              [0.0164293, 0.553304, 0.00827225, 0.421995], 
              [0.0332408, 0.496204, 0.0383141, 0.432241], 
              [0.252561, 0.00767476, 0.726022, 0.0137422], 
              [0.687, 0.00538743, 0.302822, 0.00479058], 
              [0.00837243, 0.197795, 0.00946678, 0.784366], 
              [0.0350348, 0.658218, 0.0597074, 0.24704], 
              [0.19489, 0.101183, 0.699435, 0.00449215], 
              [0.142267, 0.00767539, 0.84467, 0.00538743], 
              [0.312142, 0.550066, 0.0299553, 0.107838], 
              [0.0667644, 0.382304, 0.315853, 0.235079]
            ]
          }, {
            "db": 0,
            "id": "filter24",
            "len": 19,
            "nsites": 19,
            "evalue": "1.0e+000",
            "pwm": [
              [0.123963, 0.125754, 0.248906, 0.501377], 
              [0.112325, 0.600356, 0.137492, 0.149827], 
              [0.0097644, 0.607916, 0.369073, 0.0132461], 
              [0.235079, 0.443382, 0.259052, 0.0624869], 
              [0.745268, 0.0370245, 0.0433916, 0.174316], 
              [0.20635, 0.037323, 0.00956627, 0.74676], 
              [0.0188185, 0.104874, 0.22774, 0.648567], 
              [0.0692513, 0.194592, 0.70212, 0.0340366], 
              [0.0266754, 0.655168, 0.25756, 0.0605969], 
              [0.226026, 0.16256, 0.546042, 0.0653717], 
              [0.889534, 0.0697487, 0.00528796, 0.0354293], 
              [0.196979, 0.126351, 0.0993927, 0.577277], 
              [0.0110566, 0.281705, 0.0493512, 0.657887], 
              [0.0102618, 0.607419, 0.337241, 0.0450785], 
              [0.542461, 0.0539319, 0.312471, 0.0911361], 
              [0.392511, 0.260121, 0.104157, 0.243211], 
              [0.27089, 0.159377, 0.0610942, 0.508639], 
              [0.30123, 0.226723, 0.244927, 0.22712], 
              [0.161068, 0.178277, 0.456812, 0.203843]
            ]
          }, {
            "db": 0,
            "id": "filter25",
            "len": 19,
            "nsites": 19,
            "evalue": "1.0e+000",
            "pwm": [
              [0.14545, 0.307995, 0.277754, 0.268801], 
              [0.220555, 0.263031, 0.264026, 0.252387], 
              [0.17551, 0.0811965, 0.175311, 0.567983], 
              [0.148335, 0.0849686, 0.555791, 0.210906], 
              [0.393942, 0.213791, 0.214785, 0.177482], 
              [0.475414, 0.134309, 0.133314, 0.256963], 
              [0.0277696, 0.280639, 0.0861623, 0.605429], 
              [0.0325445, 0.312471, 0.156094, 0.49889], 
              [0.946335, 0.0150366, 0.0266754, 0.0119529], 
              [0.0114555, 0.579963, 0.0869581, 0.321623], 
              [0.685707, 0.0716387, 0.192304, 0.0503508], 
              [0.0185183, 0.616869, 0.017623, 0.34699], 
              [0.32212, 0.0984974, 0.553901, 0.0254817], 
              [0.0502513, 0.303021, 0.117, 0.529728], 
              [0.193796, 0.256565, 0.466859, 0.0827801], 
              [0.109727, 0.23983, 0.207105, 0.443338], 
              [0.201953, 0.301728, 0.331173, 0.165147], 
              [0.21001, 0.270293, 0.207325, 0.312372], 
              [0.324142, 0.312204, 0.223462, 0.140192]
            ]
          }, {
            "db": 0,
            "id": "filter26",
            "len": 19,
            "nsites": 19,
            "evalue": "1.0e+000",
            "pwm": [
              [0.292079, 0.276361, 0.151717, 0.279843], 
              [0.272581, 0.250199, 0.10755, 0.36967], 
              [0.258555, 0.186236, 0.427864, 0.127346], 
              [0.313199, 0.151931, 0.109451, 0.425419], 
              [0.0720366, 0.420503, 0.397126, 0.110335], 
              [0.146331, 0.135091, 0.0560155, 0.662562], 
              [0.131238, 0.503118, 0.0572203, 0.308423], 
              [0.358167, 0.0181221, 0.495159, 0.128552], 
              [0.35445, 0.00817277, 0.593194, 0.0441832], 
              [0.0304526, 0.732487, 0.225208, 0.0118523], 
              [0.181162, 0.0561204, 0.0986963, 0.664021], 
              [0.0722356, 0.62433, 0.176188, 0.127246], 
              [0.680204, 0.0178236, 0.18506, 0.116912], 
              [0.0676597, 0.121476, 0.29188, 0.518984], 
              [0.200162, 0.417419, 0.23856, 0.143859], 
              [0.272979, 0.0771099, 0.428361, 0.22155], 
              [0.164152, 0.278948, 0.209215, 0.347686], 
              [0.25955, 0.294864, 0.237267, 0.208319], 
              [0.289492, 0.157188, 0.246618, 0.306702]
            ]
          }, {
            "db": 0,
            "id": "filter27",
            "len": 19,
            "nsites": 19,
            "evalue": "1.0e+000",
            "pwm": [
              [0.519633, 0.15412, 0.148051, 0.178196], 
              [0.135602, 0.42289, 0.157984, 0.283524], 
              [0.599859, 0.10377, 0.0813874, 0.214984], 
              [0.095712, 0.10745, 0.242937, 0.553901], 
              [0.0492565, 0.16455, 0.0365236, 0.74967], 
              [0.041199, 0.00777487, 0.942058, 0.00896859], 
              [0.0283692, 0.653144, 0.00608425, 0.312403], 
              [0.43433, 0.0520419, 0.389764, 0.123864], 
              [0.112524, 0.56544, 0.143361, 0.178675], 
              [0.810332, 0.0811965, 0.0613987, 0.0470726], 
              [0.275366, 0.383298, 0.130131, 0.211204], 
              [0.198571, 0.311079, 0.124461, 0.36589], 
              [0.267408, 0.115309, 0.164749, 0.452534], 
              [0.463921, 0.122981, 0.153722, 0.259377], 
              [0.283026, 0.072534, 0.361613, 0.282827], 
              [0.123653, 0.445228, 0.145834, 0.285286], 
              [0.382663, 0.292248, 0.228689, 0.0963989], 
              [0.400408, 0.299241, 0.098, 0.202351], 
              [0.328653, 0.141557, 0.184029, 0.345761]
            ]
          }, {
            "db": 0,
            "id": "filter28",
            "len": 19,
            "nsites": 19,
            "evalue": "1.0e+000",
            "pwm": [
              [0.505902, 0.224313, 0.0954042, 0.174381], 
              [0.0774084, 0.0364241, 0.430948, 0.45522], 
              [0.404944, 0.449704, 0.0700402, 0.075312], 
              [0.329847, 0.0371168, 0.0239873, 0.609049], 
              [0.16135, 0.0359232, 0.710704, 0.0920223], 
              [0.608016, 0.261639, 0.0456754, 0.0846702], 
              [0.402796, 0.145251, 0.35634, 0.0956126], 
              [0.0969153, 0.151235, 0.05533, 0.69652], 
              [0.127432, 0.255545, 0.00896782, 0.608055], 
              [0.502869, 0.0141414, 0.253084, 0.229906], 
              [0.380774, 0.0599941, 0.098985, 0.460247], 
              [0.397325, 0.22344, 0.225927, 0.153309], 
              [0.186236, 0.126351, 0.0253822, 0.662031], 
              [0.284447, 0.209932, 0.0971143, 0.408507], 
              [0.760513, 0.0626859, 0.0455759, 0.131225], 
              [0.37166, 0.214984, 0.0768115, 0.336545], 
              [0.609508, 0.0960105, 0.0395079, 0.254974], 
              [0.431147, 0.184346, 0.11133, 0.273178], 
              [0.225506, 0.122061, 0.162743, 0.489689]
            ]
          }, {
            "db": 0,
            "id": "filter29",
            "len": 19,
            "nsites": 19,
            "evalue": "1.0e+000",
            "pwm": [
              [0.0862618, 0.243335, 0.0528377, 0.617565], 
              [0.115607, 0.0352304, 0.772351, 0.0768115], 
              [0.289492, 0.606026, 0.0749215, 0.0295602], 
              [0.00767539, 0.667403, 0.057911, 0.26701], 
              [0.0435864, 0.00857068, 0.931712, 0.0161309], 
              [0.297052, 0.173702, 0.188126, 0.34112], 
              [0.0321466, 0.906047, 0.0102618, 0.0515445], 
              [0.52177, 0.106654, 0.352162, 0.0194136], 
              [0.0204084, 0.0588063, 0.597073, 0.323712], 
              [0.0574136, 0.87123, 0.0248848, 0.0464712], 
              [0.491429, 0.0924293, 0.368874, 0.047267], 
              [0.425974, 0.0913351, 0.317743, 0.164948], 
              [0.277654, 0.150424, 0.106953, 0.464969], 
              [0.295262, 0.0798953, 0.0733298, 0.551513], 
              [0.307597, 0.0528377, 0.143859, 0.495707], 
              [0.320131, 0.115209, 0.172607, 0.392052], 
              [0.259524, 0.196164, 0.225307, 0.319005], 
              [0.20645, 0.310413, 0.27818, 0.204958], 
              [0.249677, 0.171596, 0.326564, 0.252163]
            ]
          }, {
            "db": 0,
            "id": "filter3",
            "len": 19,
            "nsites": 19,
            "evalue": "1.0e+000",
            "pwm": [
              [0.499089, 0.103372, 0.218665, 0.178874], 
              [0.494861, 0.328221, 0.0830867, 0.0938312], 
              [0.0781124, 0.413183, 0.487797, 0.0209077], 
              [0.3759, 0.0207049, 0.417477, 0.185919], 
              [0.364199, 0.408764, 0.074822, 0.152215], 
              [0.0462767, 0.548285, 0.370005, 0.0354327], 
              [0.296824, 0.0347296, 0.610442, 0.0580048], 
              [0.0665654, 0.14545, 0.0627853, 0.725199], 
              [0.117497, 0.178576, 0.485958, 0.217969], 
              [0.507096, 0.0904309, 0.198451, 0.204022], 
              [0.0319446, 0.87373, 0.0526336, 0.0416923], 
              [0.0473665, 0.0320471, 0.848948, 0.0716387], 
              [0.0561204, 0.351963, 0.128639, 0.463277], 
              [0.579707, 0.171596, 0.146033, 0.102665], 
              [0.319403, 0.517441, 0.0607899, 0.102367], 
              [0.116105, 0.347188, 0.333759, 0.202948], 
              [0.261068, 0.310015, 0.161979, 0.266938], 
              [0.260968, 0.231122, 0.337274, 0.170635], 
              [0.388571, 0.211801, 0.182356, 0.217272]
            ]
          }, {
            "db": 0,
            "id": "filter4",
            "len": 19,
            "nsites": 19,
            "evalue": "1.0e+000",
            "pwm": [
              [0.267707, 0.25199, 0.159178, 0.321126], 
              [0.158895, 0.160487, 0.23361, 0.447008], 
              [0.252362, 0.463729, 0.186018, 0.0978909], 
              [0.411649, 0.209314, 0.339628, 0.0394084], 
              [0.155298, 0.0905393, 0.139084, 0.615079], 
              [0.385586, 0.292277, 0.23299, 0.0891466], 
              [0.754967, 0.0540261, 0.0771024, 0.113905], 
              [0.0872565, 0.156393, 0.576681, 0.17967], 
              [0.40399, 0.169623, 0.13212, 0.294267], 
              [0.130317, 0.538328, 0.302991, 0.0283638], 
              [0.030555, 0.101084, 0.00956545, 0.858796], 
              [0.0413979, 0.642832, 0.220853, 0.0949162], 
              [0.526445, 0.224037, 0.045178, 0.20434], 
              [0.00877038, 0.468596, 0.329415, 0.193218], 
              [0.059409, 0.331703, 0.191129, 0.417759], 
              [0.159079, 0.38678, 0.285513, 0.168628], 
              [0.267879, 0.207105, 0.161251, 0.363765], 
              [0.0926283, 0.271288, 0.455717, 0.180366], 
              [0.332731, 0.195269, 0.247687, 0.224313]
            ]
          }, {
            "db": 0,
            "id": "filter5",
            "len": 19,
            "nsites": 19,
            "evalue": "1.0e+000",
            "pwm": [
              [0.342613, 0.289791, 0.0970052, 0.270592], 
              [0.0913351, 0.456911, 0.19877, 0.252984], 
              [0.362309, 0.0327435, 0.461686, 0.143262], 
              [0.349974, 0.0856649, 0.426372, 0.13799], 
              [0.0490528, 0.231474, 0.0119518, 0.707521], 
              [0.0360262, 0.356141, 0.512419, 0.0954136], 
              [0.79334, 0.00727749, 0.134906, 0.0644764], 
              [0.200341, 0.201435, 0.101074, 0.497149], 
              [0.059011, 0.213613, 0.0768191, 0.650557], 
              [0.443526, 0.0912446, 0.385625, 0.0796047], 
              [0.305408, 0.0742251, 0.300136, 0.32023], 
              [0.194393, 0.191806, 0.160272, 0.453529], 
              [0.201833, 0.22302, 0.255744, 0.319403], 
              [0.366586, 0.140974, 0.189618, 0.302822], 
              [0.237764, 0.174796, 0.181262, 0.406178], 
              [0.278025, 0.240327, 0.25097, 0.230679], 
              [0.255073, 0.127743, 0.459796, 0.157387], 
              [0.26522, 0.296058, 0.226026, 0.212696], 
              [0.217073, 0.306801, 0.289094, 0.187031]
            ]
          }, {
            "db": 0,
            "id": "filter6",
            "len": 19,
            "nsites": 19,
            "evalue": "1.0e+000",
            "pwm": [
              [0.0994823, 0.224213, 0.449505, 0.226799], 
              [0.183034, 0.374607, 0.290359, 0.152001], 
              [0.267932, 0.190532, 0.221572, 0.319964], 
              [0.218488, 0.228237, 0.436164, 0.117111], 
              [0.354187, 0.0775155, 0.141983, 0.426315], 
              [0.0483613, 0.269895, 0.635372, 0.0463717], 
              [0.562654, 0.228812, 0.0705445, 0.13799], 
              [0.133115, 0.102874, 0.377827, 0.386183], 
              [0.028267, 0.274471, 0.00687958, 0.690382], 
              [0.316948, 0.102576, 0.459099, 0.121377], 
              [0.816021, 0.0517435, 0.101183, 0.0310524], 
              [0.0981092, 0.566889, 0.216697, 0.118305], 
              [0.176785, 0.496304, 0.0628848, 0.264026], 
              [0.152001, 0.66674, 0.0372163, 0.144043], 
              [0.548529, 0.211801, 0.013644, 0.226026], 
              [0.549966, 0.129024, 0.126139, 0.194871], 
              [0.244529, 0.0862618, 0.143461, 0.525749], 
              [0.21389, 0.180466, 0.391654, 0.21399], 
              [0.262335, 0.219162, 0.234581, 0.283921]
            ]
          }, {
            "db": 0,
            "id": "filter7",
            "len": 19,
            "nsites": 19,
            "evalue": "1.0e+000",
            "pwm": [
              [0.247588, 0.328454, 0.247389, 0.176569], 
              [0.267183, 0.229485, 0.338401, 0.164931], 
              [0.21578, 0.307398, 0.328188, 0.148634], 
              [0.0762147, 0.422691, 0.306801, 0.194293], 
              [0.244429, 0.0927277, 0.438607, 0.224236], 
              [0.0987861, 0.205713, 0.303787, 0.391715], 
              [0.244529, 0.181461, 0.429654, 0.144356], 
              [0.332168, 0.259848, 0.187131, 0.220853], 
              [0.128539, 0.370068, 0.476209, 0.0251832], 
              [0.283424, 0.064377, 0.382702, 0.269497], 
              [0.23361, 0.32852, 0.345532, 0.0923389], 
              [0.154985, 0.153393, 0.210487, 0.481135], 
              [0.0716387, 0.165047, 0.564545, 0.19877], 
              [0.543058, 0.154503, 0.139382, 0.163058], 
              [0.00857068, 0.412545, 0.545644, 0.0332408], 
              [0.323613, 0.011555, 0.200859, 0.463974], 
              [0.15689, 0.290686, 0.0830785, 0.469346], 
              [0.306572, 0.120868, 0.494066, 0.0784949], 
              [0.519681, 0.205832, 0.0730314, 0.201455]
            ]
          }, {
            "db": 0,
            "id": "filter8",
            "len": 19,
            "nsites": 19,
            "evalue": "1.0e+000",
            "pwm": [
              [0.279843, 0.286508, 0.264623, 0.169026], 
              [0.275168, 0.258157, 0.265021, 0.201654], 
              [0.156691, 0.525152, 0.102974, 0.215183], 
              [0.250696, 0.115408, 0.527241, 0.106654], 
              [0.145237, 0.406436, 0.0903314, 0.357996], 
              [0.123764, 0.273377, 0.558974, 0.0438848], 
              [0.384592, 0.18544, 0.108644, 0.321325], 
              [0.184246, 0.224733, 0.580361, 0.0106597], 
              [0.0272723, 0.285812, 0.0267749, 0.660141], 
              [0.186354, 0.164268, 0.301459, 0.347919], 
              [0.722215, 0.12088, 0.12844, 0.028466], 
              [0.00837173, 0.273079, 0.262534, 0.456016], 
