MEME version 4

ALPHABET= ACGT

Background letter frequencies:
A 0.2500 C 0.2500 G 0.2500 T 0.2500 

MOTIF filter0 
letter-probability matrix: alength= 4 w= 10 nsites= 10 
0.4675 0.2048 0.1808 0.1469 
0.3285 0.3483 0.1944 0.1288 
0.5608 0.1745 0.1021 0.1627 
0.0136 0.0065 0.8853 0.0947 
0.6817 0.0000 0.3165 0.0018 
0.4531 0.0000 0.0000 0.5469 
0.8543 0.0029 0.0000 0.1428 
0.5251 0.0715 0.3319 0.0715 
0.3173 0.1934 0.2380 0.2513 
0.3223 0.2016 0.2299 0.2462 

MOTIF filter1 
letter-probability matrix: alength= 4 w= 11 nsites= 11 
0.2724 0.2803 0.1929 0.2544 
0.4265 0.0985 0.3305 0.1446 
0.2436 0.3762 0.1787 0.2015 
0.1162 0.0554 0.1097 0.7188 
0.0570 0.0094 0.1661 0.7675 
0.1168 0.4808 0.4015 0.0009 
0.0221 0.9779 0.0000 0.0000 
0.0000 0.0022 0.7723 0.2255 
0.0105 0.2937 0.6006 0.0951 
0.2346 0.2818 0.2694 0.2142 
0.2318 0.2607 0.2782 0.2293 

MOTIF filter2 
letter-probability matrix: alength= 4 w= 14 nsites= 14 
0.2671 0.2464 0.2185 0.2680 
0.2472 0.2450 0.2194 0.2883 
0.2573 0.2567 0.2227 0.2632 
0.1148 0.7649 0.1203 0.0000 
0.0901 0.1276 0.0296 0.7527 
0.0119 0.2086 0.5255 0.2540 
0.8858 0.0772 0.0000 0.0370 
0.0184 0.5407 0.4249 0.0159 
0.0231 0.5429 0.0017 0.4322 
0.3561 0.2548 0.0000 0.3891 
0.7010 0.0271 0.0963 0.1756 
0.3089 0.0520 0.4280 0.2111 
0.2622 0.2294 0.2643 0.2441 
0.2765 0.2481 0.2175 0.2579 

MOTIF filter3 
letter-probability matrix: alength= 4 w= 11 nsites= 11 
0.1817 0.2921 0.3586 0.1676 
0.2789 0.3493 0.3223 0.0495 
0.1498 0.1275 0.4446 0.2781 
0.2300 0.0670 0.7030 0.0000 
0.0001 0.0360 0.9638 0.0000 
0.2493 0.3576 0.3554 0.0377 
0.0605 0.1719 0.6605 0.1071 
0.0391 0.1865 0.6791 0.0953 
0.1570 0.3365 0.3386 0.1680 
0.1700 0.3297 0.4029 0.0975 
0.2073 0.2559 0.3671 0.1697 

MOTIF filter4 
letter-probability matrix: alength= 4 w= 9 nsites= 9 
0.3582 0.1931 0.3014 0.1473 
0.5735 0.0857 0.2181 0.1226 
0.0314 0.3839 0.5724 0.0123 
0.0000 0.0000 0.0000 1.0000 
0.0544 0.9456 0.0000 0.0000 
0.9827 0.0134 0.0039 0.0000 
0.0000 0.1882 0.6034 0.2084 
0.1247 0.5054 0.2393 0.1306 
0.2979 0.2708 0.1849 0.2465 

MOTIF filter5 
letter-probability matrix: alength= 4 w= 9 nsites= 9 
0.0575 0.1929 0.5455 0.2042 
0.3576 0.0749 0.5120 0.0555 
0.4745 0.2377 0.2434 0.0444 
0.0578 0.0000 0.0000 0.9422 
0.0000 0.1454 0.8546 0.0000 
0.8730 0.0000 0.1270 0.0000 
0.0204 0.4698 0.0431 0.4668 
0.4499 0.0672 0.1054 0.3776 
0.2311 0.2181 0.2754 0.2753 

MOTIF filter6 
letter-probability matrix: alength= 4 w= 15 nsites= 15 
0.3141 0.1973 0.2097 0.2790 
0.3052 0.1910 0.1870 0.3167 
0.2674 0.2572 0.1877 0.2876 
0.0943 0.1265 0.0433 0.7359 
0.3380 0.3351 0.0757 0.2512 
0.5573 0.0127 0.2219 0.2081 
0.1954 0.0000 0.7283 0.0762 
0.0000 0.9590 0.0119 0.0291 
0.8994 0.0000 0.0639 0.0367 
0.3761 0.1815 0.1421 0.3003 
0.4092 0.0089 0.0387 0.5432 
0.3017 0.0290 0.0028 0.6665 
0.2592 0.2005 0.2144 0.3259 
0.2740 0.2119 0.2105 0.3036 
0.2860 0.2086 0.2064 0.2990 

MOTIF filter7 
letter-probability matrix: alength= 4 w= 9 nsites= 9 
0.2975 0.2917 0.3875 0.0233 
0.0779 0.6402 0.1261 0.1558 
0.1971 0.5958 0.0082 0.1990 
0.1997 0.0492 0.7475 0.0036 
0.0219 0.0036 0.9709 0.0036 
0.0445 0.9555 0.0000 0.0000 
0.5247 0.2413 0.1227 0.1114 
0.1444 0.1993 0.5973 0.0591 
0.2128 0.3128 0.2970 0.1774 

MOTIF filter8 
letter-probability matrix: alength= 4 w= 9 nsites= 9 
0.2501 0.2770 0.2483 0.2246 
0.1746 0.4268 0.1501 0.2486 
0.4621 0.0154 0.4908 0.0317 
0.0000 0.7301 0.0260 0.2439 
0.7293 0.0165 0.2043 0.0499 
0.8623 0.0000 0.0003 0.1374 
0.0000 0.5585 0.4385 0.0030 
0.4051 0.2894 0.1571 0.1483 
0.1264 0.4857 0.2288 0.1591 

MOTIF filter9 
letter-probability matrix: alength= 4 w= 9 nsites= 9 
0.5655 0.0270 0.1392 0.2684 
0.0442 0.3370 0.3687 0.2500 
0.5159 0.1073 0.1117 0.2651 
0.0171 0.0602 0.0243 0.8985 
0.0513 0.0000 0.1290 0.8197 
0.0000 0.0000 1.0000 0.0000 
0.0000 0.6726 0.3191 0.0083 
0.3243 0.2415 0.1481 0.2862 
0.2417 0.2285 0.2535 0.2763 

MOTIF filter10 
letter-probability matrix: alength= 4 w= 13 nsites= 13 
0.2706 0.2291 0.2285 0.2717 
0.2463 0.2225 0.2592 0.2720 
0.0886 0.5929 0.2548 0.0637 
0.0000 0.8709 0.0126 0.1166 
0.5570 0.1322 0.0200 0.2908 
0.7129 0.2580 0.0266 0.0025 
0.0243 0.0290 0.3399 0.6068 
0.3947 0.0270 0.0218 0.5565 
0.0929 0.0010 0.9061 0.0000 
0.0239 0.1570 0.7184 0.1007 
0.3553 0.2866 0.1176 0.2405 
0.2752 0.2277 0.2288 0.2682 
0.2649 0.2254 0.2633 0.2464 

MOTIF filter11 
letter-probability matrix: alength= 4 w= 11 nsites= 11 
0.2813 0.2020 0.2189 0.2978 
0.2555 0.2423 0.2007 0.3016 
0.3523 0.0481 0.0937 0.5060 
0.0000 0.3012 0.0000 0.6988 
0.0077 0.1906 0.0063 0.7954 
0.4925 0.0005 0.4100 0.0970 
0.2412 0.0000 0.7588 0.0000 
0.0666 0.0678 0.0554 0.8102 
0.1391 0.2757 0.2898 0.2954 
0.3422 0.1422 0.3707 0.1450 
0.2080 0.1947 0.4396 0.1578 

MOTIF filter12 
letter-probability matrix: alength= 4 w= 11 nsites= 11 
0.3545 0.0959 0.1582 0.3913 
0.1635 0.3186 0.2763 0.2416 
0.2689 0.1570 0.0000 0.5741 
0.0000 0.0000 1.0000 0.0000 
0.1003 0.8341 0.0000 0.0656 
0.0529 0.1204 0.0000 0.8267 
0.4141 0.0082 0.4989 0.0788 
0.8545 0.0000 0.1384 0.0070 
0.0992 0.3076 0.4443 0.1489 
0.3040 0.2128 0.1954 0.2878 
0.2446 0.2298 0.2353 0.2902 

MOTIF filter13 
letter-probability matrix: alength= 4 w= 10 nsites= 10 
0.2386 0.2956 0.1556 0.3102 
0.2162 0.3845 0.1785 0.2209 
0.1625 0.2487 0.0339 0.5548 
0.2564 0.0419 0.0000 0.7018 
1.0000 0.0000 0.0000 0.0000 
0.0027 0.0437 0.0038 0.9498 
0.2566 0.6921 0.0047 0.0466 
0.4071 0.1013 0.0578 0.4337 
0.2573 0.2315 0.2254 0.2859 
0.2930 0.2192 0.1764 0.3114 

MOTIF filter14 
letter-probability matrix: alength= 4 w= 11 nsites= 11 
0.1623 0.3823 0.2662 0.1893 
0.1692 0.3481 0.2721 0.2106 
0.1119 0.2920 0.4071 0.1890 
0.0676 0.7650 0.1320 0.0354 
0.0337 0.6812 0.2719 0.0131 
0.0290 0.0542 0.6434 0.2734 
0.0000 0.9655 0.0294 0.0051 
0.0000 0.7016 0.0768 0.2216 
0.2914 0.4394 0.1664 0.1028 
0.1488 0.4052 0.1905 0.2555 
0.1696 0.3444 0.3047 0.1814 

MOTIF filter15 
letter-probability matrix: alength= 4 w= 15 nsites= 15 
0.2549 0.2340 0.2273 0.2838 
0.2704 0.2321 0.2411 0.2564 
0.2083 0.3593 0.2174 0.2150 
0.0006 0.0027 0.0000 0.9967 
0.0000 0.0000 1.0000 0.0000 
0.5396 0.4209 0.0000 0.0395 
0.4494 0.2804 0.0894 0.1807 
0.1822 0.0655 0.3044 0.4479 
0.3565 0.3636 0.1404 0.1394 
0.2933 0.1053 0.3955 0.2058 
0.0168 0.1015 0.3057 0.5760 
0.0463 0.8684 0.0261 0.0593 
0.3050 0.2895 0.1018 0.3037 
0.2243 0.2313 0.2600 0.2845 
0.2364 0.2750 0.2324 0.2563 

MOTIF filter16 
letter-probability matrix: alength= 4 w= 11 nsites= 11 
0.3248 0.1693 0.1810 0.3249 
0.3272 0.1601 0.1829 0.3297 
0.3446 0.1741 0.1738 0.3075 
0.5787 0.0138 0.0514 0.3561 
0.5708 0.0008 0.0293 0.3991 
0.5128 0.0001 0.0008 0.4863 
0.4320 0.0014 0.0000 0.5666 
0.2199 0.0168 0.0057 0.7576 
0.3835 0.0291 0.1772 0.4103 
0.2810 0.0157 0.5075 0.1958 
0.2937 0.2893 0.1820 0.2350 

MOTIF filter17 
letter-probability matrix: alength= 4 w= 14 nsites= 14 
0.2768 0.2225 0.2379 0.2629 
0.2598 0.1848 0.2758 0.2797 
0.3158 0.2025 0.2545 0.2272 
0.0010 0.0135 0.0078 0.9777 
0.0000 0.0000 0.1366 0.8634 
0.1957 0.0108 0.5515 0.2420 
0.0881 0.6150 0.1111 0.1858 
0.1954 0.1134 0.6321 0.0591 
0.1151 0.5121 0.0028 0.3700 
0.5922 0.4073 0.0000 0.0005 
0.9996 0.0000 0.0004 0.0000 
0.0039 0.2876 0.0856 0.6229 
0.2489 0.2498 0.2088 0.2925 
0.2384 0.2051 0.2064 0.3501 

MOTIF filter18 
letter-probability matrix: alength= 4 w= 11 nsites= 11 
0.2984 0.1844 0.2350 0.2822 
0.2820 0.2843 0.2211 0.2126 
0.3629 0.2012 0.0377 0.3982 
0.0396 0.0000 0.9371 0.0233 
0.0871 0.9129 0.0000 0.0000 
0.8854 0.0986 0.0160 0.0000 
0.9778 0.0002 0.0102 0.0119 
0.0118 0.1456 0.1069 0.7357 
0.4011 0.3110 0.0552 0.2327 
0.1116 0.2095 0.0867 0.5923 
0.0781 0.2316 0.0899 0.6004 

MOTIF filter19 
letter-probability matrix: alength= 4 w= 14 nsites= 14 
0.3484 0.2010 0.1992 0.2515 
0.2869 0.2030 0.2403 0.2698 
0.6314 0.0716 0.2956 0.0014 
0.0000 0.0000 0.0000 1.0000 
0.0005 0.0000 0.3020 0.6976 
0.2515 0.0007 0.5357 0.2121 
0.0212 0.6307 0.1438 0.2043 
0.2282 0.0760 0.5771 0.1188 
0.3013 0.3448 0.0093 0.3446 
0.8265 0.1735 0.0000 0.0000 
0.9998 0.0000 0.0002 0.0000 
0.2298 0.2552 0.1939 0.3212 
0.2873 0.2624 0.1779 0.2724 
0.2682 0.2260 0.2221 0.2836 

MOTIF filter20 
letter-probability matrix: alength= 4 w= 9 nsites= 9 
0.0005 0.6218 0.1070 0.2707 
0.5052 0.0266 0.3697 0.0985 
0.0351 0.5323 0.0198 0.4128 
0.0411 0.0016 0.9552 0.0021 
0.0106 0.3963 0.0003 0.5928 
0.2473 0.0000 0.7527 0.0000 
0.4790 0.1917 0.2426 0.0866 
0.0458 0.3094 0.0458 0.5990 
0.1810 0.3239 0.2362 0.2588 

MOTIF filter21 
letter-probability matrix: alength= 4 w= 12 nsites= 12 
0.2457 0.2513 0.3070 0.1960 
0.3224 0.1765 0.3691 0.1320 
0.2566 0.3348 0.2823 0.1262 
0.1374 0.8624 0.0003 0.0000 
0.6987 0.0000 0.2214 0.0799 
0.0000 0.7424 0.0000 0.2576 
0.1974 0.0000 0.8026 0.0000 
0.0529 0.3090 0.0101 0.6279 
0.0064 0.0332 0.7925 0.1679 
0.1119 0.2888 0.3671 0.2323 
0.2124 0.2927 0.2756 0.2193 
0.2047 0.3065 0.2542 0.2346 

MOTIF filter22 
letter-probability matrix: alength= 4 w= 8 nsites= 8 
0.2049 0.3355 0.2355 0.2242 
0.2083 0.2994 0.2488 0.2435 
0.1348 0.4905 0.3221 0.0526 
0.0178 0.9804 0.0017 0.0000 
0.0769 0.9158 0.0000 0.0072 
0.6312 0.2277 0.1164 0.0247 
0.0329 0.4588 0.0857 0.4226 
0.0153 0.4817 0.4857 0.0173 

MOTIF filter23 
letter-probability matrix: alength= 4 w= 9 nsites= 9 
0.3227 0.2088 0.2262 0.2423 
0.5906 0.0827 0.2083 0.1183 
0.5891 0.0177 0.1470 0.2462 
0.0360 0.1703 0.0670 0.7268 
0.0000 0.6245 0.3755 0.0000 
0.9504 0.0145 0.0351 0.0000 
0.3501 0.1515 0.0810 0.4174 
0.0105 0.1818 0.1983 0.6093 
0.4189 0.2320 0.3435 0.0055 

MOTIF filter24 
letter-probability matrix: alength= 4 w= 15 nsites= 15 
0.1822 0.2849 0.3842 0.1488 
0.1983 0.3086 0.3418 0.1514 
0.1916 0.2559 0.3509 0.2016 
0.0275 0.1687 0.7420 0.0618 
0.0289 0.8812 0.0802 0.0098 
0.0000 0.5853 0.2020 0.2127 
0.0117 0.0241 0.9412 0.0230 
0.6080 0.1163 0.2685 0.0072 
0.0102 0.4205 0.4015 0.1677 
0.0169 0.3966 0.2336 0.3530 
0.0844 0.3909 0.4937 0.0310 
0.1970 0.0387 0.7101 0.0542 
0.1622 0.2896 0.4039 0.1443 
0.1728 0.2924 0.3720 0.1627 
0.1782 0.3212 0.3306 0.1700 

MOTIF filter25 
letter-probability matrix: alength= 4 w= 13 nsites= 13 
0.2902 0.2351 0.2228 0.2519 
0.3131 0.1846 0.2484 0.2539 
0.5933 0.0545 0.3522 0.0000 
0.0000 0.0000 0.0000 1.0000 
0.0000 0.0000 0.5019 0.4981 
0.6299 0.0000 0.2910 0.0791 
0.0743 0.4096 0.3710 0.1451 
0.0642 0.0183 0.4297 0.4878 
0.0704 0.8917 0.0000 0.0379 
1.0000 0.0000 0.0000 0.0000 
0.5960 0.1899 0.0989 0.1151 
0.2640 0.2165 0.2252 0.2944 
0.2898 0.2621 0.1994 0.2487 

MOTIF filter26 
letter-probability matrix: alength= 4 w= 14 nsites= 14 
0.3363 0.2234 0.2070 0.2333 
0.2769 0.1891 0.2748 0.2591 
0.2576 0.3088 0.2093 0.2243 
0.0192 0.1642 0.0161 0.8005 
0.0057 0.0683 0.2057 0.7203 
0.2799 0.0106 0.5853 0.1241 
0.1362 0.3364 0.4119 0.1154 
0.0466 0.5403 0.3972 0.0159 
0.1193 0.7632 0.0000 0.1175 
0.9588 0.0352 0.0000 0.0059 
0.9972 0.0000 0.0028 0.0000 
0.0000 0.3024 0.1415 0.5562 
0.3273 0.2331 0.1803 0.2593 
0.2550 0.2162 0.1849 0.3440 

MOTIF filter27 
letter-probability matrix: alength= 4 w= 12 nsites= 12 
0.2652 0.2399 0.2125 0.2824 
0.2693 0.1862 0.2451 0.2995 
0.2475 0.2483 0.3046 0.1995 
0.0655 0.0526 0.1141 0.7678 
0.4012 0.1614 0.4374 0.0000 
0.0545 0.0811 0.0000 0.8644 
0.0063 0.0155 0.0000 0.9782 
0.0492 0.0000 0.9166 0.0342 
0.0998 0.8140 0.0030 0.0832 
0.6180 0.0989 0.1925 0.0906 
0.3773 0.3315 0.0428 0.2483 
0.3341 0.2121 0.1690 0.2848 

MOTIF filter28 
letter-probability matrix: alength= 4 w= 9 nsites= 9 
0.2588 0.2742 0.2430 0.2240 
0.4396 0.1951 0.2508 0.1145 
0.0829 0.4792 0.1798 0.2580 
0.2110 0.6832 0.1052 0.0006 
0.1958 0.0000 0.0022 0.8020 
0.0000 0.0000 1.0000 0.0000 
0.0000 0.6306 0.3133 0.0560 
0.2970 0.2214 0.0886 0.3930 
0.0324 0.3948 0.3651 0.2076 

MOTIF filter29 
letter-probability matrix: alength= 4 w= 11 nsites= 11 
0.2283 0.2400 0.3049 0.2267 
0.2353 0.2830 0.2651 0.2166 
0.0728 0.3902 0.1356 0.4014 
0.1345 0.0594 0.6449 0.1613 
0.6565 0.0435 0.0354 0.2646 
0.0932 0.3756 0.2117 0.3194 
0.5262 0.0000 0.4734 0.0004 
0.0003 0.0568 0.0535 0.8895 
0.0744 0.6104 0.3152 0.0000 
0.4523 0.0008 0.5460 0.0008 
0.0542 0.5106 0.1264 0.3089 

