MEME version 4

ALPHABET= ACGT

Background letter frequencies:
A 0.2500 C 0.2500 G 0.2500 T 0.2500 

MOTIF filter0 
letter-probability matrix: alength= 4 w= 8 nsites= 8 
0.3432 0.2593 0.2093 0.1882 
0.2589 0.3355 0.2170 0.1885 
0.2963 0.4107 0.1418 0.1511 
0.0838 0.0790 0.6831 0.1541 
0.5690 0.0282 0.3428 0.0600 
0.3005 0.0083 0.0460 0.6452 
0.6562 0.0818 0.0076 0.2543 
0.3884 0.1522 0.3212 0.1381 

MOTIF filter1 
letter-probability matrix: alength= 4 w= 9 nsites= 9 
0.2945 0.2398 0.1623 0.3034 
0.4938 0.1041 0.2417 0.1604 
0.3189 0.2956 0.1514 0.2341 
0.1519 0.0347 0.0836 0.7298 
0.0936 0.0208 0.0857 0.7999 
0.2028 0.4041 0.3868 0.0062 
0.0201 0.9677 0.0027 0.0095 
0.0085 0.0149 0.9235 0.0531 
0.0234 0.2964 0.5532 0.1269 

MOTIF filter2 
letter-probability matrix: alength= 4 w= 9 nsites= 9 
0.1560 0.6672 0.1658 0.0110 
0.1068 0.2265 0.1204 0.5463 
0.0446 0.1733 0.4728 0.3093 
0.7901 0.1284 0.0051 0.0764 
0.0486 0.5078 0.3943 0.0494 
0.0522 0.4727 0.0248 0.4503 
0.3822 0.1860 0.0119 0.4199 
0.6289 0.0458 0.1350 0.1903 
0.3108 0.0849 0.3645 0.2398 

MOTIF filter3 
letter-probability matrix: alength= 4 w= 7 nsites= 7 
0.3401 0.3210 0.2363 0.1026 
0.1701 0.1547 0.3381 0.3371 
0.3245 0.1384 0.5283 0.0088 
0.0485 0.1217 0.8057 0.0240 
0.2405 0.3857 0.2946 0.0792 
0.0952 0.2142 0.5555 0.1351 
0.0983 0.2002 0.5329 0.1686 

MOTIF filter4 
letter-probability matrix: alength= 4 w= 8 nsites= 8 
0.3351 0.2092 0.2647 0.1910 
0.4876 0.1380 0.2242 0.1502 
0.0880 0.2968 0.5446 0.0706 
0.0260 0.0178 0.0095 0.9467 
0.2110 0.7657 0.0114 0.0120 
0.7619 0.1236 0.1055 0.0090 
0.0128 0.2381 0.4676 0.2814 
0.1615 0.4189 0.2503 0.1692 

MOTIF filter5 
letter-probability matrix: alength= 4 w= 8 nsites= 8 
0.0608 0.2813 0.4812 0.1767 
0.2975 0.1172 0.4993 0.0859 
0.4641 0.2055 0.2360 0.0943 
0.1044 0.0190 0.0189 0.8577 
0.0231 0.1824 0.7796 0.0148 
0.8066 0.0054 0.1820 0.0061 
0.0463 0.3947 0.0588 0.5002 
0.4331 0.1115 0.1440 0.3114 

MOTIF filter6 
letter-probability matrix: alength= 4 w= 9 nsites= 9 
0.1279 0.1488 0.1064 0.6170 
0.2962 0.3446 0.1142 0.2450 
0.3997 0.0920 0.3157 0.1926 
0.2305 0.0052 0.6384 0.1259 
0.0072 0.8072 0.0797 0.1060 
0.5809 0.0085 0.3208 0.0898 
0.3350 0.2085 0.1771 0.2794 
0.3768 0.0519 0.0974 0.4738 
0.3409 0.0856 0.0412 0.5323 

MOTIF filter7 
letter-probability matrix: alength= 4 w= 8 nsites= 8 
0.3688 0.2224 0.3125 0.0963 
0.1576 0.4377 0.1264 0.2783 
0.1781 0.5531 0.0579 0.2109 
0.1937 0.1437 0.6183 0.0443 
0.1577 0.0643 0.6845 0.0935 
0.1837 0.7953 0.0131 0.0080 
0.4175 0.2491 0.1825 0.1508 
0.2269 0.2132 0.4199 0.1401 

MOTIF filter8 
letter-probability matrix: alength= 4 w= 9 nsites= 9 
0.1682 0.4105 0.1741 0.2472 
0.3782 0.0766 0.4385 0.1067 
0.0092 0.5667 0.1140 0.3100 
0.4879 0.0784 0.2817 0.1519 
0.6509 0.0380 0.0623 0.2489 
0.0136 0.5226 0.3836 0.0802 
0.3017 0.2723 0.2381 0.1879 
0.1669 0.3821 0.2519 0.1991 
0.3259 0.2195 0.2386 0.2160 

MOTIF filter9 
letter-probability matrix: alength= 4 w= 7 nsites= 7 
0.5398 0.0594 0.1647 0.2361 
0.0622 0.3376 0.3464 0.2538 
0.5461 0.1063 0.1376 0.2101 
0.0533 0.0991 0.0655 0.7821 
0.1135 0.0072 0.1533 0.7260 
0.0169 0.0189 0.9564 0.0078 
0.0146 0.6437 0.3078 0.0339 

MOTIF filter10 
letter-probability matrix: alength= 4 w= 9 nsites= 9 
0.1432 0.4743 0.2722 0.1103 
0.0081 0.6981 0.1032 0.1907 
0.4562 0.1376 0.0895 0.3168 
0.6346 0.2504 0.0773 0.0377 
0.0658 0.0742 0.2764 0.5837 
0.3720 0.1097 0.0602 0.4581 
0.1770 0.0625 0.7508 0.0097 
0.0750 0.2012 0.5620 0.1617 
0.3157 0.2676 0.1584 0.2583 

MOTIF filter11 
letter-probability matrix: alength= 4 w= 8 nsites= 8 
0.3755 0.0993 0.1491 0.3760 
0.0114 0.3547 0.0308 0.6030 
0.0685 0.2812 0.0494 0.6009 
0.4392 0.0362 0.4047 0.1199 
0.2946 0.0074 0.6889 0.0091 
0.1289 0.1253 0.1126 0.6332 
0.1588 0.3367 0.2530 0.2516 
0.2687 0.2116 0.3817 0.1380 

MOTIF filter12 
letter-probability matrix: alength= 4 w= 9 nsites= 9 
0.3311 0.1326 0.1767 0.3596 
0.2079 0.2782 0.2440 0.2699 
0.1903 0.4189 0.0203 0.3705 
0.0087 0.0233 0.9610 0.0070 
0.1672 0.6768 0.0088 0.1473 
0.0949 0.1851 0.0345 0.6855 
0.4509 0.0411 0.3565 0.1515 
0.7192 0.0423 0.1693 0.0692 
0.1249 0.3724 0.3319 0.1708 

MOTIF filter13 
letter-probability matrix: alength= 4 w= 8 nsites= 8 
0.2135 0.3352 0.2135 0.2378 
0.1860 0.4005 0.2453 0.1682 
0.1676 0.2693 0.0810 0.4821 
0.2299 0.0718 0.0082 0.6902 
0.9560 0.0256 0.0051 0.0132 
0.0412 0.1043 0.0453 0.8092 
0.2115 0.6690 0.0453 0.0742 
0.3450 0.1297 0.1961 0.3292 

MOTIF filter14 
letter-probability matrix: alength= 4 w= 9 nsites= 9 
0.2327 0.2401 0.2678 0.2595 
0.1968 0.2215 0.3378 0.2439 
0.1031 0.6992 0.1257 0.0720 
0.0371 0.6332 0.3015 0.0281 
0.0400 0.0576 0.7123 0.1901 
0.0101 0.8733 0.0692 0.0474 
0.0056 0.5622 0.1041 0.3281 
0.4113 0.3143 0.1634 0.1110 
0.2076 0.2816 0.1769 0.3339 

MOTIF filter15 
letter-probability matrix: alength= 4 w= 9 nsites= 9 
0.0409 0.0920 0.0132 0.8539 
0.0123 0.0055 0.9515 0.0308 
0.5378 0.3284 0.0171 0.1167 
0.3857 0.2783 0.1417 0.1943 
0.1876 0.1051 0.2928 0.4145 
0.3512 0.3441 0.1638 0.1408 
0.2576 0.1146 0.4473 0.1805 
0.0638 0.1423 0.2432 0.5507 
0.1193 0.6801 0.0812 0.1194 

MOTIF filter16 
letter-probability matrix: alength= 4 w= 9 nsites= 9 
0.5737 0.0259 0.0753 0.3251 
0.5765 0.0089 0.0391 0.3754 
0.5159 0.0061 0.0097 0.4684 
0.4193 0.0111 0.0040 0.5656 
0.1783 0.0303 0.0201 0.7714 
0.3703 0.0920 0.2234 0.3143 
0.1284 0.0268 0.7697 0.0752 
0.2094 0.4178 0.2109 0.1618 
0.2234 0.2199 0.1494 0.4073 

MOTIF filter17 
letter-probability matrix: alength= 4 w= 9 nsites= 9 
0.0328 0.0737 0.0556 0.8379 
0.0142 0.0157 0.2289 0.7411 
0.2617 0.0515 0.4752 0.2116 
0.0708 0.7307 0.0965 0.1020 
0.0890 0.0911 0.7681 0.0518 
0.1680 0.4092 0.0313 0.3915 
0.5679 0.4070 0.0083 0.0168 
0.9580 0.0091 0.0273 0.0056 
0.0290 0.3166 0.1476 0.5067 

MOTIF filter18 
letter-probability matrix: alength= 4 w= 9 nsites= 9 
0.2269 0.4696 0.0605 0.2430 
0.0674 0.0126 0.8718 0.0482 
0.1208 0.8624 0.0079 0.0089 
0.7901 0.1258 0.0791 0.0050 
0.8675 0.0252 0.0508 0.0565 
0.0357 0.1451 0.1191 0.7000 
0.4203 0.2763 0.0806 0.2229 
0.1417 0.2242 0.1637 0.4704 
0.1190 0.2272 0.1499 0.5040 

MOTIF filter19 
letter-probability matrix: alength= 4 w= 9 nsites= 9 
0.4724 0.1577 0.3439 0.0260 
0.0118 0.0300 0.0318 0.9264 
0.0296 0.0113 0.3357 0.6234 
0.3014 0.0170 0.4561 0.2254 
0.0519 0.7096 0.1240 0.1145 
0.1312 0.0861 0.6811 0.1016 
0.2469 0.2832 0.0590 0.4109 
0.6936 0.2757 0.0100 0.0207 
0.9152 0.0270 0.0384 0.0194 

MOTIF filter20 
letter-probability matrix: alength= 4 w= 9 nsites= 9 
0.0799 0.2538 0.1985 0.4678 
0.0238 0.5883 0.1051 0.2829 
0.4643 0.0509 0.3667 0.1181 
0.0286 0.6553 0.0328 0.2833 
0.0886 0.0243 0.8611 0.0259 
0.0345 0.4754 0.0111 0.4790 
0.2926 0.0057 0.6941 0.0076 
0.5059 0.1637 0.2031 0.1273 
0.0838 0.2637 0.0732 0.5793 

MOTIF filter21 
letter-probability matrix: alength= 4 w= 9 nsites= 9 
0.3575 0.1500 0.3345 0.1580 
0.3213 0.2621 0.2365 0.1801 
0.1672 0.8086 0.0188 0.0053 
0.6669 0.0068 0.2194 0.1069 
0.0055 0.8108 0.0120 0.1717 
0.1409 0.0145 0.8397 0.0049 
0.0773 0.3315 0.0224 0.5688 
0.0338 0.0533 0.7383 0.1745 
0.1499 0.2495 0.3144 0.2863 

MOTIF filter22 
letter-probability matrix: alength= 4 w= 9 nsites= 9 
0.1881 0.4099 0.3223 0.0798 
0.0824 0.8602 0.0447 0.0127 
0.1529 0.7851 0.0058 0.0562 
0.5696 0.2043 0.1725 0.0536 
0.0621 0.4277 0.0881 0.4221 
0.0568 0.3412 0.5579 0.0442 
0.2316 0.0903 0.1250 0.5531 
0.1801 0.5267 0.1665 0.1267 
0.4651 0.2056 0.2698 0.0595 

MOTIF filter23 
letter-probability matrix: alength= 4 w= 8 nsites= 8 
0.4497 0.1285 0.2617 0.1601 
0.4849 0.0729 0.1800 0.2622 
0.0864 0.2596 0.1211 0.5329 
0.0071 0.5667 0.4175 0.0088 
0.7030 0.0967 0.1835 0.0168 
0.3105 0.1919 0.1180 0.3797 
0.0556 0.2555 0.2130 0.4759 
0.3514 0.2585 0.3497 0.0404 

MOTIF filter24 
letter-probability matrix: alength= 4 w= 8 nsites= 8 
0.1260 0.1864 0.5190 0.1686 
0.1382 0.6193 0.1424 0.1000 
0.0080 0.5944 0.2205 0.1770 
0.0793 0.0809 0.7214 0.1184 
0.6341 0.1128 0.1912 0.0620 
0.0685 0.3585 0.2546 0.3185 
0.0708 0.3485 0.2072 0.3736 
0.1690 0.3394 0.3973 0.0943 

MOTIF filter25 
letter-probability matrix: alength= 4 w= 9 nsites= 9 
0.5299 0.1146 0.3448 0.0108 
0.0182 0.0421 0.0312 0.9084 
0.0157 0.0120 0.4119 0.5604 
0.5854 0.0181 0.2600 0.1365 
0.1104 0.4089 0.3503 0.1303 
0.1021 0.0572 0.4743 0.3664 
0.1385 0.7354 0.0162 0.1099 
0.8999 0.0217 0.0560 0.0223 
0.5139 0.2164 0.1131 0.1566 

MOTIF filter26 
letter-probability matrix: alength= 4 w= 9 nsites= 9 
0.0609 0.1312 0.0633 0.7446 
0.0298 0.1334 0.2075 0.6293 
0.3097 0.0402 0.5395 0.1107 
0.1228 0.4362 0.3417 0.0993 
0.0501 0.5159 0.3974 0.0366 
0.1154 0.7297 0.0081 0.1468 
0.8743 0.0762 0.0102 0.0392 
0.9639 0.0055 0.0253 0.0054 
0.0101 0.3251 0.1168 0.5480 

MOTIF filter27 
letter-probability matrix: alength= 4 w= 8 nsites= 8 
0.2226 0.2564 0.3220 0.1990 
0.1582 0.1510 0.2129 0.4780 
0.3844 0.2235 0.3821 0.0101 
0.1749 0.1928 0.0118 0.6205 
0.1084 0.2056 0.0566 0.6295 
0.1653 0.0812 0.6261 0.1274 
0.1611 0.5932 0.0840 0.1617 
0.3820 0.1317 0.3471 0.1392 

MOTIF filter28 
letter-probability matrix: alength= 4 w= 9 nsites= 9 
0.5165 0.1471 0.2244 0.1120 
0.0982 0.4658 0.1444 0.2916 
0.2796 0.5398 0.1671 0.0136 
0.2020 0.0100 0.0372 0.7509 
0.0050 0.0191 0.9694 0.0065 
0.0084 0.6048 0.2825 0.1043 
0.2730 0.2093 0.1282 0.3895 
0.0642 0.3861 0.3308 0.2190 
0.3750 0.2117 0.1909 0.2224 

MOTIF filter29 
letter-probability matrix: alength= 4 w= 8 nsites= 8 
0.1426 0.0941 0.5660 0.1973 
0.5490 0.0793 0.0840 0.2877 
0.1245 0.3820 0.1529 0.3405 
0.5050 0.0052 0.4659 0.0239 
0.0288 0.1266 0.1142 0.7303 
0.1336 0.6322 0.2236 0.0106 
0.3307 0.0238 0.6187 0.0268 
0.1132 0.4326 0.1470 0.3073 

