MEME version 4

ALPHABET= ACGT

Background letter frequencies:
A 0.2500 C 0.2500 G 0.2500 T 0.2500 

MOTIF filter0 
letter-probability matrix: alength= 4 w= 8 nsites= 8 
0.3462 0.2356 0.2261 0.1921 
0.4032 0.2162 0.3021 0.0785 
0.1956 0.4905 0.1721 0.1418 
0.0865 0.8593 0.0338 0.0204 
0.0324 0.0318 0.9029 0.0329 
0.0894 0.0618 0.7009 0.1478 
0.9140 0.0104 0.0043 0.0714 
0.8134 0.0423 0.0295 0.1147 

MOTIF filter1 
letter-probability matrix: alength= 4 w= 9 nsites= 9 
0.1677 0.2527 0.3648 0.2148 
0.0634 0.0526 0.2992 0.5848 
0.6140 0.1876 0.1832 0.0151 
0.0140 0.0293 0.0115 0.9451 
0.0141 0.0146 0.0428 0.9285 
0.1613 0.0260 0.7065 0.1062 
0.0683 0.7493 0.0531 0.1294 
0.3024 0.0909 0.5015 0.1052 
0.2514 0.3371 0.1320 0.2795 

MOTIF filter2 
letter-probability matrix: alength= 4 w= 9 nsites= 9 
0.1500 0.7035 0.1068 0.0397 
0.0387 0.0058 0.8984 0.0572 
0.0302 0.9310 0.0209 0.0179 
0.0057 0.9335 0.0237 0.0372 
0.9711 0.0143 0.0102 0.0044 
0.0309 0.0498 0.0155 0.9038 
0.1714 0.3096 0.1241 0.3949 
0.2289 0.0772 0.0822 0.6118 
0.1223 0.1598 0.1788 0.5391 

MOTIF filter3 
letter-probability matrix: alength= 4 w= 7 nsites= 7 
0.1281 0.3967 0.2260 0.2492 
0.2273 0.1974 0.3916 0.1837 
0.2468 0.2101 0.4745 0.0686 
0.1318 0.8621 0.0029 0.0032 
0.1109 0.3126 0.4492 0.1273 
0.1389 0.2264 0.5462 0.0884 
0.0909 0.4433 0.2296 0.2363 

MOTIF filter4 
letter-probability matrix: alength= 4 w= 9 nsites= 9 
0.0586 0.0658 0.8724 0.0032 
0.0162 0.0124 0.0108 0.9606 
0.0730 0.8756 0.0085 0.0429 
0.9372 0.0082 0.0500 0.0047 
0.0126 0.0744 0.3006 0.6124 
0.0580 0.7918 0.0683 0.0819 
0.4200 0.0941 0.3490 0.1369 
0.2476 0.1969 0.1999 0.3556 
0.2674 0.1723 0.1871 0.3732 

MOTIF filter5 
letter-probability matrix: alength= 4 w= 9 nsites= 9 
0.2944 0.2120 0.1847 0.3088 
0.1022 0.2301 0.0238 0.6439 
0.0167 0.0335 0.9421 0.0077 
0.1135 0.8499 0.0107 0.0259 
0.0783 0.2791 0.0498 0.5928 
0.1009 0.0310 0.7166 0.1515 
0.8145 0.0662 0.0369 0.0823 
0.0954 0.4620 0.3006 0.1421 
0.1695 0.1812 0.1831 0.4662 

MOTIF filter6 
letter-probability matrix: alength= 4 w= 6 nsites= 6 
0.3148 0.0122 0.4024 0.2706 
0.1935 0.0170 0.5149 0.2746 
0.3176 0.0627 0.5503 0.0694 
0.7407 0.0515 0.1161 0.0917 
0.0057 0.0911 0.0238 0.8794 
0.0110 0.5048 0.1375 0.3467 

MOTIF filter7 
letter-probability matrix: alength= 4 w= 7 nsites= 7 
0.1247 0.4737 0.1627 0.2388 
0.0567 0.4562 0.0896 0.3975 
0.3988 0.1265 0.2460 0.2286 
0.9789 0.0062 0.0083 0.0066 
0.0193 0.1098 0.0200 0.8509 
0.1590 0.2930 0.1357 0.4123 
0.4208 0.0513 0.5052 0.0227 

MOTIF filter8 
letter-probability matrix: alength= 4 w= 9 nsites= 9 
0.0198 0.2362 0.0080 0.7360 
0.0539 0.0081 0.8469 0.0911 
0.9066 0.0252 0.0132 0.0550 
0.0820 0.5939 0.1669 0.1573 
0.2571 0.1129 0.1870 0.4430 
0.2216 0.4342 0.1110 0.2333 
0.4111 0.0682 0.3212 0.1995 
0.0995 0.0042 0.8688 0.0275 
0.0247 0.8456 0.0858 0.0438 

MOTIF filter9 
letter-probability matrix: alength= 4 w= 9 nsites= 9 
0.1904 0.2159 0.4271 0.1666 
0.2865 0.0841 0.5564 0.0730 
0.0651 0.4550 0.2337 0.2463 
0.0027 0.9550 0.0038 0.0384 
0.7083 0.0569 0.0410 0.1939 
0.0320 0.5185 0.1994 0.2501 
0.1572 0.1145 0.7108 0.0175 
0.0964 0.0080 0.0605 0.8351 
0.0100 0.0034 0.9792 0.0074 

MOTIF filter10 
letter-probability matrix: alength= 4 w= 9 nsites= 9 
0.1060 0.3932 0.2541 0.2467 
0.3501 0.1210 0.4819 0.0469 
0.5236 0.0595 0.3081 0.1088 
0.0116 0.9599 0.0104 0.0181 
0.0221 0.8952 0.0738 0.0090 
0.9216 0.0080 0.0111 0.0593 
0.9301 0.0173 0.0371 0.0155 
0.0227 0.0561 0.0109 0.9102 
0.1624 0.5130 0.2718 0.0529 

MOTIF filter11 
letter-probability matrix: alength= 4 w= 8 nsites= 8 
0.2405 0.2543 0.2334 0.2718 
0.2965 0.2056 0.2238 0.2742 
0.2532 0.1706 0.3781 0.1981 
0.0108 0.7819 0.1533 0.0540 
0.0445 0.0253 0.8623 0.0678 
0.1924 0.6081 0.0072 0.1923 
0.1559 0.2407 0.4513 0.1521 
0.0064 0.3186 0.3643 0.3108 

MOTIF filter12 
letter-probability matrix: alength= 4 w= 9 nsites= 9 
0.0309 0.0038 0.0141 0.9512 
0.0740 0.8948 0.0094 0.0219 
0.6832 0.0557 0.2365 0.0246 
0.0082 0.0063 0.9387 0.0468 
0.0059 0.9362 0.0442 0.0138 
0.6343 0.0120 0.2887 0.0651 
0.3180 0.2174 0.2052 0.2594 
0.3620 0.0758 0.0747 0.4875 
0.2873 0.0842 0.0332 0.5954 

MOTIF filter13 
letter-probability matrix: alength= 4 w= 5 nsites= 5 
0.6199 0.0671 0.2014 0.1116 
0.5023 0.0897 0.1288 0.2792 
0.5199 0.0638 0.0913 0.3250 
0.4743 0.0484 0.0090 0.4683 
0.2880 0.1509 0.0556 0.5055 

MOTIF filter14 
letter-probability matrix: alength= 4 w= 9 nsites= 9 
0.4385 0.0984 0.2267 0.2364 
0.9141 0.0114 0.0230 0.0514 
0.0102 0.0204 0.0138 0.9556 
0.0149 0.0181 0.9456 0.0215 
0.0153 0.0127 0.9342 0.0378 
0.1157 0.8034 0.0358 0.0452 
0.0765 0.2674 0.4582 0.1980 
0.1050 0.1258 0.5520 0.2172 
0.1651 0.5871 0.0765 0.1713 

MOTIF filter15 
letter-probability matrix: alength= 4 w= 7 nsites= 7 
0.2831 0.2412 0.2982 0.1775 
0.1379 0.2920 0.2804 0.2896 
0.4243 0.2555 0.0135 0.3067 
0.0164 0.0552 0.9105 0.0179 
0.9014 0.0177 0.0150 0.0659 
0.0108 0.0112 0.0116 0.9664 
0.8912 0.0152 0.0354 0.0582 

MOTIF filter16 
letter-probability matrix: alength= 4 w= 9 nsites= 9 
0.1276 0.1269 0.0482 0.6972 
0.8018 0.0510 0.0152 0.1320 
0.4031 0.0531 0.0274 0.5164 
0.4622 0.0064 0.0228 0.5086 
0.4741 0.0148 0.0353 0.4758 
0.5423 0.0396 0.0571 0.3610 
0.1942 0.0148 0.0394 0.7516 
0.6392 0.0900 0.1272 0.1435 
0.1868 0.1164 0.5237 0.1732 

MOTIF filter17 
letter-probability matrix: alength= 4 w= 9 nsites= 9 
0.0090 0.1594 0.0086 0.8230 
0.0107 0.0136 0.0175 0.9581 
0.0231 0.0630 0.2175 0.6963 
0.2817 0.0207 0.4245 0.2732 
0.1022 0.3573 0.2670 0.2735 
0.1827 0.1632 0.4761 0.1780 
0.2079 0.4988 0.0563 0.2369 
0.6339 0.1856 0.1354 0.0451 
0.6863 0.1374 0.0161 0.1602 

MOTIF filter18 
letter-probability matrix: alength= 4 w= 8 nsites= 8 
0.1163 0.3610 0.1163 0.4065 
0.1805 0.0616 0.6363 0.1217 
0.0990 0.7814 0.0095 0.1101 
0.6688 0.0763 0.1686 0.0862 
0.6660 0.0099 0.0865 0.2376 
0.0090 0.4212 0.1959 0.3739 
0.5884 0.2340 0.0670 0.1107 
0.2221 0.3107 0.2189 0.2483 

MOTIF filter19 
letter-probability matrix: alength= 4 w= 9 nsites= 9 
0.0148 0.9626 0.0105 0.0121 
0.9404 0.0120 0.0125 0.0351 
0.0059 0.7789 0.0189 0.1962 
0.1290 0.0060 0.8554 0.0097 
0.1043 0.3628 0.0248 0.5081 
0.0622 0.0644 0.7152 0.1582 
0.3173 0.1712 0.3922 0.1193 
0.1186 0.4113 0.0943 0.3758 
0.1642 0.3149 0.2402 0.2807 

MOTIF filter20 
letter-probability matrix: alength= 4 w= 9 nsites= 9 
0.0264 0.0471 0.0486 0.8779 
0.0194 0.0268 0.2168 0.7370 
0.3180 0.0202 0.4421 0.2197 
0.0773 0.7023 0.0733 0.1472 
0.1508 0.0920 0.6666 0.0906 
0.1967 0.4552 0.0185 0.3297 
0.7339 0.2277 0.0194 0.0190 
0.9378 0.0170 0.0331 0.0121 
0.0181 0.3434 0.1258 0.5127 

MOTIF filter21 
letter-probability matrix: alength= 4 w= 9 nsites= 9 
0.4168 0.1465 0.2571 0.1796 
0.2151 0.4288 0.2322 0.1239 
0.1774 0.7267 0.0569 0.0390 
0.5476 0.0196 0.3416 0.0913 
0.0053 0.9164 0.0057 0.0726 
0.1278 0.0122 0.8561 0.0040 
0.0487 0.0257 0.0043 0.9212 
0.0101 0.0075 0.9251 0.0574 
0.1025 0.3809 0.2435 0.2732 

MOTIF filter22 
letter-probability matrix: alength= 4 w= 7 nsites= 7 
0.4620 0.3502 0.0210 0.1668 
0.2534 0.4093 0.2492 0.0882 
0.8762 0.0670 0.0338 0.0230 
0.0110 0.0314 0.0118 0.9458 
0.1288 0.1801 0.4318 0.2592 
0.1547 0.0988 0.4857 0.2608 
0.1801 0.2662 0.0401 0.5136 

MOTIF filter23 
letter-probability matrix: alength= 4 w= 9 nsites= 9 
0.5483 0.0954 0.3425 0.0139 
0.0160 0.0155 0.0172 0.9513 
0.0154 0.0237 0.0104 0.9505 
0.1144 0.0213 0.7450 0.1194 
0.0511 0.7870 0.0798 0.0821 
0.2431 0.0976 0.5417 0.1176 
0.1999 0.2576 0.0636 0.4789 
0.5389 0.4213 0.0131 0.0267 
0.8753 0.0312 0.0565 0.0370 

MOTIF filter24 
letter-probability matrix: alength= 4 w= 9 nsites= 9 
0.5466 0.1060 0.2200 0.1274 
0.0412 0.5797 0.1111 0.2680 
0.2186 0.0179 0.0551 0.7085 
0.0370 0.0185 0.0154 0.9291 
0.0097 0.9119 0.0418 0.0365 
0.0191 0.9307 0.0212 0.0291 
0.0137 0.0453 0.8053 0.1356 
0.0706 0.1782 0.6144 0.1368 
0.0976 0.2784 0.1453 0.4786 

MOTIF filter25 
letter-probability matrix: alength= 4 w= 9 nsites= 9 
0.2215 0.1955 0.3538 0.2293 
0.4442 0.1614 0.3346 0.0598 
0.0159 0.0591 0.0179 0.9070 
0.0171 0.0212 0.8230 0.1387 
0.9058 0.0296 0.0116 0.0530 
0.0831 0.4856 0.3464 0.0849 
0.0408 0.0147 0.0277 0.9168 
0.1431 0.8152 0.0170 0.0248 
0.8982 0.0236 0.0550 0.0232 

MOTIF filter26 
letter-probability matrix: alength= 4 w= 9 nsites= 9 
0.0246 0.0331 0.0194 0.9229 
0.0121 0.0165 0.2106 0.7607 
0.3661 0.0146 0.4571 0.1621 
0.0889 0.6348 0.0920 0.1843 
0.0958 0.0687 0.7750 0.0605 
0.1170 0.7095 0.0104 0.1631 
0.9406 0.0374 0.0101 0.0119 
0.9711 0.0088 0.0127 0.0073 
0.0352 0.3326 0.1279 0.5044 

MOTIF filter27 
letter-probability matrix: alength= 4 w= 9 nsites= 9 
0.4710 0.1049 0.4051 0.0190 
0.0233 0.1323 0.0159 0.8285 
0.0535 0.0221 0.9171 0.0073 
0.5256 0.0659 0.0056 0.4029 
0.1063 0.3845 0.1239 0.3852 
0.0522 0.0182 0.8313 0.0983 
0.2110 0.5271 0.0164 0.2456 
0.7854 0.1306 0.0532 0.0308 
0.8576 0.0459 0.0463 0.0503 

MOTIF filter28 
letter-probability matrix: alength= 4 w= 9 nsites= 9 
0.0543 0.2549 0.5565 0.1343 
0.9266 0.0085 0.0481 0.0167 
0.0110 0.0371 0.0211 0.9309 
0.1132 0.0138 0.0105 0.8625 
0.0141 0.0656 0.9053 0.0149 
0.0169 0.0062 0.9684 0.0084 
0.1569 0.3378 0.0683 0.4369 
0.0572 0.4086 0.1346 0.3997 
0.2721 0.2220 0.4167 0.0892 

MOTIF filter29 
letter-probability matrix: alength= 4 w= 9 nsites= 9 
0.5271 0.1237 0.2144 0.1347 
0.1312 0.5935 0.2250 0.0503 
0.2138 0.7086 0.0564 0.0212 
0.0390 0.0194 0.9195 0.0222 
0.0218 0.0327 0.9379 0.0077 
0.9123 0.0262 0.0334 0.0280 
0.6673 0.0685 0.0212 0.2430 
0.2323 0.0645 0.6862 0.0169 
0.0473 0.1665 0.0733 0.7129 

