MEME version 4

ALPHABET= ACGT

Background letter frequencies:
A 0.2500 C 0.2500 G 0.2500 T 0.2500 

MOTIF filter0 
letter-probability matrix: alength= 4 w= 11 nsites= 11 
0.3739 0.2321 0.2706 0.1233 
0.3408 0.2741 0.3628 0.0223 
0.1926 0.5298 0.2120 0.0657 
0.0000 1.0000 0.0000 0.0000 
0.0000 0.0000 1.0000 0.0000 
0.0000 0.0000 0.9749 0.0251 
1.0000 0.0000 0.0000 0.0000 
0.9960 0.0000 0.0000 0.0040 
0.2483 0.1901 0.4454 0.1162 
0.2056 0.2886 0.2799 0.2258 
0.2260 0.2562 0.3357 0.1822 

MOTIF filter1 
letter-probability matrix: alength= 4 w= 12 nsites= 12 
0.2639 0.2353 0.2167 0.2841 
0.3009 0.1586 0.2505 0.2900 
0.1764 0.2035 0.3409 0.2791 
0.0038 0.0016 0.2842 0.7104 
0.7433 0.1335 0.1232 0.0000 
0.0000 0.0000 0.0000 1.0000 
0.0000 0.0000 0.0000 1.0000 
0.0461 0.0000 0.9353 0.0186 
0.0030 0.9200 0.0000 0.0771 
0.5078 0.0664 0.2995 0.1263 
0.2264 0.3691 0.0678 0.3367 
0.3436 0.2686 0.1581 0.2297 

MOTIF filter2 
letter-probability matrix: alength= 4 w= 14 nsites= 14 
0.2134 0.2302 0.3018 0.2546 
0.2527 0.2725 0.2241 0.2508 
0.2682 0.5089 0.1497 0.0732 
0.0300 0.0000 0.8883 0.0817 
0.0000 1.0000 0.0000 0.0000 
0.0000 0.9969 0.0000 0.0031 
1.0000 0.0000 0.0000 0.0000 
0.0000 0.0149 0.0000 0.9851 
0.0500 0.3578 0.1332 0.4590 
0.1085 0.0627 0.0497 0.7791 
0.0442 0.1487 0.1298 0.6772 
0.1974 0.2709 0.2808 0.2509 
0.2313 0.2924 0.2450 0.2313 
0.2353 0.2895 0.1729 0.3023 

MOTIF filter3 
letter-probability matrix: alength= 4 w= 11 nsites= 11 
0.0607 0.4385 0.4544 0.0465 
0.0333 0.6282 0.2222 0.1163 
0.1225 0.2092 0.5815 0.0867 
0.0552 0.1663 0.7777 0.0008 
0.0031 0.9969 0.0000 0.0000 
0.0275 0.3366 0.5925 0.0434 
0.0101 0.1559 0.8322 0.0018 
0.0028 0.7277 0.2105 0.0591 
0.0846 0.6208 0.2001 0.0944 
0.1525 0.3265 0.3610 0.1600 
0.1180 0.4176 0.3260 0.1385 

MOTIF filter4 
letter-probability matrix: alength= 4 w= 12 nsites= 12 
0.2453 0.2035 0.2496 0.3016 
0.2921 0.2287 0.2626 0.2166 
0.3514 0.0963 0.2085 0.3437 
0.0128 0.0121 0.9751 0.0000 
0.0000 0.0000 0.0000 1.0000 
0.0163 0.9837 0.0000 0.0000 
1.0000 0.0000 0.0000 0.0000 
0.0000 0.0631 0.3980 0.5389 
0.0104 0.9265 0.0187 0.0443 
0.5151 0.1347 0.1274 0.2228 
0.2114 0.2138 0.2036 0.3711 
0.2453 0.1675 0.1900 0.3972 

MOTIF filter5 
letter-probability matrix: alength= 4 w= 12 nsites= 12 
0.2786 0.2212 0.2415 0.2588 
0.2886 0.2353 0.2228 0.2533 
0.2419 0.2621 0.1923 0.3037 
0.0489 0.0796 0.0000 0.8715 
0.0000 0.0000 1.0000 0.0000 
0.0339 0.9661 0.0000 0.0000 
0.0326 0.0729 0.0014 0.8931 
0.0301 0.0000 0.9144 0.0555 
0.9735 0.0096 0.0000 0.0169 
0.0487 0.4172 0.3703 0.1639 
0.1353 0.1334 0.1243 0.6071 
0.1894 0.2810 0.2794 0.2503 

MOTIF filter6 
letter-probability matrix: alength= 4 w= 8 nsites= 8 
0.3021 0.0000 0.4981 0.1997 
0.0901 0.0000 0.6486 0.2613 
0.3286 0.0000 0.6714 0.0000 
1.0000 0.0000 0.0000 0.0000 
0.0000 0.0000 0.0000 1.0000 
0.0000 0.5168 0.0281 0.4551 
0.2983 0.2660 0.1391 0.2966 
0.2183 0.3033 0.1998 0.2786 

MOTIF filter7 
letter-probability matrix: alength= 4 w= 11 nsites= 11 
0.2666 0.2134 0.2382 0.2817 
0.3388 0.2418 0.1608 0.2586 
0.2782 0.1023 0.2404 0.3792 
0.0159 0.6880 0.0613 0.2348 
0.0000 0.4670 0.0000 0.5330 
0.5916 0.0546 0.1646 0.1892 
1.0000 0.0000 0.0000 0.0000 
0.0000 0.0000 0.0000 1.0000 
0.0660 0.2314 0.0483 0.6542 
0.5300 0.0000 0.4700 0.0000 
0.2578 0.1950 0.3006 0.2467 

MOTIF filter8 
letter-probability matrix: alength= 4 w= 15 nsites= 15 
0.2365 0.2379 0.2628 0.2627 
0.2215 0.2161 0.3348 0.2276 
0.2576 0.3246 0.2801 0.1376 
0.0000 0.0687 0.0000 0.9313 
0.0000 0.0000 0.9853 0.0147 
1.0000 0.0000 0.0000 0.0000 
0.0366 0.6496 0.2104 0.1034 
0.2773 0.1004 0.0869 0.5354 
0.1527 0.5555 0.1270 0.1648 
0.6070 0.0129 0.1949 0.1852 
0.0096 0.0000 0.9904 0.0000 
0.0000 0.9766 0.0234 0.0000 
0.3871 0.2448 0.1212 0.2470 
0.2852 0.2273 0.2701 0.2174 
0.2388 0.2331 0.2539 0.2742 

MOTIF filter9 
letter-probability matrix: alength= 4 w= 12 nsites= 12 
0.2034 0.1414 0.5167 0.1385 
0.2632 0.0626 0.6309 0.0432 
0.0286 0.5040 0.2653 0.2022 
0.0000 0.9992 0.0000 0.0008 
0.8249 0.0244 0.0040 0.1467 
0.0116 0.4670 0.2864 0.2350 
0.1326 0.1641 0.7032 0.0000 
0.0428 0.0000 0.0211 0.9361 
0.0000 0.0000 1.0000 0.0000 
0.2470 0.2403 0.3118 0.2009 
0.2095 0.2787 0.2748 0.2370 
0.2111 0.2841 0.2719 0.2330 

MOTIF filter10 
letter-probability matrix: alength= 4 w= 11 nsites= 11 
0.1548 0.2801 0.3309 0.2342 
0.3747 0.1953 0.4126 0.0174 
0.5706 0.0250 0.3372 0.0672 
0.0000 1.0000 0.0000 0.0000 
0.0000 0.9972 0.0028 0.0000 
0.9995 0.0000 0.0000 0.0005 
1.0000 0.0000 0.0000 0.0000 
0.0000 0.0010 0.0000 0.9990 
0.1282 0.5911 0.2545 0.0262 
0.4971 0.1568 0.1683 0.1779 
0.2031 0.1941 0.4537 0.1490 

MOTIF filter11 
letter-probability matrix: alength= 4 w= 9 nsites= 9 
0.1467 0.3831 0.3334 0.1368 
0.2416 0.2586 0.3146 0.1852 
0.1404 0.1608 0.6224 0.0764 
0.0000 0.9843 0.0157 0.0000 
0.0000 0.0000 1.0000 0.0000 
0.0617 0.8797 0.0000 0.0586 
0.0703 0.2741 0.5788 0.0769 
0.0000 0.3706 0.4665 0.1629 
0.1580 0.3463 0.3334 0.1623 

MOTIF filter12 
letter-probability matrix: alength= 4 w= 12 nsites= 12 
0.2709 0.2364 0.2576 0.2351 
0.3599 0.1915 0.1735 0.2752 
0.2285 0.3229 0.2090 0.2396 
0.0000 0.0000 0.0000 1.0000 
0.0629 0.9371 0.0000 0.0000 
0.9509 0.0103 0.0389 0.0000 
0.0000 0.0000 1.0000 0.0000 
0.0000 1.0000 0.0000 0.0000 
0.8389 0.0000 0.0737 0.0874 
0.3010 0.2515 0.1889 0.2586 
0.3197 0.1087 0.0749 0.4967 
0.2458 0.1348 0.0109 0.6085 

MOTIF filter13 
letter-probability matrix: alength= 4 w= 11 nsites= 11 
0.5660 0.0801 0.1088 0.2451 
0.2322 0.1218 0.4968 0.1491 
0.2658 0.6355 0.0000 0.0987 
0.9842 0.0000 0.0068 0.0090 
0.8156 0.0051 0.0139 0.1655 
0.7494 0.0000 0.0059 0.2447 
0.5635 0.0000 0.0000 0.4365 
0.2805 0.0262 0.0000 0.6933 
0.3149 0.1732 0.1976 0.3143 
0.3421 0.1865 0.1667 0.3048 
0.3508 0.1837 0.1768 0.2887 

MOTIF filter14 
letter-probability matrix: alength= 4 w= 14 nsites= 14 
0.3157 0.2023 0.2950 0.1870 
0.3559 0.2182 0.2182 0.2076 
0.4379 0.1054 0.3133 0.1433 
1.0000 0.0000 0.0000 0.0000 
0.0000 0.0000 0.0000 1.0000 
0.0000 0.0000 1.0000 0.0000 
0.0000 0.0000 1.0000 0.0000 
0.0787 0.9213 0.0000 0.0000 
0.0898 0.2256 0.3506 0.3340 
0.0563 0.1082 0.6501 0.1854 
0.0950 0.7570 0.0292 0.1188 
0.2643 0.2707 0.2062 0.2589 
0.2090 0.2413 0.3053 0.2444 
0.2166 0.3058 0.2438 0.2338 

MOTIF filter15 
letter-probability matrix: alength= 4 w= 10 nsites= 10 
0.3317 0.1816 0.2383 0.2483 
0.2312 0.2807 0.2434 0.2447 
0.5615 0.0483 0.0000 0.3902 
0.0000 0.0000 1.0000 0.0000 
1.0000 0.0000 0.0000 0.0000 
0.0000 0.0000 0.0000 1.0000 
1.0000 0.0000 0.0000 0.0000 
0.3593 0.1803 0.2087 0.2516 
0.3289 0.1724 0.2174 0.2812 
0.3065 0.1847 0.2274 0.2814 

MOTIF filter16 
letter-probability matrix: alength= 4 w= 14 nsites= 14 
0.3587 0.1411 0.1500 0.3502 
0.3270 0.1376 0.1526 0.3829 
0.3405 0.1771 0.1564 0.3261 
0.1347 0.0617 0.0080 0.7956 
0.8924 0.0078 0.0000 0.0998 
0.4342 0.0051 0.0024 0.5583 
0.5089 0.0000 0.0009 0.4901 
0.4684 0.0000 0.0037 0.5279 
0.6062 0.0050 0.0085 0.3803 
0.2067 0.0000 0.0038 0.7895 
0.7432 0.0120 0.0631 0.1818 
0.3112 0.0632 0.3309 0.2947 
0.3800 0.1539 0.1537 0.3124 
0.3671 0.1514 0.1443 0.3373 

MOTIF filter17 
letter-probability matrix: alength= 4 w= 15 nsites= 15 
0.2756 0.1880 0.1949 0.3416 
0.2829 0.1978 0.1779 0.3413 
0.2699 0.2208 0.1710 0.3383 
0.0000 0.0364 0.0000 0.9636 
0.0000 0.0000 0.0000 1.0000 
0.0000 0.0000 0.0644 0.9356 
0.2181 0.0000 0.4078 0.3740 
0.0601 0.2867 0.2630 0.3903 
0.2092 0.1291 0.4171 0.2447 
0.2544 0.4569 0.0006 0.2881 
0.9303 0.0648 0.0049 0.0000 
0.9398 0.0168 0.0000 0.0434 
0.3367 0.1717 0.2201 0.2715 
0.3115 0.1763 0.2080 0.3042 
0.3080 0.1853 0.1947 0.3119 

MOTIF filter18 
letter-probability matrix: alength= 4 w= 13 nsites= 13 
0.2272 0.2625 0.1802 0.3301 
0.3225 0.1739 0.2228 0.2808 
0.2397 0.3046 0.2070 0.2486 
0.0778 0.1831 0.0514 0.6877 
0.1029 0.0000 0.8765 0.0206 
0.0000 1.0000 0.0000 0.0000 
0.9861 0.0000 0.0139 0.0000 
0.8789 0.0000 0.0000 0.1211 
0.0000 0.5331 0.1164 0.3506 
0.7221 0.2558 0.0000 0.0221 
0.1980 0.2923 0.1602 0.3495 
0.1891 0.4582 0.0587 0.2939 
0.2583 0.2567 0.1944 0.2906 

MOTIF filter19 
letter-probability matrix: alength= 4 w= 12 nsites= 12 
0.2217 0.2528 0.3182 0.2073 
0.2315 0.2589 0.2955 0.2141 
0.1853 0.3261 0.2425 0.2461 
0.0000 1.0000 0.0000 0.0000 
1.0000 0.0000 0.0000 0.0000 
0.0000 0.7761 0.0000 0.2239 
0.1232 0.0000 0.8768 0.0000 
0.0644 0.2230 0.0000 0.7126 
0.0068 0.0084 0.8978 0.0870 
0.2518 0.2132 0.4605 0.0745 
0.0868 0.4759 0.0913 0.3460 
0.1361 0.3826 0.2088 0.2725 

MOTIF filter20 
letter-probability matrix: alength= 4 w= 14 nsites= 14 
0.2992 0.2255 0.2102 0.2651 
0.2811 0.1630 0.2507 0.3052 
0.3775 0.1610 0.2714 0.1900 
0.0000 0.0000 0.0000 1.0000 
0.0000 0.0000 0.1127 0.8873 
0.2509 0.0000 0.5898 0.1594 
0.0402 0.7088 0.0331 0.2179 
0.2513 0.0565 0.6178 0.0743 
0.1307 0.6041 0.0000 0.2652 
0.8858 0.1142 0.0000 0.0000 
1.0000 0.0000 0.0000 0.0000 
0.0000 0.2943 0.0352 0.6705 
0.2866 0.2613 0.1714 0.2806 
0.2598 0.2102 0.1954 0.3345 

MOTIF filter21 
letter-probability matrix: alength= 4 w= 12 nsites= 12 
0.2346 0.2489 0.3140 0.2024 
0.3608 0.1690 0.3219 0.1483 
0.1642 0.4678 0.2711 0.0969 
0.1442 0.8460 0.0076 0.0021 
0.6967 0.0000 0.2362 0.0671 
0.0000 0.9641 0.0000 0.0359 
0.1595 0.0000 0.8405 0.0000 
0.0029 0.0000 0.0000 0.9971 
0.0000 0.0000 0.9952 0.0048 
0.1044 0.3781 0.3203 0.1971 
0.2199 0.2936 0.2482 0.2383 
0.1996 0.3125 0.2601 0.2277 

MOTIF filter22 
letter-probability matrix: alength= 4 w= 11 nsites= 11 
0.3328 0.2179 0.2538 0.1955 
0.6147 0.3122 0.0000 0.0730 
0.2226 0.5961 0.1725 0.0087 
1.0000 0.0000 0.0000 0.0000 
0.0000 0.0000 0.0000 1.0000 
0.0315 0.0477 0.6834 0.2373 
0.0478 0.0227 0.6415 0.2880 
0.0894 0.1340 0.0000 0.7765 
0.1017 0.0202 0.6659 0.2122 
0.1914 0.1298 0.5259 0.1528 
0.2803 0.2669 0.2047 0.2481 

MOTIF filter23 
letter-probability matrix: alength= 4 w= 15 nsites= 15 
0.3345 0.1660 0.2798 0.2196 
0.3506 0.1703 0.2023 0.2767 
0.2327 0.1569 0.3116 0.2989 
0.7062 0.0380 0.2558 0.0000 
0.0000 0.0000 0.0000 1.0000 
0.0000 0.0000 0.0000 1.0000 
0.0557 0.0000 0.8970 0.0472 
0.0083 0.9336 0.0217 0.0364 
0.4204 0.0904 0.3496 0.1397 
0.1644 0.3498 0.0063 0.4796 
0.6013 0.3987 0.0000 0.0000 
0.9991 0.0000 0.0009 0.0000 
0.1578 0.3057 0.1722 0.3642 
0.2950 0.2167 0.1537 0.3346 
0.2540 0.2087 0.2679 0.2694 

MOTIF filter24 
letter-probability matrix: alength= 4 w= 13 nsites= 13 
0.1906 0.3435 0.2340 0.2319 
0.1725 0.4077 0.2230 0.1968 
0.5788 0.0659 0.2802 0.0751 
0.0011 0.8186 0.0216 0.1587 
0.0615 0.0000 0.0040 0.9344 
0.0000 0.0000 0.0000 1.0000 
0.0000 1.0000 0.0000 0.0000 
0.0000 1.0000 0.0000 0.0000 
0.0000 0.0000 0.7245 0.2755 
0.0059 0.1291 0.8091 0.0559 
0.0493 0.3285 0.1358 0.4865 
0.1560 0.3144 0.2410 0.2887 
0.1948 0.3200 0.2546 0.2306 

MOTIF filter25 
letter-probability matrix: alength= 4 w= 13 nsites= 13 
0.2578 0.2076 0.2531 0.2815 
0.2185 0.1801 0.4004 0.2009 
0.4436 0.2572 0.2855 0.0138 
0.0000 0.0000 0.0000 1.0000 
0.0000 0.0000 0.9559 0.0441 
1.0000 0.0000 0.0000 0.0000 
0.0473 0.5016 0.3991 0.0521 
0.0000 0.0000 0.0000 1.0000 
0.0631 0.9369 0.0000 0.0000 
1.0000 0.0000 0.0000 0.0000 
0.1332 0.2479 0.3369 0.2820 
0.2368 0.3315 0.2085 0.2232 
0.2931 0.2424 0.2179 0.2467 

MOTIF filter26 
letter-probability matrix: alength= 4 w= 14 nsites= 14 
0.2777 0.2499 0.2096 0.2628 
0.3068 0.1644 0.2268 0.3020 
0.3647 0.1778 0.2944 0.1631 
0.0000 0.0008 0.0000 0.9992 
0.0000 0.0000 0.2034 0.7966 
0.3052 0.0000 0.5733 0.1215 
0.0877 0.4740 0.0908 0.3475 
0.1496 0.0352 0.7768 0.0384 
0.0708 0.8324 0.0000 0.0968 
0.9936 0.0064 0.0000 0.0000 
1.0000 0.0000 0.0000 0.0000 
0.0047 0.2696 0.0864 0.6393 
0.3106 0.2872 0.1567 0.2455 
0.2716 0.2127 0.1750 0.3407 

MOTIF filter27 
letter-probability matrix: alength= 4 w= 14 nsites= 14 
0.3397 0.2129 0.2134 0.2339 
0.3214 0.1690 0.2636 0.2460 
0.5935 0.0549 0.3516 0.0000 
0.0000 0.0101 0.0000 0.9899 
0.0000 0.0000 1.0000 0.0000 
0.6676 0.0274 0.0000 0.3050 
0.1641 0.1303 0.1954 0.5102 
0.0000 0.0000 0.9573 0.0427 
0.3044 0.5326 0.0000 0.1629 
0.9394 0.0606 0.0000 0.0000 
1.0000 0.0000 0.0000 0.0000 
0.2508 0.2148 0.2166 0.3178 
0.3072 0.2427 0.2024 0.2477 
0.3085 0.2013 0.2367 0.2535 

MOTIF filter28 
letter-probability matrix: alength= 4 w= 11 nsites= 11 
0.1649 0.4193 0.2069 0.2089 
0.1958 0.1637 0.1741 0.4664 
0.0315 0.2497 0.6105 0.1083 
1.0000 0.0000 0.0000 0.0000 
0.0000 0.0000 0.0000 1.0000 
0.0383 0.0000 0.0000 0.9617 
0.0000 0.0046 0.9954 0.0000 
0.0000 0.0000 1.0000 0.0000 
0.1307 0.3493 0.0408 0.4792 
0.0381 0.3579 0.2009 0.4031 
0.2579 0.2957 0.3193 0.1271 

MOTIF filter29 
letter-probability matrix: alength= 4 w= 14 nsites= 14 
0.2668 0.2253 0.2978 0.2101 
0.2888 0.2471 0.2913 0.1727 
0.5569 0.1579 0.1830 0.1021 
0.1002 0.7249 0.1730 0.0019 
0.5203 0.4739 0.0057 0.0000 
0.0000 0.0000 1.0000 0.0000 
0.0000 0.0000 1.0000 0.0000 
1.0000 0.0000 0.0000 0.0000 
0.9102 0.0041 0.0000 0.0857 
0.1124 0.0041 0.8835 0.0000 
0.0101 0.1788 0.0170 0.7942 
0.1786 0.2143 0.4130 0.1941 
0.2563 0.2115 0.3224 0.2098 
0.1991 0.3073 0.3085 0.1851 

