MEME version 4

ALPHABET= ACGT

Background letter frequencies:
A 0.2500 C 0.2500 G 0.2500 T 0.2500 

MOTIF filter0 
letter-probability matrix: alength= 4 w= 19 nsites= 19 
0.3629 0.2236 0.2431 0.1704 
0.4261 0.1825 0.1308 0.2606 
0.3351 0.1903 0.1784 0.2962 
0.1400 0.2598 0.1657 0.4345 
0.2229 0.2736 0.2517 0.2518 
0.3704 0.2306 0.2247 0.1743 
0.3433 0.0483 0.2767 0.3316 
0.0277 0.6697 0.0508 0.2518 
0.0005 0.7836 0.0200 0.1959 
0.9231 0.0090 0.0416 0.0262 
0.9996 0.0000 0.0002 0.0002 
0.0000 0.0000 0.0000 1.0000 
0.0558 0.3637 0.1054 0.4751 
0.5751 0.0441 0.3731 0.0077 
0.3301 0.0704 0.5256 0.0739 
0.3797 0.3191 0.1090 0.1923 
0.3281 0.0734 0.2375 0.3610 
0.1859 0.2709 0.3246 0.2186 
0.2426 0.2391 0.2179 0.3005 

MOTIF filter1 
letter-probability matrix: alength= 4 w= 19 nsites= 19 
0.2348 0.3122 0.2522 0.2008 
0.2066 0.2722 0.3322 0.1891 
0.2260 0.2501 0.3393 0.1846 
0.3102 0.2297 0.3352 0.1249 
0.4390 0.1827 0.3191 0.0591 
0.0535 0.7855 0.1552 0.0058 
0.2663 0.7314 0.0022 0.0000 
0.0000 0.0000 1.0000 0.0000 
0.0000 0.0000 1.0000 0.0000 
0.9988 0.0000 0.0000 0.0012 
0.9463 0.0072 0.0000 0.0465 
0.1914 0.0611 0.7463 0.0013 
0.0484 0.2596 0.1054 0.5866 
0.2261 0.1705 0.4767 0.1267 
0.2706 0.2230 0.3974 0.1090 
0.1796 0.3476 0.2982 0.1746 
0.2045 0.2421 0.3124 0.2411 
0.2034 0.2952 0.3002 0.2011 
0.2035 0.3134 0.2670 0.2162 

MOTIF filter2 
letter-probability matrix: alength= 4 w= 19 nsites= 19 
0.2688 0.3045 0.1559 0.2707 
0.2961 0.2359 0.2188 0.2493 
0.3540 0.1406 0.2019 0.3034 
0.3271 0.0983 0.4272 0.1474 
0.3439 0.0791 0.5770 0.0000 
0.0001 0.0103 0.0020 0.9876 
0.0000 0.4669 0.5330 0.0001 
1.0000 0.0000 0.0000 0.0000 
0.0001 0.6513 0.0009 0.3477 
0.3093 0.0454 0.4799 0.1653 
0.0187 0.2646 0.0404 0.6764 
0.2472 0.2741 0.2732 0.2055 
0.4583 0.1546 0.2426 0.1445 
0.1194 0.4515 0.1513 0.2779 
0.2572 0.3553 0.1425 0.2449 
0.2805 0.1984 0.2379 0.2832 
0.2023 0.2594 0.2575 0.2808 
0.3345 0.1786 0.1309 0.3560 
0.2291 0.2590 0.1547 0.3572 

MOTIF filter3 
letter-probability matrix: alength= 4 w= 19 nsites= 19 
0.2021 0.2980 0.3377 0.1622 
0.2255 0.3454 0.2802 0.1489 
0.1796 0.3823 0.2958 0.1423 
0.2706 0.2790 0.3172 0.1332 
0.2002 0.3573 0.2519 0.1905 
0.1862 0.3014 0.3806 0.1319 
0.2229 0.2953 0.3589 0.1229 
0.1472 0.3719 0.2008 0.2801 
0.1258 0.2107 0.5611 0.1023 
0.0622 0.0708 0.7886 0.0784 
0.0491 0.7731 0.1155 0.0623 
0.1853 0.4795 0.2443 0.0909 
0.0993 0.0259 0.7924 0.0824 
0.0096 0.9886 0.0015 0.0003 
0.0027 0.9851 0.0119 0.0002 
0.9487 0.0209 0.0288 0.0016 
0.0092 0.1034 0.0555 0.8319 
0.0776 0.2962 0.3599 0.2663 
0.1612 0.1114 0.2370 0.4905 

MOTIF filter4 
letter-probability matrix: alength= 4 w= 19 nsites= 19 
0.2645 0.2686 0.2611 0.2058 
0.2768 0.2290 0.2214 0.2728 
0.2573 0.2494 0.2647 0.2287 
0.2753 0.2111 0.2606 0.2531 
0.2590 0.2726 0.2405 0.2279 
0.3079 0.2262 0.2408 0.2250 
0.2699 0.2004 0.3012 0.2284 
0.2026 0.2164 0.3261 0.2549 
0.2222 0.1669 0.3818 0.2290 
0.4361 0.2229 0.3296 0.0113 
0.0000 0.0000 0.0000 1.0000 
0.0000 0.0000 0.9663 0.0337 
0.9999 0.0000 0.0000 0.0001 
0.0320 0.4686 0.4669 0.0325 
0.0001 0.0000 0.0000 0.9999 
0.0413 0.9587 0.0000 0.0000 
1.0000 0.0000 0.0000 0.0000 
0.0173 0.3335 0.2189 0.4303 
0.2406 0.3761 0.1609 0.2225 

MOTIF filter5 
letter-probability matrix: alength= 4 w= 19 nsites= 19 
0.4901 0.1353 0.0666 0.3080 
0.4591 0.0617 0.0478 0.4314 
0.4260 0.0350 0.0138 0.5252 
0.3954 0.0459 0.0183 0.5405 
0.3305 0.0508 0.0563 0.5624 
0.5270 0.0205 0.0118 0.4406 
0.8769 0.0000 0.0134 0.1098 
0.3633 0.0042 0.0110 0.6215 
0.5371 0.0000 0.0072 0.4556 
0.4442 0.0901 0.0769 0.3888 
0.4340 0.0386 0.0426 0.4848 
0.4020 0.0718 0.0298 0.4964 
0.3444 0.1441 0.0870 0.4245 
0.3945 0.0893 0.1028 0.4134 
0.4933 0.0443 0.0927 0.3697 
0.4561 0.0476 0.1199 0.3764 
0.4902 0.0786 0.1176 0.3136 
0.4005 0.0880 0.0919 0.4197 
0.4515 0.0613 0.0926 0.3946 

MOTIF filter6 
letter-probability matrix: alength= 4 w= 19 nsites= 19 
0.2795 0.2428 0.2938 0.1839 
0.2522 0.2883 0.2308 0.2287 
0.2791 0.2478 0.2083 0.2648 
0.3723 0.1262 0.3270 0.1745 
0.2945 0.2109 0.2606 0.2340 
0.2159 0.0886 0.3402 0.3552 
0.6144 0.0645 0.3167 0.0045 
0.0000 0.0000 0.0000 1.0000 
0.0000 0.0000 0.1959 0.8041 
0.2868 0.0000 0.5778 0.1354 
0.0272 0.6705 0.0589 0.2434 
0.2014 0.0499 0.7200 0.0286 
0.1933 0.5262 0.0001 0.2804 
0.7903 0.2097 0.0000 0.0000 
1.0000 0.0000 0.0000 0.0000 
0.0068 0.2792 0.0728 0.6412 
0.3458 0.3452 0.0918 0.2173 
0.2637 0.2414 0.2136 0.2813 
0.1890 0.3269 0.1370 0.3470 

MOTIF filter7 
letter-probability matrix: alength= 4 w= 19 nsites= 19 
0.5975 0.0143 0.0827 0.3056 
0.5720 0.0029 0.0070 0.4180 
0.4749 0.0122 0.0029 0.5100 
0.3051 0.1582 0.0885 0.4482 
0.0407 0.0725 0.0024 0.8843 
0.0009 0.0016 0.9974 0.0000 
0.0251 0.9502 0.0000 0.0247 
0.1010 0.1683 0.0028 0.7279 
0.2210 0.0086 0.5541 0.2163 
0.8263 0.0114 0.1397 0.0226 
0.0253 0.5685 0.2621 0.1441 
0.1538 0.2370 0.1810 0.4282 
0.2181 0.3358 0.0794 0.3667 
0.4457 0.1407 0.2072 0.2064 
0.2586 0.0459 0.5837 0.1118 
0.1219 0.5489 0.2539 0.0754 
0.4968 0.2847 0.0969 0.1216 
0.5711 0.0925 0.1145 0.2219 
0.4836 0.0634 0.0540 0.3991 

MOTIF filter8 
letter-probability matrix: alength= 4 w= 19 nsites= 19 
0.0786 0.4442 0.3967 0.0805 
0.1890 0.2417 0.3944 0.1749 
0.0842 0.1767 0.6050 0.1340 
0.1559 0.2219 0.4712 0.1509 
0.0715 0.2409 0.6398 0.0478 
0.1496 0.3777 0.1728 0.2998 
0.0347 0.2729 0.4881 0.2043 
0.0140 0.3436 0.4792 0.1632 
0.0335 0.1919 0.5262 0.2484 
0.0284 0.1319 0.7159 0.1237 
0.3721 0.0259 0.5984 0.0036 
0.0089 0.1229 0.3287 0.5395 
0.0510 0.0000 0.5582 0.3908 
0.0049 0.0091 0.9781 0.0080 
0.0001 0.0000 0.9996 0.0003 
0.0396 0.3997 0.1751 0.3855 
0.0104 0.2416 0.5390 0.2089 
0.1103 0.2243 0.5583 0.1071 
0.1826 0.1289 0.6309 0.0576 

MOTIF filter9 
letter-probability matrix: alength= 4 w= 19 nsites= 19 
0.2610 0.2586 0.1718 0.3086 
0.4014 0.1773 0.3158 0.1055 
0.7161 0.0412 0.1619 0.0808 
0.3947 0.1964 0.3343 0.0747 
0.1689 0.1869 0.0790 0.5652 
0.1338 0.6782 0.0747 0.1134 
0.4874 0.0043 0.0009 0.5074 
0.0000 0.0000 1.0000 0.0000 
0.0000 1.0000 0.0000 0.0000 
0.7299 0.0000 0.0036 0.2665 
0.1640 0.1828 0.4849 0.1683 
0.5305 0.0801 0.1557 0.2337 
0.1398 0.2687 0.1388 0.4528 
0.0978 0.1671 0.0390 0.6961 
0.1186 0.3163 0.1798 0.3852 
0.2849 0.1511 0.2169 0.3471 
0.1953 0.2015 0.3053 0.2978 
0.2130 0.2381 0.3357 0.2132 
0.2532 0.3190 0.2070 0.2208 

MOTIF filter10 
letter-probability matrix: alength= 4 w= 19 nsites= 19 
0.1028 0.5013 0.1769 0.2190 
0.0548 0.2216 0.0948 0.6288 
0.0103 0.2064 0.5892 0.1941 
0.9947 0.0000 0.0053 0.0000 
0.0000 0.0012 0.0000 0.9988 
0.0104 0.0000 0.0000 0.9896 
0.0000 0.0052 0.9910 0.0038 
0.0005 0.0467 0.9528 0.0000 
0.1635 0.3663 0.0648 0.4054 
0.0306 0.4193 0.1038 0.4462 
0.3258 0.3094 0.2845 0.0803 
0.4930 0.1316 0.2510 0.1244 
0.1924 0.2084 0.1810 0.4182 
0.2513 0.1672 0.2513 0.3302 
0.1497 0.2948 0.2075 0.3480 
0.2353 0.1913 0.1974 0.3760 
0.3050 0.2001 0.2789 0.2160 
0.2795 0.2789 0.2636 0.1780 
0.2940 0.2021 0.2224 0.2815 

MOTIF filter11 
letter-probability matrix: alength= 4 w= 19 nsites= 19 
0.1638 0.2517 0.2471 0.3374 
0.1989 0.2460 0.2820 0.2731 
0.3345 0.1974 0.1651 0.3030 
0.4191 0.1837 0.2517 0.1456 
0.4081 0.2316 0.1531 0.2072 
0.4516 0.1747 0.1875 0.1862 
0.1386 0.2832 0.1440 0.4341 
0.1258 0.2939 0.3448 0.2354 
0.4071 0.2188 0.3318 0.0424 
0.5152 0.0532 0.3297 0.1019 
0.0000 0.9979 0.0017 0.0004 
0.0017 0.9947 0.0037 0.0000 
0.9841 0.0000 0.0000 0.0159 
0.9955 0.0000 0.0045 0.0000 
0.0000 0.0127 0.0000 0.9873 
0.1465 0.6177 0.2041 0.0316 
0.7093 0.0692 0.2125 0.0090 
0.1839 0.1734 0.5533 0.0894 
0.3411 0.3717 0.1541 0.1331 

MOTIF filter12 
letter-probability matrix: alength= 4 w= 19 nsites= 19 
0.2689 0.2240 0.2474 0.2598 
0.3143 0.1990 0.2385 0.2481 
0.2895 0.2421 0.2189 0.2495 
0.3007 0.2230 0.2169 0.2594 
0.2735 0.2109 0.2838 0.2318 
0.2184 0.2058 0.2745 0.3013 
0.1922 0.1749 0.4327 0.2003 
0.4084 0.3152 0.2647 0.0116 
0.0000 0.0006 0.0000 0.9994 
0.0000 0.0000 0.9573 0.0427 
0.9995 0.0000 0.0000 0.0005 
0.0183 0.4687 0.4833 0.0298 
0.0000 0.0000 0.0000 1.0000 
0.0326 0.9674 0.0000 0.0000 
1.0000 0.0000 0.0000 0.0000 
0.0094 0.2689 0.3007 0.4211 
0.1721 0.4506 0.1734 0.2040 
0.2909 0.2882 0.2114 0.2094 
0.2491 0.2871 0.2022 0.2616 

MOTIF filter13 
letter-probability matrix: alength= 4 w= 19 nsites= 19 
0.2694 0.0176 0.0567 0.6563 
0.0053 0.1773 0.0363 0.7811 
0.1823 0.0035 0.6977 0.1166 
0.0000 1.0000 0.0000 0.0000 
0.9381 0.0002 0.0472 0.0145 
0.7520 0.0000 0.0505 0.1975 
0.0000 0.6130 0.1150 0.2719 
0.9248 0.0022 0.0446 0.0283 
0.2154 0.2794 0.1220 0.3832 
0.3023 0.2593 0.1500 0.2884 
0.3047 0.2073 0.2475 0.2405 
0.2978 0.1851 0.1660 0.3511 
0.2567 0.1999 0.2160 0.3274 
0.2326 0.2102 0.3323 0.2250 
0.2730 0.2758 0.2373 0.2139 
0.2658 0.2283 0.2141 0.2918 
0.2937 0.1745 0.2471 0.2848 
0.3289 0.1725 0.2424 0.2561 
0.3187 0.1729 0.1829 0.3256 

MOTIF filter14 
letter-probability matrix: alength= 4 w= 19 nsites= 19 
0.3990 0.1298 0.3082 0.1629 
0.3453 0.1624 0.2154 0.2769 
0.1919 0.1061 0.3450 0.3570 
0.6311 0.0853 0.2767 0.0068 
0.0000 0.0000 0.0000 1.0000 
0.0000 0.0000 0.0000 1.0000 
0.0423 0.0000 0.9494 0.0084 
0.0133 0.8569 0.0077 0.1220 
0.3895 0.0736 0.4409 0.0961 
0.1436 0.5081 0.0000 0.3483 
0.6817 0.3183 0.0000 0.0000 
1.0000 0.0000 0.0000 0.0000 
0.0097 0.3909 0.0889 0.5106 
0.3356 0.2447 0.0927 0.3271 
0.2498 0.2155 0.2803 0.2544 
0.1939 0.3483 0.1319 0.3259 
0.3307 0.2098 0.1917 0.2678 
0.2285 0.3059 0.1699 0.2957 
0.2191 0.2066 0.2025 0.3718 

MOTIF filter15 
letter-probability matrix: alength= 4 w= 19 nsites= 19 
0.3369 0.1201 0.3952 0.1478 
0.1396 0.4123 0.3030 0.1450 
0.0000 1.0000 0.0000 0.0000 
0.9495 0.0000 0.0055 0.0450 
0.0000 0.7740 0.0013 0.2247 
0.1780 0.0024 0.8197 0.0000 
0.0733 0.0562 0.0024 0.8681 
0.0000 0.0000 1.0000 0.0000 
0.1612 0.2512 0.4433 0.1443 
0.1510 0.3968 0.1559 0.2962 
0.1714 0.3668 0.2265 0.2352 
0.2309 0.2714 0.2806 0.2171 
0.1852 0.2904 0.2723 0.2521 
0.2513 0.2728 0.2746 0.2012 
0.2315 0.2701 0.2997 0.1988 
0.2113 0.2898 0.2664 0.2325 
0.2296 0.2820 0.2714 0.2170 
0.2043 0.2900 0.2911 0.2146 
0.2107 0.2762 0.2942 0.2189 

MOTIF filter16 
letter-probability matrix: alength= 4 w= 19 nsites= 19 
0.0752 0.7283 0.0892 0.1072 
0.0677 0.2857 0.0060 0.6406 
0.8794 0.0337 0.0040 0.0829 
0.4856 0.0026 0.0067 0.5050 
0.5748 0.0028 0.0022 0.4201 
0.4501 0.0045 0.0023 0.5431 
0.5479 0.0026 0.0078 0.4416 
0.0919 0.0067 0.0392 0.8623 
0.6826 0.0030 0.2706 0.0438 
0.1038 0.1006 0.7273 0.0683 
0.3835 0.2840 0.0879 0.2447 
0.4547 0.1943 0.0901 0.2608 
0.3462 0.1698 0.1865 0.2975 
0.3334 0.1809 0.1682 0.3175 
0.3080 0.1396 0.2320 0.3203 
0.3076 0.1738 0.1809 0.3377 
0.2846 0.2021 0.1872 0.3262 
0.3188 0.1708 0.2179 0.2925 
0.2525 0.1564 0.2896 0.3014 

MOTIF filter17 
letter-probability matrix: alength= 4 w= 19 nsites= 19 
0.0888 0.6254 0.1584 0.1275 
0.1686 0.5254 0.1640 0.1420 
0.2568 0.3855 0.2201 0.1376 
0.1321 0.2369 0.6001 0.0309 
0.2018 0.3867 0.3753 0.0361 
0.1018 0.6735 0.1189 0.1057 
0.0264 0.8337 0.0660 0.0740 
0.0690 0.7725 0.1313 0.0272 
0.1116 0.5414 0.3424 0.0046 
0.1879 0.4035 0.3942 0.0144 
0.0072 0.9899 0.0000 0.0029 
0.0000 0.9751 0.0249 0.0000 
0.4690 0.4012 0.0435 0.0863 
0.2994 0.5577 0.1416 0.0013 
0.1692 0.4620 0.0582 0.3105 
0.1157 0.6180 0.1566 0.1097 
0.2740 0.4958 0.1868 0.0434 
0.1097 0.6127 0.2547 0.0229 
0.1838 0.4316 0.2719 0.1127 

MOTIF filter18 
letter-probability matrix: alength= 4 w= 19 nsites= 19 
0.2726 0.2274 0.1794 0.3207 
0.3398 0.1450 0.3370 0.1782 
0.2603 0.2732 0.2294 0.2371 
0.3535 0.1042 0.2538 0.2885 
0.4236 0.1231 0.3817 0.0715 
0.0080 0.0089 0.0021 0.9810 
0.0148 0.0020 0.3661 0.6171 
0.4310 0.0242 0.4572 0.0877 
0.1380 0.2696 0.0646 0.5278 
0.0064 0.0000 0.9925 0.0011 
0.0101 0.9765 0.0000 0.0134 
1.0000 0.0000 0.0000 0.0000 
1.0000 0.0000 0.0000 0.0000 
0.0304 0.2195 0.1085 0.6416 
0.3202 0.3529 0.1361 0.1909 
0.2887 0.2100 0.1949 0.3064 
0.1997 0.2863 0.1507 0.3633 
0.2613 0.2338 0.2419 0.2630 
0.2831 0.1867 0.2817 0.2485 

MOTIF filter19 
letter-probability matrix: alength= 4 w= 19 nsites= 19 
0.2484 0.1866 0.1119 0.4531 
0.2061 0.1338 0.2602 0.4000 
0.1464 0.3021 0.3912 0.1603 
0.2084 0.4630 0.0744 0.2542 
0.2498 0.2236 0.1718 0.3549 
0.4341 0.1056 0.2907 0.1696 
0.4369 0.1806 0.1749 0.2076 
0.1464 0.2740 0.5512 0.0284 
0.0050 0.0046 0.0008 0.9896 
0.0565 0.9380 0.0000 0.0056 
0.9576 0.0039 0.0365 0.0020 
0.0084 0.0000 0.9318 0.0599 
0.0000 0.9961 0.0039 0.0000 
0.9156 0.0022 0.0521 0.0301 
0.4963 0.1055 0.1479 0.2503 
0.4939 0.0116 0.0416 0.4529 
0.4331 0.0057 0.0117 0.5496 
0.3080 0.1270 0.0187 0.5463 
0.2002 0.2161 0.0979 0.4858 

MOTIF filter20 
letter-probability matrix: alength= 4 w= 19 nsites= 19 
0.1793 0.4189 0.3042 0.0976 
0.0698 0.9117 0.0097 0.0089 
0.5876 0.0011 0.3741 0.0372 
0.0000 0.9140 0.0000 0.0860 
0.1927 0.0000 0.8073 0.0000 
0.0172 0.2534 0.0000 0.7295 
0.0000 0.0015 0.9551 0.0434 
0.0972 0.3672 0.3886 0.1469 
0.1493 0.3692 0.2136 0.2680 
0.1644 0.3484 0.2332 0.2539 
0.1906 0.2955 0.2902 0.2237 
0.1614 0.2752 0.3376 0.2259 
0.1691 0.2992 0.3228 0.2089 
0.1774 0.2902 0.3411 0.1913 
0.1919 0.3067 0.2729 0.2285 
0.1808 0.3056 0.3103 0.2034 
0.1808 0.2753 0.3418 0.2021 
0.1997 0.3010 0.2918 0.2075 
0.1784 0.3398 0.3029 0.1790 

MOTIF filter21 
letter-probability matrix: alength= 4 w= 19 nsites= 19 
0.2575 0.2884 0.2434 0.2107 
0.3310 0.0924 0.2712 0.3054 
0.5058 0.0923 0.3998 0.0022 
0.0000 0.0000 0.0000 1.0000 
0.0002 0.0000 0.5299 0.4700 
0.4638 0.0011 0.3295 0.2056 
0.0992 0.3351 0.0616 0.5041 
0.0130 0.0009 0.9861 0.0000 
0.0503 0.8613 0.0000 0.0884 
1.0000 0.0000 0.0000 0.0000 
1.0000 0.0000 0.0000 0.0000 
0.0042 0.2303 0.0817 0.6838 
0.3390 0.3912 0.1121 0.1577 
0.2907 0.2091 0.1743 0.3259 
0.1787 0.3066 0.1557 0.3590 
0.2716 0.2153 0.2566 0.2564 
0.2553 0.1872 0.3158 0.2416 
0.2168 0.3396 0.2047 0.2389 
0.2555 0.2058 0.1832 0.3555 

MOTIF filter22 
letter-probability matrix: alength= 4 w= 19 nsites= 19 
0.3664 0.1452 0.1677 0.3207 
0.3382 0.1607 0.1739 0.3271 
0.4010 0.1472 0.2093 0.2425 
0.1949 0.2004 0.1645 0.4401 
0.1449 0.2092 0.5425 0.1034 
0.5144 0.4136 0.0715 0.0004 
0.0000 0.0080 0.0004 0.9915 
0.0000 0.0000 0.9769 0.0231 
0.9991 0.0000 0.0000 0.0009 
0.0283 0.6843 0.1854 0.1020 
0.2025 0.0604 0.0438 0.6933 
0.2556 0.4723 0.1011 0.1709 
0.5705 0.0059 0.2438 0.1798 
0.0440 0.0000 0.9365 0.0195 
0.0000 0.9626 0.0290 0.0084 
0.8646 0.0056 0.0520 0.0778 
0.4144 0.1335 0.2069 0.2452 
0.3909 0.0266 0.0678 0.5147 
0.3543 0.0549 0.0341 0.5567 

MOTIF filter23 
letter-probability matrix: alength= 4 w= 19 nsites= 19 
0.0089 0.9694 0.0177 0.0040 
0.6357 0.2065 0.0531 0.1047 
0.1710 0.5164 0.1783 0.1343 
0.3939 0.1170 0.0818 0.4073 
0.1101 0.1640 0.5235 0.2024 
0.4807 0.1980 0.2683 0.0530 
0.1769 0.3189 0.4049 0.0993 
0.1630 0.4059 0.0292 0.4019 
0.1600 0.1288 0.3458 0.3654 
0.1274 0.6368 0.1727 0.0632 
0.0037 0.0994 0.0049 0.8920 
0.0188 0.3075 0.6522 0.0215 
0.9984 0.0000 0.0010 0.0007 
0.0081 0.0563 0.0424 0.8931 
0.0377 0.0063 0.0010 0.9550 
0.0010 0.0031 0.9959 0.0000 
0.0326 0.1128 0.7917 0.0629 
0.1106 0.2702 0.0802 0.5389 
0.1116 0.3977 0.2562 0.2345 

MOTIF filter24 
letter-probability matrix: alength= 4 w= 19 nsites= 19 
0.1747 0.0598 0.6878 0.0778 
0.0446 0.2914 0.6410 0.0231 
0.0000 0.9999 0.0000 0.0001 
0.0000 0.0000 1.0000 0.0000 
0.0226 0.6770 0.2658 0.0345 
0.0665 0.7400 0.0594 0.1341 
0.2514 0.3012 0.3076 0.1398 
0.1354 0.3471 0.2289 0.2887 
0.1725 0.4993 0.1598 0.1684 
0.2143 0.1826 0.2357 0.3674 
0.2612 0.1530 0.3629 0.2230 
0.2071 0.2223 0.3674 0.2032 
0.1924 0.2333 0.2887 0.2856 
0.1567 0.2180 0.4356 0.1897 
0.1467 0.2087 0.4702 0.1743 
0.1204 0.4070 0.2869 0.1856 
0.1914 0.3268 0.3073 0.1746 
0.2068 0.3001 0.3524 0.1406 
0.1735 0.3177 0.2902 0.2185 

MOTIF filter25 
letter-probability matrix: alength= 4 w= 19 nsites= 19 
0.5532 0.0345 0.0620 0.3503 
0.4750 0.0681 0.0305 0.4263 
0.2371 0.1918 0.1584 0.4127 
0.1098 0.0548 0.0114 0.8240 
0.0286 0.0395 0.9250 0.0070 
0.0238 0.9145 0.0004 0.0613 
0.1924 0.2120 0.0133 0.5823 
0.1861 0.0970 0.4710 0.2459 
0.6372 0.0703 0.0600 0.2326 
0.0989 0.1345 0.7406 0.0260 
0.0017 0.0000 0.0000 0.9983 
0.0289 0.9707 0.0004 0.0000 
0.9942 0.0000 0.0058 0.0000 
0.0027 0.0775 0.4603 0.4594 
0.0907 0.6019 0.1465 0.1609 
0.5363 0.1389 0.1739 0.1509 
0.2377 0.2126 0.1319 0.4178 
0.3075 0.1475 0.1673 0.3777 
0.3418 0.1260 0.1335 0.3987 

MOTIF filter26 
letter-probability matrix: alength= 4 w= 19 nsites= 19 
0.3054 0.1774 0.1983 0.3189 
0.2844 0.1778 0.2101 0.3277 
0.2735 0.2020 0.1930 0.3316 
0.2543 0.2627 0.1645 0.3185 
0.1959 0.3804 0.1616 0.2622 
0.3695 0.0363 0.0006 0.5935 
0.0545 0.0005 0.2879 0.6571 
1.0000 0.0000 0.0000 0.0000 
0.0000 0.0000 0.0000 1.0000 
0.6803 0.2607 0.0000 0.0589 
0.6116 0.0003 0.0349 0.3531 
0.2664 0.1721 0.3647 0.1968 
0.3337 0.1611 0.2289 0.2763 
0.3195 0.2051 0.1978 0.2776 
0.3382 0.2072 0.1696 0.2849 
0.3526 0.1890 0.1655 0.2930 
0.3004 0.1915 0.1636 0.3444 
0.3453 0.1915 0.1799 0.2832 
0.2968 0.2551 0.1888 0.2593 

MOTIF filter27 
letter-probability matrix: alength= 4 w= 19 nsites= 19 
0.2817 0.2232 0.2188 0.2763 
0.3676 0.1532 0.2922 0.1870 
0.2978 0.2038 0.2243 0.2741 
0.1652 0.1154 0.3246 0.3948 
0.6219 0.1295 0.2446 0.0041 
0.0000 0.0000 0.0000 1.0000 
0.0000 0.0000 0.0000 1.0000 
0.0470 0.0000 0.8772 0.0757 
0.0015 0.9970 0.0000 0.0015 
0.6321 0.0715 0.2040 0.0923 
0.1105 0.3383 0.0417 0.5094 
0.4965 0.4603 0.0056 0.0375 
0.9348 0.0173 0.0239 0.0240 
0.0872 0.3702 0.1474 0.3952 
0.2666 0.2584 0.1319 0.3431 
0.2312 0.2692 0.2391 0.2605 
0.1925 0.2955 0.1644 0.3477 
0.2773 0.2134 0.2332 0.2761 
0.2305 0.2888 0.1962 0.2845 

MOTIF filter28 
letter-probability matrix: alength= 4 w= 19 nsites= 19 
0.2372 0.2256 0.1965 0.3408 
0.2358 0.2212 0.2271 0.3160 
0.2292 0.2105 0.2449 0.3154 
0.3574 0.2109 0.2415 0.1902 
0.5877 0.0856 0.1814 0.1453 
0.4504 0.0733 0.2568 0.2195 
0.5049 0.0751 0.0949 0.3250 
0.4443 0.0795 0.1440 0.3321 
0.2894 0.1079 0.2146 0.3880 
0.0083 0.0510 0.0002 0.9405 
0.0000 0.0008 0.9992 0.0000 
0.0875 0.8048 0.0000 0.1077 
0.0000 0.0235 0.0002 0.9763 
0.0000 0.0000 0.9906 0.0094 
0.8927 0.0854 0.0000 0.0219 
0.2147 0.2801 0.3917 0.1135 
0.3964 0.1207 0.1408 0.3421 
0.1689 0.2888 0.1921 0.3502 
0.3902 0.1676 0.2503 0.1918 

MOTIF filter29 
letter-probability matrix: alength= 4 w= 19 nsites= 19 
0.2108 0.3160 0.2712 0.2020 
0.1741 0.2986 0.3453 0.1819 
0.1139 0.4139 0.2096 0.2627 
0.1289 0.4940 0.1807 0.1964 
0.5847 0.1079 0.2609 0.0465 
0.0006 0.7476 0.0616 0.1901 
0.0419 0.0000 0.0059 0.9522 
0.0000 0.0000 0.0000 1.0000 
0.0000 0.9998 0.0002 0.0000 
0.0000 1.0000 0.0000 0.0000 
0.0000 0.0031 0.6867 0.3102 
0.0036 0.1641 0.7662 0.0661 
0.0480 0.2870 0.1827 0.4822 
0.1273 0.3039 0.2678 0.3010 
0.1603 0.3623 0.2851 0.1922 
0.1711 0.3325 0.2959 0.2005 
0.2018 0.2437 0.3107 0.2438 
0.1442 0.2701 0.3420 0.2437 
0.1641 0.3487 0.2900 0.1972 

