MEME version 4

ALPHABET= ACGT

Background letter frequencies:
A 0.2500 C 0.2500 G 0.2500 T 0.2500 

MOTIF filter0 
letter-probability matrix: alength= 4 w= 19 nsites= 19 
0.2202 0.1998 0.2127 0.3673 
0.4441 0.2607 0.2164 0.0787 
0.0946 0.5744 0.1519 0.1791 
0.1479 0.7496 0.0656 0.0370 
0.0518 0.0405 0.8998 0.0080 
0.0242 0.0177 0.9059 0.0523 
0.9586 0.0096 0.0079 0.0239 
0.8538 0.0287 0.0079 0.1096 
0.3397 0.1128 0.4763 0.0711 
0.1028 0.2219 0.1184 0.5569 
0.2226 0.2339 0.3666 0.1768 
0.2775 0.2201 0.3394 0.1630 
0.2218 0.2944 0.2453 0.2384 
0.2865 0.1680 0.2705 0.2749 
0.2178 0.2294 0.2410 0.3118 
0.2083 0.2688 0.2816 0.2413 
0.2554 0.2678 0.2920 0.1847 
0.1857 0.3116 0.2385 0.2642 
0.2297 0.2820 0.2403 0.2480 

MOTIF filter1 
letter-probability matrix: alength= 4 w= 19 nsites= 19 
0.2621 0.2960 0.2444 0.1975 
0.2562 0.2688 0.2401 0.2349 
0.2324 0.2809 0.2391 0.2475 
0.2162 0.2615 0.3078 0.2145 
0.2729 0.2286 0.2697 0.2288 
0.2250 0.2570 0.3159 0.2020 
0.1771 0.1741 0.3422 0.3066 
0.5408 0.1281 0.3064 0.0247 
0.0078 0.0059 0.0078 0.9785 
0.0121 0.0118 0.0139 0.9622 
0.1444 0.0062 0.7565 0.0929 
0.0296 0.8892 0.0345 0.0467 
0.1991 0.0394 0.7257 0.0359 
0.2042 0.4398 0.0271 0.3289 
0.6070 0.3468 0.0150 0.0312 
0.9646 0.0053 0.0145 0.0156 
0.0419 0.2985 0.2032 0.4564 
0.3563 0.3441 0.1279 0.1718 
0.1563 0.3103 0.2965 0.2369 

MOTIF filter2 
letter-probability matrix: alength= 4 w= 19 nsites= 19 
0.1061 0.6067 0.1527 0.1345 
0.2766 0.2552 0.2778 0.1904 
0.2415 0.3135 0.2617 0.1833 
0.2475 0.2102 0.1822 0.3602 
0.2125 0.2777 0.2749 0.2349 
0.2347 0.2594 0.3032 0.2026 
0.2653 0.2605 0.2450 0.2292 
0.2505 0.3466 0.1357 0.2673 
0.1505 0.2927 0.2032 0.3535 
0.1767 0.3656 0.2422 0.2156 
0.0400 0.3135 0.1609 0.4856 
0.0730 0.2639 0.4530 0.2101 
0.9140 0.0093 0.0610 0.0157 
0.0057 0.0558 0.0215 0.9170 
0.0869 0.0061 0.0064 0.9006 
0.0112 0.0123 0.9666 0.0100 
0.0343 0.0172 0.9385 0.0100 
0.1663 0.2779 0.1069 0.4489 
0.0982 0.3804 0.1551 0.3663 

MOTIF filter3 
letter-probability matrix: alength= 4 w= 19 nsites= 19 
0.3126 0.1906 0.1878 0.3090 
0.1957 0.3080 0.1264 0.3699 
0.2751 0.0797 0.5096 0.1356 
0.0828 0.4521 0.2709 0.1942 
0.0831 0.5042 0.0110 0.4018 
0.4605 0.0934 0.1912 0.2549 
0.3028 0.3247 0.2003 0.1722 
0.1620 0.1937 0.1526 0.4917 
0.5318 0.2565 0.1475 0.0642 
0.1239 0.3335 0.4358 0.1069 
0.2878 0.3586 0.2633 0.0903 
0.0517 0.2815 0.4530 0.2138 
0.0350 0.2587 0.5441 0.1622 
0.1127 0.1384 0.6276 0.1212 
0.0170 0.9602 0.0027 0.0201 
0.0423 0.0134 0.9310 0.0133 
0.1146 0.4254 0.3443 0.1157 
0.1964 0.3111 0.0135 0.4790 
0.5530 0.2762 0.1196 0.0511 

MOTIF filter4 
letter-probability matrix: alength= 4 w= 19 nsites= 19 
0.2344 0.2397 0.2427 0.2832 
0.1930 0.2876 0.2531 0.2663 
0.2218 0.2589 0.2817 0.2377 
0.2599 0.2875 0.2449 0.2077 
0.1728 0.2779 0.3096 0.2397 
0.2157 0.2338 0.2880 0.2625 
0.2885 0.2565 0.2468 0.2082 
0.2064 0.2863 0.2491 0.2582 
0.1981 0.2496 0.4097 0.1427 
0.1429 0.1322 0.5409 0.1839 
0.1170 0.6142 0.1475 0.1214 
0.1231 0.6226 0.2069 0.0474 
0.0329 0.0290 0.8376 0.1005 
0.0834 0.8685 0.0251 0.0231 
0.0161 0.9504 0.0103 0.0233 
0.9431 0.0180 0.0102 0.0286 
0.0229 0.0338 0.0108 0.9326 
0.2621 0.2058 0.1412 0.3909 
0.2023 0.0902 0.1062 0.6013 

MOTIF filter5 
letter-probability matrix: alength= 4 w= 19 nsites= 19 
0.2087 0.2473 0.3574 0.1866 
0.3140 0.0954 0.4540 0.1366 
0.1140 0.0263 0.7551 0.1045 
0.2127 0.0753 0.3091 0.4029 
0.1136 0.3213 0.1453 0.4198 
0.0106 0.8533 0.0474 0.0887 
0.7123 0.0603 0.2040 0.0233 
0.8328 0.0213 0.0928 0.0531 
0.7783 0.0542 0.1114 0.0561 
0.0177 0.0180 0.9516 0.0127 
0.0308 0.0269 0.3451 0.5973 
0.0488 0.4155 0.1116 0.4241 
0.0332 0.7667 0.0512 0.1490 
0.5378 0.0945 0.3098 0.0579 
0.2567 0.3830 0.2040 0.1563 
0.2601 0.1627 0.2835 0.2938 
0.2043 0.2455 0.2509 0.2992 
0.3145 0.2135 0.2007 0.2713 
0.2055 0.2981 0.2338 0.2626 

MOTIF filter6 
letter-probability matrix: alength= 4 w= 19 nsites= 19 
0.3289 0.2856 0.1653 0.2202 
0.2903 0.2179 0.2567 0.2350 
0.2427 0.2332 0.2690 0.2551 
0.2419 0.2991 0.3081 0.1509 
0.2963 0.2650 0.2561 0.1826 
0.2763 0.3456 0.2123 0.1658 
0.2214 0.4321 0.2329 0.1136 
0.2021 0.3024 0.1954 0.3001 
0.2343 0.2829 0.1624 0.3204 
0.0262 0.1837 0.0755 0.7146 
0.0609 0.0461 0.8026 0.0904 
0.3293 0.0786 0.4212 0.1709 
0.7604 0.1657 0.0213 0.0526 
0.0055 0.9480 0.0266 0.0199 
0.1335 0.2727 0.0781 0.5157 
0.0574 0.2568 0.1431 0.5427 
0.0997 0.2475 0.0397 0.6132 
0.1297 0.0878 0.6403 0.1422 
0.3111 0.2040 0.3068 0.1780 

MOTIF filter7 
letter-probability matrix: alength= 4 w= 19 nsites= 19 
0.0828 0.5074 0.3363 0.0735 
0.3018 0.1171 0.4544 0.1266 
0.1952 0.7289 0.0645 0.0114 
0.2031 0.0418 0.6627 0.0924 
0.1541 0.6392 0.0364 0.1704 
0.0605 0.0232 0.8377 0.0786 
0.5859 0.0391 0.2021 0.1729 
0.0107 0.5771 0.0048 0.4073 
0.0856 0.0229 0.7299 0.1617 
0.1842 0.0756 0.4222 0.3180 
0.0186 0.9582 0.0044 0.0188 
0.0639 0.0139 0.8878 0.0344 
0.1268 0.1951 0.2745 0.4037 
0.1589 0.4459 0.0482 0.3470 
0.5593 0.1471 0.2504 0.0432 
0.1235 0.0620 0.6665 0.1480 
0.0656 0.7072 0.0284 0.1988 
0.0080 0.3099 0.4486 0.2334 
0.5574 0.0150 0.3275 0.1000 

MOTIF filter8 
letter-probability matrix: alength= 4 w= 19 nsites= 19 
0.2468 0.2372 0.2856 0.2304 
0.2152 0.3179 0.1510 0.3159 
0.2575 0.1972 0.2690 0.2762 
0.1953 0.3044 0.2230 0.2773 
0.0887 0.3476 0.3072 0.2565 
0.3197 0.2384 0.2800 0.1619 
0.3306 0.1413 0.2716 0.2565 
0.0580 0.7204 0.0982 0.1234 
0.0455 0.6872 0.1278 0.1395 
0.6284 0.0764 0.2324 0.0628 
0.9774 0.0060 0.0096 0.0069 
0.0243 0.0093 0.0257 0.9407 
0.0985 0.2544 0.1631 0.4841 
0.2742 0.0955 0.5902 0.0401 
0.1687 0.1684 0.5980 0.0648 
0.2437 0.2888 0.2299 0.2376 
0.1672 0.2885 0.1970 0.3473 
0.2340 0.2001 0.4156 0.1503 
0.2119 0.2788 0.2885 0.2209 

MOTIF filter9 
letter-probability matrix: alength= 4 w= 19 nsites= 19 
0.4297 0.3954 0.0650 0.1098 
0.0901 0.2410 0.6277 0.0412 
0.0467 0.0674 0.1165 0.7693 
0.0892 0.7970 0.0243 0.0894 
0.7633 0.0078 0.2164 0.0124 
0.0216 0.5269 0.1806 0.2710 
0.1760 0.2981 0.1417 0.3842 
0.1572 0.1969 0.3483 0.2976 
0.1736 0.5224 0.1621 0.1419 
0.1679 0.5637 0.1366 0.1317 
0.1056 0.1915 0.5657 0.1373 
0.1699 0.3219 0.2085 0.2996 
0.2727 0.2534 0.2440 0.2300 
0.1667 0.2404 0.3662 0.2267 
0.1876 0.3333 0.1855 0.2937 
0.2071 0.3020 0.3472 0.1437 
0.2270 0.2185 0.3474 0.2071 
0.2298 0.3027 0.2364 0.2311 
0.2018 0.2826 0.3651 0.1504 

MOTIF filter10 
letter-probability matrix: alength= 4 w= 19 nsites= 19 
0.2450 0.2512 0.2556 0.2482 
0.2156 0.2755 0.2198 0.2892 
0.2185 0.2742 0.2973 0.2099 
0.1940 0.3172 0.2736 0.2152 
0.1361 0.3911 0.2791 0.1938 
0.4625 0.1279 0.2658 0.1439 
0.0571 0.4157 0.1314 0.3959 
0.0575 0.0070 0.0106 0.9250 
0.0134 0.0090 0.0051 0.9724 
0.1049 0.8564 0.0089 0.0298 
0.0131 0.8913 0.0293 0.0663 
0.0751 0.0752 0.7351 0.1146 
0.1464 0.1695 0.6402 0.0439 
0.0453 0.1679 0.4269 0.3600 
0.5935 0.1231 0.1178 0.1656 
0.5893 0.1586 0.1029 0.1492 
0.4079 0.1981 0.2569 0.1372 
0.1649 0.3212 0.2285 0.2855 
0.1616 0.3358 0.3313 0.1712 

MOTIF filter11 
letter-probability matrix: alength= 4 w= 19 nsites= 19 
0.2794 0.2573 0.1305 0.3328 
0.2742 0.2662 0.2744 0.1853 
0.1536 0.2070 0.2502 0.3892 
0.4251 0.0909 0.2619 0.2221 
0.1680 0.3057 0.3520 0.1744 
0.0806 0.3474 0.2250 0.3470 
0.1050 0.0372 0.7142 0.1436 
0.0628 0.8632 0.0331 0.0409 
0.0143 0.9416 0.0200 0.0240 
0.5030 0.3581 0.0944 0.0445 
0.0494 0.5311 0.1323 0.2873 
0.1223 0.5568 0.0476 0.2733 
0.4951 0.0691 0.0498 0.3860 
0.3751 0.0226 0.5347 0.0676 
0.2492 0.1525 0.4564 0.1419 
0.0454 0.2265 0.1916 0.5365 
0.0137 0.0135 0.9625 0.0103 
0.0541 0.0407 0.7880 0.1172 
0.1871 0.5572 0.0329 0.2227 

MOTIF filter12 
letter-probability matrix: alength= 4 w= 19 nsites= 19 
0.1917 0.3485 0.2522 0.2076 
0.2605 0.0837 0.3614 0.2945 
0.0759 0.7412 0.0504 0.1324 
0.0685 0.0301 0.8390 0.0623 
0.0248 0.8143 0.0064 0.1544 
0.0826 0.0082 0.8811 0.0281 
0.4885 0.2741 0.0166 0.2209 
0.0593 0.7799 0.1124 0.0484 
0.1660 0.0949 0.5980 0.1411 
0.1938 0.2161 0.3010 0.2891 
0.4101 0.2785 0.1601 0.1513 
0.1630 0.3353 0.1914 0.3103 
0.2893 0.1809 0.3009 0.2290 
0.3190 0.0449 0.2422 0.3938 
0.2954 0.4076 0.1091 0.1878 
0.1591 0.3203 0.2070 0.3136 
0.0929 0.2207 0.3398 0.3466 
0.2973 0.1972 0.2632 0.2423 
0.1455 0.3982 0.2347 0.2216 

MOTIF filter13 
letter-probability matrix: alength= 4 w= 19 nsites= 19 
0.4157 0.1301 0.3070 0.1472 
0.6515 0.0629 0.0225 0.2631 
0.5985 0.0619 0.1024 0.2373 
0.0056 0.0469 0.0684 0.8791 
0.2889 0.2009 0.1086 0.4016 
0.8196 0.0316 0.1045 0.0443 
0.5670 0.0602 0.0374 0.3354 
0.1819 0.1092 0.0274 0.6815 
0.4453 0.2125 0.1445 0.1977 
0.3861 0.3332 0.1531 0.1276 
0.5430 0.2058 0.0549 0.1963 
0.2345 0.1799 0.1720 0.4136 
0.1945 0.2276 0.1534 0.4245 
0.2607 0.1871 0.3753 0.1769 
0.2803 0.2135 0.3640 0.1422 
0.3005 0.1505 0.2134 0.3356 
0.2184 0.3396 0.1659 0.2761 
0.1787 0.2447 0.2472 0.3295 
0.3140 0.1799 0.2447 0.2614 

MOTIF filter14 
letter-probability matrix: alength= 4 w= 19 nsites= 19 
0.2339 0.2707 0.2724 0.2229 
0.2460 0.2641 0.2611 0.2289 
0.2250 0.2714 0.2721 0.2315 
0.2378 0.2213 0.2702 0.2707 
0.2198 0.3119 0.2794 0.1890 
0.2002 0.3484 0.2364 0.2150 
0.5206 0.0712 0.3006 0.1076 
0.5061 0.2369 0.0609 0.1961 
0.3035 0.2716 0.2375 0.1874 
0.9691 0.0055 0.0140 0.0115 
0.0046 0.0136 0.0090 0.9729 
0.0633 0.1438 0.5962 0.1967 
0.0682 0.0213 0.6707 0.2399 
0.1145 0.5663 0.0241 0.2951 
0.0818 0.2168 0.5020 0.1994 
0.1370 0.1616 0.5301 0.1714 
0.3185 0.3839 0.1073 0.1904 
0.1436 0.3239 0.2300 0.3025 
0.1764 0.2649 0.3065 0.2522 

MOTIF filter15 
letter-probability matrix: alength= 4 w= 19 nsites= 19 
0.2753 0.3129 0.2397 0.1722 
0.4590 0.3311 0.1230 0.0869 
0.1936 0.1380 0.4738 0.1947 
0.2362 0.3278 0.0822 0.3539 
0.2274 0.1042 0.1327 0.5357 
0.3528 0.3823 0.2287 0.0362 
0.1091 0.3988 0.4033 0.0888 
0.2485 0.2823 0.0905 0.3787 
0.7978 0.1460 0.0092 0.0470 
0.3149 0.3204 0.2763 0.0884 
0.1139 0.8274 0.0502 0.0084 
0.0164 0.9261 0.0463 0.0112 
0.0136 0.8817 0.0076 0.0972 
0.0049 0.9080 0.0507 0.0364 
0.0055 0.8580 0.1245 0.0121 
0.0831 0.7223 0.0087 0.1858 
0.1042 0.3595 0.0602 0.4761 
0.0502 0.3593 0.0801 0.5104 
0.0961 0.2622 0.1863 0.4555 

MOTIF filter16 
letter-probability matrix: alength= 4 w= 19 nsites= 19 
0.4218 0.1030 0.2170 0.2582 
0.2550 0.0205 0.5865 0.1380 
0.0122 0.4569 0.0105 0.5203 
0.7933 0.1561 0.0113 0.0393 
0.8144 0.1488 0.0155 0.0213 
0.9038 0.0226 0.0231 0.0506 
0.0089 0.7846 0.0084 0.1980 
0.9374 0.0033 0.0308 0.0285 
0.1698 0.2127 0.2530 0.3646 
0.1610 0.1577 0.2609 0.4204 
0.3407 0.1539 0.3896 0.1158 
0.2865 0.2231 0.3089 0.1815 
0.1859 0.3576 0.2297 0.2268 
0.2356 0.2976 0.2294 0.2375 
0.1937 0.3756 0.1652 0.2655 
0.1780 0.2469 0.3020 0.2732 
0.2809 0.2686 0.3038 0.1467 
0.2197 0.3162 0.2279 0.2363 
0.1853 0.4246 0.2152 0.1749 

MOTIF filter17 
letter-probability matrix: alength= 4 w= 19 nsites= 19 
0.1847 0.2708 0.3197 0.2248 
0.2163 0.3163 0.2437 0.2238 
0.2156 0.1226 0.3876 0.2742 
0.1614 0.2944 0.2140 0.3301 
0.2218 0.3263 0.2490 0.2029 
0.1415 0.3621 0.3273 0.1691 
0.1410 0.4584 0.2616 0.1390 
0.2253 0.1941 0.3329 0.2477 
0.3545 0.2107 0.0866 0.3482 
0.2430 0.2797 0.0955 0.3817 
0.0900 0.1303 0.6472 0.1324 
0.1235 0.0515 0.7604 0.0646 
0.6678 0.1859 0.0711 0.0751 
0.9587 0.0043 0.0029 0.0341 
0.1296 0.0141 0.0170 0.8393 
0.1316 0.0590 0.1873 0.6221 
0.0561 0.6655 0.0863 0.1921 
0.1214 0.5162 0.2718 0.0906 
0.2325 0.2076 0.3304 0.2295 

MOTIF filter18 
letter-probability matrix: alength= 4 w= 19 nsites= 19 
0.2334 0.2602 0.2203 0.2861 
0.2199 0.2677 0.2401 0.2724 
0.2587 0.2401 0.3046 0.1966 
0.2140 0.2619 0.2644 0.2597 
0.2433 0.2849 0.2258 0.2461 
0.2131 0.2445 0.2969 0.2455 
0.2819 0.2797 0.2337 0.2046 
0.2632 0.2310 0.2232 0.2827 
0.2770 0.2269 0.3016 0.1945 
0.3117 0.1416 0.3630 0.1837 
0.2264 0.3158 0.2698 0.1880 
0.0661 0.8289 0.0306 0.0744 
0.7195 0.0432 0.1524 0.0850 
0.0075 0.7804 0.0123 0.1999 
0.2143 0.0075 0.7566 0.0216 
0.1153 0.1166 0.0428 0.7252 
0.0790 0.0352 0.8478 0.0379 
0.1784 0.2484 0.3675 0.2057 
0.1541 0.3455 0.1994 0.3010 

MOTIF filter19 
letter-probability matrix: alength= 4 w= 19 nsites= 19 
0.2183 0.3089 0.2488 0.2240 
0.2461 0.2731 0.2492 0.2316 
0.2267 0.3193 0.2563 0.1977 
0.2412 0.2625 0.2575 0.2387 
0.2425 0.2801 0.2534 0.2240 
0.2475 0.2716 0.2492 0.2316 
0.2383 0.2713 0.2891 0.2013 
0.1940 0.2637 0.3302 0.2121 
0.1970 0.1657 0.3631 0.2743 
0.4884 0.1251 0.3324 0.0542 
0.0093 0.0280 0.0059 0.9567 
0.0191 0.0102 0.8473 0.1235 
0.9437 0.0271 0.0119 0.0173 
0.0669 0.4305 0.4491 0.0535 
0.0219 0.0080 0.0196 0.9505 
0.0870 0.8742 0.0061 0.0327 
0.9293 0.0080 0.0544 0.0083 
0.0630 0.3613 0.1420 0.4337 
0.2263 0.3262 0.2048 0.2427 

MOTIF filter20 
letter-probability matrix: alength= 4 w= 19 nsites= 19 
0.2674 0.2572 0.2419 0.2335 
0.2500 0.2697 0.2930 0.1873 
0.2359 0.2714 0.2480 0.2447 
0.2043 0.3073 0.2551 0.2333 
0.2510 0.2498 0.2927 0.2065 
0.2839 0.2320 0.2432 0.2409 
0.2729 0.2115 0.3012 0.2144 
0.2382 0.2169 0.3449 0.2000 
0.2150 0.1323 0.2921 0.3606 
0.5268 0.1777 0.2704 0.0251 
0.0083 0.0260 0.0210 0.9447 
0.0417 0.0148 0.3546 0.5888 
0.4001 0.0255 0.3900 0.1844 
0.0367 0.7251 0.0378 0.2004 
0.0592 0.0188 0.8964 0.0255 
0.1066 0.7096 0.0101 0.1737 
0.9155 0.0544 0.0178 0.0123 
0.9752 0.0105 0.0082 0.0061 
0.0215 0.3362 0.1395 0.5028 

MOTIF filter21 
letter-probability matrix: alength= 4 w= 19 nsites= 19 
0.2249 0.2831 0.2829 0.2092 
0.2494 0.2762 0.2336 0.2408 
0.2962 0.2603 0.2093 0.2342 
0.4024 0.1889 0.1992 0.2096 
0.4710 0.0917 0.1663 0.2710 
0.4528 0.0799 0.1046 0.3627 
0.4078 0.0643 0.1001 0.4278 
0.3185 0.1794 0.1748 0.3273 
0.0810 0.2105 0.0540 0.6544 
0.0218 0.0496 0.9120 0.0167 
0.1588 0.7810 0.0303 0.0300 
0.0252 0.3071 0.0042 0.6636 
0.0541 0.0145 0.8133 0.1181 
0.8764 0.0330 0.0284 0.0623 
0.0866 0.4908 0.2644 0.1583 
0.1646 0.1694 0.1656 0.5004 
0.1991 0.4108 0.1359 0.2542 
0.3773 0.1375 0.2965 0.1887 
0.1949 0.0843 0.5374 0.1834 

MOTIF filter22 
letter-probability matrix: alength= 4 w= 19 nsites= 19 
0.0691 0.1685 0.5506 0.2118 
0.1698 0.4448 0.2326 0.1528 
0.0061 0.7208 0.2439 0.0292 
0.1124 0.1263 0.6390 0.1224 
0.1153 0.3757 0.3077 0.2013 
0.1915 0.3957 0.3045 0.1083 
0.1755 0.3921 0.3185 0.1139 
0.1082 0.3459 0.5356 0.0102 
0.0364 0.3509 0.5533 0.0595 
0.0332 0.2966 0.6510 0.0192 
0.0303 0.2001 0.6926 0.0771 
0.2595 0.2349 0.3451 0.1604 
0.3262 0.2087 0.1730 0.2922 
0.3396 0.0417 0.5043 0.1143 
0.0158 0.2050 0.7754 0.0039 
0.0806 0.1067 0.7590 0.0537 
0.7104 0.0753 0.1876 0.0268 
0.1650 0.1522 0.6767 0.0061 
0.0159 0.1506 0.7819 0.0516 

MOTIF filter23 
letter-probability matrix: alength= 4 w= 19 nsites= 19 
0.1787 0.3293 0.2397 0.2523 
0.3824 0.2175 0.1879 0.2122 
0.2134 0.2270 0.1222 0.4374 
0.1897 0.1747 0.3225 0.3130 
0.2327 0.2705 0.2346 0.2622 
0.0256 0.9278 0.0117 0.0349 
0.0101 0.8516 0.0263 0.1120 
0.5009 0.0739 0.0739 0.3513 
0.2654 0.0128 0.0171 0.7047 
0.7522 0.0234 0.0640 0.1604 
0.1477 0.0477 0.0163 0.7883 
0.7174 0.0104 0.0178 0.2544 
0.3746 0.0506 0.0699 0.5049 
0.1058 0.0375 0.8505 0.0062 
0.0265 0.0155 0.9445 0.0136 
0.2426 0.2591 0.2626 0.2357 
0.2958 0.3612 0.1666 0.1765 
0.4139 0.1165 0.2198 0.2498 
0.1854 0.1921 0.2613 0.3611 

MOTIF filter24 
letter-probability matrix: alength= 4 w= 19 nsites= 19 
0.0999 0.6285 0.1615 0.1101 
0.0305 0.7459 0.1927 0.0309 
0.0170 0.3602 0.6168 0.0061 
0.0466 0.0455 0.8504 0.0574 
0.3894 0.1194 0.2292 0.2620 
0.3845 0.0596 0.1609 0.3950 
0.0280 0.1464 0.6757 0.1500 
0.0827 0.5315 0.2247 0.1611 
0.0957 0.0478 0.4798 0.3767 
0.1338 0.2022 0.1403 0.5237 
0.1619 0.6902 0.0320 0.1159 
0.0318 0.6596 0.1923 0.1162 
0.1024 0.4712 0.0690 0.3574 
0.0793 0.2645 0.1066 0.5496 
0.1722 0.2865 0.1223 0.4190 
0.0724 0.7372 0.0676 0.1228 
0.1500 0.4541 0.1889 0.2070 
0.1543 0.2296 0.3340 0.2822 
0.0313 0.3999 0.3037 0.2650 

MOTIF filter25 
letter-probability matrix: alength= 4 w= 19 nsites= 19 
0.2120 0.2807 0.3198 0.1875 
0.2445 0.2312 0.2842 0.2401 
0.1892 0.2600 0.2511 0.2996 
0.2308 0.2983 0.1849 0.2860 
0.3324 0.1864 0.1872 0.2940 
0.3424 0.1899 0.1736 0.2940 
0.0494 0.1364 0.0253 0.7888 
0.4597 0.0161 0.5134 0.0108 
0.0526 0.0243 0.0457 0.8774 
0.0513 0.0315 0.1533 0.7638 
0.1565 0.0148 0.2871 0.5416 
0.4908 0.0971 0.3874 0.0247 
0.1466 0.5546 0.0640 0.2348 
0.2786 0.3025 0.1038 0.3150 
0.1534 0.3194 0.1548 0.3723 
0.3868 0.0769 0.2057 0.3306 
0.2019 0.3006 0.2861 0.2113 
0.1918 0.3180 0.2533 0.2369 
0.1890 0.1975 0.3833 0.2302 

MOTIF filter26 
letter-probability matrix: alength= 4 w= 19 nsites= 19 
0.1867 0.3029 0.2156 0.2948 
0.1431 0.3852 0.2019 0.2698 
0.3113 0.1740 0.4299 0.0848 
0.4628 0.0841 0.3001 0.1530 
0.0253 0.9555 0.0057 0.0135 
0.0612 0.8889 0.0333 0.0166 
0.8120 0.0078 0.0435 0.1367 
0.8527 0.0157 0.0620 0.0696 
0.0263 0.0599 0.0046 0.9092 
0.2231 0.4568 0.2331 0.0871 
0.4949 0.1797 0.2908 0.0346 
0.2410 0.2369 0.3263 0.1958 
0.3568 0.2410 0.2321 0.1701 
0.2931 0.1460 0.2977 0.2632 
0.2289 0.2415 0.2502 0.2794 
0.1571 0.3039 0.3071 0.2320 
0.2668 0.2601 0.2742 0.1989 
0.2899 0.1907 0.2706 0.2488 
0.2021 0.2446 0.3387 0.2146 

MOTIF filter27 
letter-probability matrix: alength= 4 w= 19 nsites= 19 
0.2600 0.2217 0.2043 0.3140 
0.2926 0.2645 0.2573 0.1855 
0.2631 0.2277 0.2668 0.2423 
0.2377 0.2508 0.2371 0.2744 
0.2934 0.2870 0.2148 0.2048 
0.3626 0.2260 0.1896 0.2218 
0.2741 0.2041 0.3264 0.1954 
0.2948 0.2015 0.2980 0.2056 
0.2667 0.1215 0.2949 0.3168 
0.1188 0.0860 0.3701 0.4251 
0.0819 0.7626 0.0450 0.1105 
0.0274 0.1531 0.0503 0.7691 
0.8772 0.0199 0.0259 0.0770 
0.4466 0.0355 0.0962 0.4216 
0.5127 0.0206 0.0161 0.4506 
0.5054 0.0228 0.0134 0.4584 
0.5968 0.0581 0.0149 0.3301 
0.0123 0.0360 0.0092 0.9425 
0.8610 0.0170 0.0536 0.0683 

MOTIF filter28 
letter-probability matrix: alength= 4 w= 19 nsites= 19 
0.1545 0.3402 0.1889 0.3164 
0.2166 0.1857 0.2633 0.3344 
0.5621 0.1040 0.2259 0.1079 
0.2078 0.0399 0.0434 0.7089 
0.2283 0.1218 0.1144 0.5355 
0.5739 0.0608 0.2111 0.1542 
0.6075 0.0295 0.1870 0.1761 
0.2068 0.1776 0.0766 0.5390 
0.0620 0.4710 0.1979 0.2691 
0.6721 0.0920 0.0403 0.1957 
0.0739 0.0117 0.0242 0.8902 
0.0602 0.0063 0.0848 0.8488 
0.1930 0.0062 0.7924 0.0084 
0.9056 0.0150 0.0238 0.0556 
0.0310 0.0745 0.0180 0.8765 
0.0127 0.7633 0.0287 0.1953 
0.4370 0.1320 0.2738 0.1572 
0.5299 0.1041 0.2348 0.1313 
0.4438 0.1409 0.1107 0.3046 

MOTIF filter29 
letter-probability matrix: alength= 4 w= 19 nsites= 19 
0.1698 0.3732 0.1396 0.3173 
0.3117 0.1095 0.3565 0.2223 
0.4102 0.2416 0.1870 0.1612 
0.1662 0.2566 0.5303 0.0469 
0.0654 0.0257 0.0180 0.8909 
0.0847 0.8653 0.0045 0.0456 
0.7225 0.0638 0.1924 0.0213 
0.0165 0.0116 0.8337 0.1382 
0.0057 0.9446 0.0400 0.0097 
0.6566 0.0212 0.2422 0.0799 
0.3871 0.1737 0.1459 0.2934 
0.3740 0.0754 0.0727 0.4779 
0.3842 0.0739 0.0357 0.5063 
0.2679 0.1565 0.0869 0.4888 
0.2248 0.1912 0.1467 0.4373 
0.2385 0.2441 0.2484 0.2690 
0.2164 0.2439 0.3017 0.2380 
0.2696 0.2789 0.2546 0.1969 
0.2345 0.2727 0.2411 0.2518 

