MEME version 4

ALPHABET= ACGT

Background letter frequencies:
A 0.2500 C 0.2500 G 0.2500 T 0.2500 

MOTIF filter0 
letter-probability matrix: alength= 4 w= 19 nsites= 19 
0.2678 0.1812 0.3848 0.1662 
0.2878 0.3010 0.2966 0.1147 
0.2346 0.3168 0.2505 0.1981 
0.2188 0.3115 0.2476 0.2221 
0.2152 0.2337 0.2621 0.2891 
0.3129 0.1322 0.4615 0.0934 
0.1849 0.0537 0.7473 0.0141 
0.0486 0.2850 0.1126 0.5537 
0.0000 1.0000 0.0000 0.0000 
1.0000 0.0000 0.0000 0.0000 
0.0000 0.7869 0.0000 0.2131 
0.1292 0.0000 0.8708 0.0000 
0.0053 0.0819 0.0000 0.9128 
0.0030 0.0013 0.9897 0.0060 
0.5916 0.0729 0.2954 0.0402 
0.0180 0.7053 0.0497 0.2270 
0.1194 0.4693 0.1677 0.2436 
0.3113 0.2609 0.2601 0.1677 
0.2463 0.2794 0.2762 0.1981 

MOTIF filter1 
letter-probability matrix: alength= 4 w= 19 nsites= 19 
0.3226 0.1594 0.2496 0.2683 
0.1642 0.0961 0.3438 0.3959 
0.6307 0.0756 0.2856 0.0082 
0.0000 0.0000 0.0000 1.0000 
0.0000 0.0000 0.0000 1.0000 
0.0690 0.0000 0.9217 0.0093 
0.0239 0.8115 0.0186 0.1459 
0.2982 0.0483 0.5803 0.0733 
0.1023 0.6449 0.0000 0.2528 
0.8298 0.1702 0.0000 0.0000 
1.0000 0.0000 0.0000 0.0000 
0.0097 0.3794 0.0905 0.5204 
0.3794 0.2599 0.0959 0.2648 
0.2468 0.2331 0.2642 0.2558 
0.1934 0.3321 0.1403 0.3342 
0.3161 0.2176 0.2041 0.2621 
0.2502 0.2840 0.1950 0.2708 
0.2218 0.2100 0.2322 0.3361 
0.2546 0.3180 0.1909 0.2365 

MOTIF filter2 
letter-probability matrix: alength= 4 w= 19 nsites= 19 
0.1521 0.2884 0.3697 0.1899 
0.1776 0.2969 0.3775 0.1480 
0.2039 0.3373 0.2902 0.1686 
0.1935 0.2324 0.4125 0.1616 
0.2820 0.1691 0.4275 0.1214 
0.1161 0.5174 0.2817 0.0848 
0.0980 0.8610 0.0322 0.0088 
0.5316 0.0025 0.4427 0.0233 
0.0000 0.9810 0.0000 0.0190 
0.1979 0.0000 0.8021 0.0000 
0.0000 0.0000 0.0000 1.0000 
0.0000 0.0000 1.0000 0.0000 
0.0732 0.4687 0.3200 0.1381 
0.1348 0.3210 0.2522 0.2920 
0.1024 0.3881 0.2722 0.2373 
0.1618 0.2993 0.2942 0.2447 
0.1406 0.3463 0.2827 0.2303 
0.1385 0.3106 0.3559 0.1951 
0.2020 0.2342 0.3833 0.1805 

MOTIF filter3 
letter-probability matrix: alength= 4 w= 19 nsites= 19 
0.3471 0.1659 0.1489 0.3381 
0.3575 0.2816 0.2265 0.1343 
0.0544 0.2610 0.2806 0.4041 
0.4334 0.0634 0.4199 0.0833 
0.0392 0.3094 0.5956 0.0559 
0.0099 0.5597 0.0132 0.4173 
0.0482 0.0000 0.8684 0.0833 
0.0436 0.9344 0.0085 0.0135 
0.0026 0.9946 0.0028 0.0000 
0.3397 0.6293 0.0184 0.0126 
0.0027 0.5535 0.0000 0.4439 
0.0000 0.9967 0.0000 0.0033 
0.0027 0.0261 0.0044 0.9668 
0.4032 0.0391 0.4469 0.1109 
0.0083 0.2243 0.7519 0.0155 
0.0720 0.1040 0.0051 0.8189 
0.0000 0.0000 1.0000 0.0000 
0.0394 0.0169 0.8506 0.0930 
0.1585 0.4987 0.0487 0.2941 

MOTIF filter4 
letter-probability matrix: alength= 4 w= 19 nsites= 19 
0.2540 0.2747 0.2527 0.2186 
0.2656 0.2332 0.2319 0.2693 
0.2563 0.2432 0.2496 0.2509 
0.2826 0.2134 0.2572 0.2468 
0.2666 0.2745 0.2431 0.2157 
0.2846 0.2361 0.2406 0.2386 
0.2542 0.1994 0.3200 0.2264 
0.2059 0.2248 0.2967 0.2726 
0.2069 0.1565 0.4228 0.2138 
0.4077 0.2375 0.3477 0.0071 
0.0000 0.0000 0.0000 1.0000 
0.0000 0.0000 0.9829 0.0171 
1.0000 0.0000 0.0000 0.0000 
0.0235 0.4746 0.4823 0.0195 
0.0000 0.0000 0.0000 1.0000 
0.0277 0.9723 0.0000 0.0000 
1.0000 0.0000 0.0000 0.0000 
0.0080 0.3300 0.2377 0.4243 
0.2045 0.4035 0.1676 0.2245 

MOTIF filter5 
letter-probability matrix: alength= 4 w= 19 nsites= 19 
0.3976 0.0698 0.2602 0.2723 
0.4817 0.0793 0.4317 0.0074 
0.0000 0.0000 0.0000 1.0000 
0.0004 0.0000 0.7001 0.2995 
0.5300 0.0012 0.2574 0.2114 
0.0633 0.3165 0.0521 0.5681 
0.0018 0.0000 0.9982 0.0000 
0.0178 0.9507 0.0000 0.0315 
1.0000 0.0000 0.0000 0.0000 
1.0000 0.0000 0.0000 0.0000 
0.0009 0.2371 0.0788 0.6833 
0.3399 0.4440 0.0895 0.1266 
0.2965 0.1671 0.1935 0.3429 
0.1801 0.3511 0.1406 0.3282 
0.2791 0.2253 0.2521 0.2435 
0.2523 0.1695 0.3643 0.2138 
0.1850 0.3892 0.2059 0.2199 
0.2244 0.2104 0.1754 0.3898 
0.2380 0.3625 0.1777 0.2218 

MOTIF filter6 
letter-probability matrix: alength= 4 w= 19 nsites= 19 
0.3526 0.2260 0.2129 0.2085 
0.2700 0.1795 0.3029 0.2476 
0.2446 0.2142 0.2105 0.3308 
0.3415 0.1322 0.3587 0.1677 
0.2342 0.2810 0.2281 0.2567 
0.3104 0.0935 0.2677 0.3284 
0.5037 0.0898 0.3937 0.0129 
0.0000 0.0000 0.0000 1.0000 
0.0000 0.0000 0.2693 0.7307 
0.3279 0.0000 0.5930 0.0792 
0.0662 0.5165 0.0440 0.3732 
0.1129 0.0049 0.8691 0.0131 
0.0258 0.9018 0.0000 0.0724 
1.0000 0.0000 0.0000 0.0000 
1.0000 0.0000 0.0000 0.0000 
0.0070 0.2789 0.0954 0.6187 
0.3972 0.3412 0.1002 0.1613 
0.2516 0.2283 0.1876 0.3326 
0.1706 0.3145 0.1342 0.3807 

MOTIF filter7 
letter-probability matrix: alength= 4 w= 19 nsites= 19 
0.1057 0.4263 0.2016 0.2663 
0.1053 0.5588 0.1712 0.1647 
0.6240 0.0732 0.2561 0.0467 
0.0003 0.8068 0.0324 0.1604 
0.0237 0.0000 0.0007 0.9756 
0.0000 0.0000 0.0000 1.0000 
0.0000 1.0000 0.0000 0.0000 
0.0000 1.0000 0.0000 0.0000 
0.0000 0.0000 0.7895 0.2105 
0.0026 0.1327 0.8178 0.0469 
0.0429 0.3395 0.1492 0.4684 
0.1257 0.3174 0.2538 0.3032 
0.1824 0.3226 0.2562 0.2387 
0.1948 0.3395 0.3031 0.1626 
0.2196 0.2569 0.3215 0.2020 
0.1815 0.2735 0.3140 0.2310 
0.1780 0.3438 0.2859 0.1923 
0.1915 0.3088 0.2973 0.2024 
0.1889 0.3416 0.2852 0.1843 

MOTIF filter8 
letter-probability matrix: alength= 4 w= 19 nsites= 19 
0.0119 0.5186 0.4379 0.0316 
0.0707 0.5225 0.3324 0.0743 
0.0221 0.4324 0.4894 0.0561 
0.0353 0.2433 0.7127 0.0087 
0.0312 0.5914 0.3347 0.0427 
0.0847 0.2038 0.6420 0.0696 
0.0046 0.1216 0.8708 0.0029 
0.0305 0.6466 0.2731 0.0498 
0.0399 0.5513 0.2968 0.1120 
0.0723 0.0585 0.7930 0.0763 
0.0961 0.1567 0.6852 0.0620 
0.0245 0.4592 0.5101 0.0061 
0.0315 0.3489 0.4324 0.1873 
0.0365 0.5732 0.3407 0.0496 
0.1793 0.2985 0.4254 0.0967 
0.0559 0.2396 0.6651 0.0394 
0.0328 0.6688 0.2539 0.0445 
0.0661 0.3674 0.5281 0.0384 
0.0726 0.3451 0.4955 0.0868 

MOTIF filter9 
letter-probability matrix: alength= 4 w= 19 nsites= 19 
0.1884 0.3029 0.3029 0.2058 
0.1809 0.3484 0.2232 0.2476 
0.1943 0.3007 0.3199 0.1852 
0.2744 0.2576 0.3205 0.1475 
0.2202 0.3227 0.2779 0.1792 
0.2486 0.2653 0.3231 0.1630 
0.2716 0.2012 0.3202 0.2069 
0.1810 0.4393 0.3250 0.0548 
0.0000 1.0000 0.0000 0.0000 
0.9927 0.0000 0.0000 0.0073 
0.0000 0.9122 0.0000 0.0878 
0.0104 0.0000 0.9896 0.0000 
0.0698 0.1415 0.0000 0.7887 
0.0000 0.0000 0.9718 0.0282 
0.0762 0.2389 0.5629 0.1220 
0.2136 0.3533 0.1694 0.2637 
0.1915 0.3179 0.2884 0.2022 
0.1903 0.3028 0.3165 0.1904 
0.1831 0.2870 0.2856 0.2443 

MOTIF filter10 
letter-probability matrix: alength= 4 w= 19 nsites= 19 
0.3637 0.3853 0.1218 0.1292 
0.0233 0.8267 0.0946 0.0554 
0.6616 0.1959 0.0565 0.0860 
0.0585 0.7341 0.1093 0.0981 
0.6027 0.1234 0.0976 0.1763 
0.0793 0.1137 0.5620 0.2450 
0.3657 0.2804 0.3119 0.0420 
0.0792 0.3410 0.5157 0.0640 
0.0910 0.2873 0.0257 0.5960 
0.0996 0.0774 0.6071 0.2159 
0.0145 0.8422 0.0674 0.0759 
0.0004 0.1220 0.0101 0.8674 
0.0112 0.1235 0.8244 0.0409 
0.9996 0.0000 0.0004 0.0000 
0.0000 0.0004 0.0000 0.9996 
0.0076 0.0000 0.0000 0.9924 
0.0000 0.0000 1.0000 0.0000 
0.0000 0.0000 1.0000 0.0000 
0.0312 0.2480 0.0114 0.7094 

MOTIF filter11 
letter-probability matrix: alength= 4 w= 19 nsites= 19 
0.2758 0.2466 0.2296 0.2480 
0.3744 0.1639 0.3079 0.1538 
0.3447 0.1882 0.1916 0.2755 
0.1297 0.1094 0.3766 0.3843 
0.6588 0.0916 0.2493 0.0003 
0.0000 0.0000 0.0000 1.0000 
0.0000 0.0000 0.0000 1.0000 
0.0229 0.0000 0.9457 0.0315 
0.0000 0.9995 0.0000 0.0005 
0.5674 0.0659 0.2736 0.0931 
0.1330 0.3777 0.0030 0.4863 
0.5352 0.4646 0.0000 0.0002 
0.9990 0.0000 0.0010 0.0000 
0.0157 0.4027 0.1024 0.4792 
0.2921 0.2720 0.1006 0.3353 
0.2416 0.2544 0.2586 0.2455 
0.1907 0.3457 0.1195 0.3441 
0.3337 0.1814 0.2296 0.2553 
0.2006 0.3045 0.2070 0.2879 

MOTIF filter12 
letter-probability matrix: alength= 4 w= 19 nsites= 19 
0.0774 0.0277 0.7119 0.1830 
0.0732 0.6536 0.1320 0.1412 
0.1982 0.6236 0.1297 0.0485 
0.0395 0.0000 0.9019 0.0587 
0.0013 0.9987 0.0000 0.0000 
0.0000 1.0000 0.0000 0.0000 
1.0000 0.0000 0.0000 0.0000 
0.0000 0.0000 0.0000 1.0000 
0.0450 0.3610 0.2301 0.3639 
0.0612 0.0194 0.0886 0.8308 
0.0098 0.1158 0.0078 0.8666 
0.1487 0.1539 0.5140 0.1833 
0.1563 0.2209 0.4602 0.1626 
0.2792 0.3355 0.1533 0.2319 
0.1983 0.2695 0.2004 0.3318 
0.2438 0.2574 0.2720 0.2269 
0.1822 0.3000 0.3212 0.1965 
0.1743 0.3002 0.3454 0.1802 
0.1968 0.3055 0.3197 0.1781 

MOTIF filter13 
letter-probability matrix: alength= 4 w= 19 nsites= 19 
0.2265 0.2814 0.2326 0.2595 
0.3154 0.1898 0.2719 0.2230 
0.2386 0.1576 0.3392 0.2647 
0.1540 0.4933 0.2066 0.1461 
0.2355 0.5202 0.1394 0.1049 
0.8998 0.0029 0.0889 0.0084 
0.8028 0.0888 0.0286 0.0798 
0.3456 0.2586 0.3313 0.0645 
1.0000 0.0000 0.0000 0.0000 
0.0000 0.0000 0.0000 1.0000 
0.0000 0.0000 1.0000 0.0000 
0.0000 0.0000 0.9985 0.0015 
0.0582 0.9140 0.0000 0.0278 
0.0452 0.1648 0.6020 0.1881 
0.1433 0.0977 0.6429 0.1161 
0.1766 0.7199 0.0384 0.0651 
0.1709 0.4157 0.2491 0.1643 
0.2073 0.2814 0.3588 0.1525 
0.1596 0.4396 0.2395 0.1612 

MOTIF filter14 
letter-probability matrix: alength= 4 w= 19 nsites= 19 
0.4485 0.1563 0.3467 0.0485 
0.0370 0.8206 0.1384 0.0040 
0.1850 0.8150 0.0000 0.0000 
0.0000 0.0000 1.0000 0.0000 
0.0000 0.0000 1.0000 0.0000 
1.0000 0.0000 0.0000 0.0000 
0.9674 0.0011 0.0000 0.0315 
0.1504 0.0346 0.8150 0.0000 
0.0375 0.2292 0.0724 0.6608 
0.1739 0.1531 0.5591 0.1140 
0.2669 0.2158 0.4076 0.1096 
0.1681 0.3793 0.3261 0.1266 
0.1789 0.2608 0.3333 0.2271 
0.1561 0.3253 0.3207 0.1979 
0.1744 0.3262 0.2787 0.2206 
0.1944 0.2937 0.3099 0.2021 
0.1669 0.2417 0.4266 0.1647 
0.1955 0.2993 0.3675 0.1376 
0.2364 0.2635 0.3047 0.1954 

MOTIF filter15 
letter-probability matrix: alength= 4 w= 19 nsites= 19 
0.1746 0.4609 0.3083 0.0562 
0.8096 0.0125 0.1579 0.0200 
0.0000 1.0000 0.0000 0.0000 
0.0011 0.9983 0.0006 0.0000 
0.9920 0.0000 0.0011 0.0069 
0.9978 0.0000 0.0022 0.0000 
0.0000 0.0000 0.0000 1.0000 
0.0424 0.8708 0.0717 0.0151 
0.9216 0.0107 0.0677 0.0000 
0.0627 0.0675 0.8607 0.0091 
0.1743 0.6601 0.0569 0.1088 
0.6384 0.0175 0.2686 0.0754 
0.0464 0.5489 0.3210 0.0837 
0.0415 0.3175 0.2812 0.3598 
0.2597 0.5885 0.0861 0.0657 
0.1561 0.0821 0.0778 0.6840 
0.0682 0.0861 0.8053 0.0404 
0.0857 0.0513 0.1451 0.7179 
0.0104 0.0717 0.9121 0.0058 

MOTIF filter16 
letter-probability matrix: alength= 4 w= 19 nsites= 19 
0.2769 0.1753 0.0596 0.4882 
0.3415 0.1564 0.0131 0.4890 
0.3561 0.0367 0.0374 0.5697 
0.5585 0.0195 0.0301 0.3918 
0.4974 0.0523 0.0218 0.4285 
0.4130 0.0017 0.0005 0.5848 
0.4186 0.0135 0.0004 0.5674 
0.0827 0.0767 0.0008 0.8398 
0.4269 0.1152 0.0232 0.4348 
0.3766 0.1045 0.0176 0.5013 
0.4890 0.0081 0.1009 0.4021 
0.2709 0.0027 0.0670 0.6594 
0.4700 0.0352 0.0718 0.4230 
0.4233 0.0086 0.0218 0.5463 
0.3579 0.0160 0.0010 0.6251 
0.3007 0.0001 0.0194 0.6798 
0.1993 0.0107 0.0077 0.7822 
0.3509 0.0033 0.0158 0.6300 
0.4866 0.0068 0.1313 0.3753 

MOTIF filter17 
letter-probability matrix: alength= 4 w= 19 nsites= 19 
0.3686 0.2461 0.2024 0.1829 
0.2349 0.1833 0.3350 0.2467 
0.2112 0.1901 0.4660 0.1327 
0.1435 0.2722 0.3995 0.1848 
0.1982 0.1409 0.5023 0.1586 
0.1171 0.4003 0.4335 0.0491 
0.0000 1.0000 0.0000 0.0000 
0.0000 0.0000 0.9999 0.0001 
0.0403 0.2928 0.5059 0.1610 
0.2808 0.3900 0.1633 0.1659 
0.3266 0.1924 0.3464 0.1346 
0.1806 0.3869 0.1492 0.2833 
0.2956 0.1743 0.1726 0.3575 
0.3602 0.0633 0.0592 0.5172 
0.3873 0.0006 0.0895 0.5227 
0.5895 0.0261 0.0599 0.3245 
0.3995 0.1435 0.1757 0.2813 
0.2464 0.2828 0.2236 0.2472 
0.2403 0.1321 0.3984 0.2292 

MOTIF filter18 
letter-probability matrix: alength= 4 w= 19 nsites= 19 
0.0012 0.0949 0.0000 0.9039 
0.0068 0.0000 0.9902 0.0029 
0.0000 0.9965 0.0000 0.0035 
0.8753 0.0001 0.1155 0.0091 
0.6683 0.0000 0.0282 0.3035 
0.0000 0.6921 0.0201 0.2878 
0.7094 0.0004 0.1929 0.0974 
0.0798 0.3295 0.1509 0.4398 
0.2687 0.3069 0.1117 0.3127 
0.3095 0.1588 0.2209 0.3107 
0.2440 0.2444 0.2440 0.2677 
0.3224 0.2123 0.1729 0.2925 
0.2144 0.2620 0.2805 0.2432 
0.2790 0.2448 0.1576 0.3187 
0.2549 0.1809 0.2443 0.3200 
0.2454 0.2504 0.2386 0.2656 
0.2787 0.1975 0.2368 0.2870 
0.3071 0.2450 0.2228 0.2252 
0.2026 0.3401 0.1817 0.2755 

MOTIF filter19 
letter-probability matrix: alength= 4 w= 19 nsites= 19 
0.5156 0.0538 0.1797 0.2509 
0.5768 0.0341 0.0482 0.3409 
0.5034 0.0407 0.0461 0.4098 
0.3122 0.1811 0.1349 0.3718 
0.0538 0.0402 0.0039 0.9021 
0.0013 0.0092 0.9895 0.0000 
0.0356 0.9602 0.0011 0.0032 
0.0102 0.0304 0.0006 0.9589 
0.0241 0.0062 0.9107 0.0590 
0.9727 0.0086 0.0028 0.0159 
0.0258 0.4985 0.3971 0.0786 
0.1432 0.0805 0.0562 0.7200 
0.1352 0.6575 0.0389 0.1684 
0.7145 0.0277 0.1210 0.1368 
0.0892 0.0465 0.6462 0.2181 
0.0979 0.6366 0.1783 0.0873 
0.5331 0.1629 0.1207 0.1834 
0.4028 0.1507 0.1598 0.2867 
0.3962 0.1043 0.1132 0.3863 

MOTIF filter20 
letter-probability matrix: alength= 4 w= 19 nsites= 19 
0.1309 0.4936 0.2318 0.1438 
0.3632 0.2315 0.1537 0.2516 
0.1682 0.1977 0.4396 0.1945 
0.2941 0.2780 0.2577 0.1702 
0.2008 0.3141 0.3447 0.1404 
0.2074 0.3748 0.0540 0.3638 
0.1307 0.1313 0.3471 0.3909 
0.0773 0.6329 0.1441 0.1457 
0.0003 0.2275 0.0476 0.7246 
0.0362 0.1919 0.6757 0.0962 
0.9985 0.0000 0.0015 0.0000 
0.0000 0.0003 0.0000 0.9997 
0.0043 0.0000 0.0000 0.9957 
0.0000 0.0025 0.9975 0.0000 
0.0000 0.0005 0.9995 0.0000 
0.0802 0.4254 0.0431 0.4514 
0.0008 0.4532 0.0858 0.4601 
0.2251 0.3673 0.3514 0.0562 
0.4732 0.1379 0.3101 0.0787 

MOTIF filter21 
letter-probability matrix: alength= 4 w= 19 nsites= 19 
0.2696 0.1955 0.1507 0.3842 
0.2026 0.1201 0.1672 0.5101 
0.0845 0.2026 0.6062 0.1067 
0.2653 0.5881 0.0452 0.1014 
0.1236 0.1335 0.0297 0.7132 
0.1846 0.0426 0.6495 0.1233 
0.7156 0.0625 0.0979 0.1239 
0.0796 0.4332 0.4498 0.0374 
0.0167 0.0050 0.0081 0.9702 
0.0554 0.9160 0.0039 0.0247 
0.9578 0.0016 0.0307 0.0100 
0.0000 0.0000 0.9652 0.0348 
0.0000 0.9937 0.0063 0.0000 
0.9043 0.0031 0.0385 0.0542 
0.4051 0.1383 0.1718 0.2848 
0.4117 0.0388 0.0528 0.4967 
0.3027 0.0352 0.0315 0.6306 
0.2246 0.1659 0.0428 0.5667 
0.1921 0.2118 0.1138 0.4824 

MOTIF filter22 
letter-probability matrix: alength= 4 w= 19 nsites= 19 
0.2760 0.2579 0.1962 0.2700 
0.2630 0.2372 0.2480 0.2517 
0.1200 0.3484 0.1110 0.4206 
0.2010 0.1320 0.4544 0.2126 
0.2651 0.0637 0.4993 0.1719 
0.0823 0.8553 0.0119 0.0505 
0.0000 1.0000 0.0000 0.0000 
0.7732 0.0088 0.1444 0.0735 
0.0178 0.6991 0.2780 0.0051 
0.1144 0.4496 0.0300 0.4061 
0.9384 0.0064 0.0439 0.0113 
0.0023 0.0009 0.9968 0.0000 
0.4298 0.0037 0.5599 0.0066 
0.0140 0.0272 0.6259 0.3330 
0.0009 0.0018 0.9955 0.0019 
0.0069 0.0185 0.9327 0.0419 
0.0976 0.8602 0.0000 0.0422 
0.3824 0.0276 0.5694 0.0206 
0.0851 0.5307 0.3058 0.0784 

MOTIF filter23 
letter-probability matrix: alength= 4 w= 19 nsites= 19 
0.5197 0.1829 0.1494 0.1480 
0.0832 0.3199 0.1304 0.4665 
0.0419 0.3053 0.4733 0.1796 
0.3654 0.2047 0.4052 0.0247 
0.5504 0.0251 0.3485 0.0760 
0.0000 1.0000 0.0000 0.0000 
0.0000 0.9995 0.0005 0.0000 
0.9959 0.0000 0.0000 0.0041 
0.9952 0.0000 0.0025 0.0023 
0.0000 0.0038 0.0000 0.9962 
0.0611 0.7314 0.1666 0.0409 
0.8053 0.0090 0.1857 0.0000 
0.1433 0.1135 0.7003 0.0430 
0.3806 0.4202 0.1123 0.0869 
0.4274 0.0296 0.3550 0.1880 
0.1173 0.4068 0.3446 0.1313 
0.1316 0.2691 0.2483 0.3509 
0.1827 0.5112 0.1546 0.1514 
0.2350 0.0973 0.2163 0.4514 

MOTIF filter24 
letter-probability matrix: alength= 4 w= 19 nsites= 19 
0.2334 0.3215 0.3149 0.1301 
0.1213 0.5663 0.1733 0.1391 
0.0981 0.5075 0.3652 0.0292 
0.0259 0.1420 0.8137 0.0184 
0.0000 1.0000 0.0000 0.0000 
0.0000 0.0002 0.9991 0.0007 
0.0039 0.8908 0.0981 0.0072 
0.0956 0.6210 0.1789 0.1045 
0.1594 0.3159 0.4207 0.1041 
0.1205 0.4942 0.2666 0.1188 
0.0559 0.6653 0.1996 0.0793 
0.0646 0.3719 0.4597 0.1037 
0.0720 0.5809 0.3325 0.0146 
0.0510 0.5341 0.3088 0.1061 
0.1235 0.3380 0.3741 0.1643 
0.1307 0.3573 0.3764 0.1356 
0.0839 0.5246 0.2869 0.1046 
0.0551 0.5218 0.3194 0.1037 
0.0936 0.3639 0.4412 0.1013 

MOTIF filter25 
letter-probability matrix: alength= 4 w= 19 nsites= 19 
0.2676 0.1970 0.2458 0.2896 
0.2383 0.2069 0.2199 0.3349 
0.2140 0.2419 0.2206 0.3235 
0.2519 0.2430 0.2248 0.2803 
0.1849 0.3189 0.1888 0.3074 
0.0597 0.6205 0.1409 0.1790 
0.2891 0.0117 0.0000 0.6992 
0.0041 0.0000 0.3291 0.6668 
1.0000 0.0000 0.0000 0.0000 
0.0000 0.0000 0.0000 1.0000 
0.6662 0.3294 0.0000 0.0044 
0.7855 0.0000 0.0134 0.2011 
0.1723 0.1724 0.6132 0.0421 
0.2793 0.1929 0.3407 0.1871 
0.3246 0.2621 0.2410 0.1723 
0.2983 0.2347 0.2326 0.2344 
0.3185 0.2572 0.1877 0.2366 
0.2357 0.2593 0.1740 0.3310 
0.2861 0.2333 0.2084 0.2722 

MOTIF filter26 
letter-probability matrix: alength= 4 w= 19 nsites= 19 
0.1429 0.1671 0.3902 0.2998 
0.1983 0.3355 0.3551 0.1112 
0.3769 0.2931 0.2049 0.1251 
0.1348 0.4420 0.2008 0.2224 
0.2764 0.2892 0.1772 0.2571 
0.2789 0.2423 0.2712 0.2075 
0.1785 0.2094 0.5307 0.0814 
0.0884 0.3444 0.1939 0.3732 
0.2187 0.2612 0.2445 0.2756 
0.0766 0.2442 0.1160 0.5632 
0.0511 0.5101 0.1114 0.3275 
0.4895 0.0601 0.3860 0.0644 
0.4008 0.0321 0.4785 0.0886 
0.0000 0.9783 0.0011 0.0207 
0.0000 1.0000 0.0000 0.0000 
0.9971 0.0000 0.0000 0.0029 
1.0000 0.0000 0.0000 0.0000 
0.0000 0.0000 0.0000 1.0000 
0.0655 0.7074 0.2189 0.0081 

MOTIF filter27 
letter-probability matrix: alength= 4 w= 19 nsites= 19 
0.2381 0.2878 0.3065 0.1676 
0.3491 0.2194 0.3151 0.1165 
0.2590 0.2684 0.2397 0.2328 
0.2044 0.0926 0.4150 0.2879 
0.5782 0.1046 0.3084 0.0088 
0.0000 0.0018 0.0000 0.9982 
0.0000 0.0000 0.6183 0.3817 
0.7655 0.0000 0.1223 0.1121 
0.0000 0.8171 0.0070 0.1759 
0.2586 0.0284 0.7114 0.0016 
0.2060 0.0223 0.0000 0.7717 
0.1971 0.8029 0.0000 0.0000 
0.9943 0.0000 0.0057 0.0000 
0.0087 0.3153 0.1126 0.5634 
0.2554 0.4187 0.1033 0.2226 
0.2573 0.3122 0.2368 0.1937 
0.1771 0.3676 0.1851 0.2701 
0.2370 0.3192 0.2133 0.2306 
0.2662 0.2486 0.2400 0.2452 

MOTIF filter28 
letter-probability matrix: alength= 4 w= 19 nsites= 19 
0.5318 0.0705 0.0755 0.3223 
0.3484 0.0429 0.0765 0.5323 
0.3110 0.0875 0.0688 0.5327 
0.2676 0.0712 0.1161 0.5450 
0.3499 0.1228 0.1526 0.3747 
0.3712 0.1448 0.0724 0.4115 
0.3473 0.1238 0.1072 0.4217 
0.3081 0.1048 0.1415 0.4456 
0.4672 0.0954 0.1136 0.3238 
0.3768 0.0928 0.1605 0.3699 
0.4708 0.1027 0.1145 0.3120 
0.4591 0.0521 0.0974 0.3914 
0.6088 0.0295 0.0072 0.3545 
0.4206 0.0163 0.0121 0.5509 
0.2291 0.0253 0.0278 0.7178 
0.4915 0.0050 0.0019 0.5016 
0.9665 0.0000 0.0000 0.0334 
0.1101 0.0001 0.0013 0.8885 
0.3943 0.0000 0.0031 0.6025 

MOTIF filter29 
letter-probability matrix: alength= 4 w= 19 nsites= 19 
0.3188 0.2189 0.1962 0.2661 
0.2328 0.2531 0.2244 0.2896 
0.2392 0.2518 0.2487 0.2602 
0.2946 0.2601 0.1721 0.2732 
0.2866 0.2248 0.2034 0.2852 
0.3054 0.1503 0.2415 0.3029 
0.2755 0.1376 0.2251 0.3618 
0.2713 0.0987 0.2765 0.3534 
0.1796 0.1251 0.3399 0.3554 
0.0157 0.9278 0.0022 0.0542 
0.0004 0.4015 0.0004 0.5978 
0.8301 0.0229 0.0011 0.1459 
0.3899 0.0000 0.0043 0.6058 
0.6526 0.0000 0.0044 0.3431 
0.3469 0.0082 0.0011 0.6437 
0.6459 0.0073 0.0004 0.3464 
0.1561 0.0000 0.0175 0.8264 
0.6217 0.0000 0.3783 0.0000 
0.0727 0.0121 0.9011 0.0141 

