MEME version 4

ALPHABET= ACGT

Background letter frequencies:
A 0.2500 C 0.2500 G 0.2500 T 0.2500 

MOTIF filter0 
letter-probability matrix: alength= 4 w= 14 nsites= 14 
0.2168 0.2702 0.1779 0.3351 
0.1888 0.2382 0.2415 0.3314 
0.1080 0.2086 0.5770 0.1064 
0.0837 0.6156 0.0683 0.2324 
0.2204 0.4295 0.1256 0.2245 
0.2460 0.2322 0.2418 0.2800 
0.3079 0.1763 0.2405 0.2753 
0.1600 0.1561 0.6121 0.0718 
0.0080 0.0208 0.0085 0.9627 
0.1469 0.8369 0.0056 0.0105 
0.8471 0.0325 0.1118 0.0086 
0.0159 0.1312 0.4515 0.4014 
0.0791 0.5366 0.1735 0.2108 
0.3449 0.2119 0.2962 0.1469 

MOTIF filter1 
letter-probability matrix: alength= 4 w= 12 nsites= 12 
0.1767 0.3106 0.2027 0.3100 
0.5278 0.1081 0.2596 0.1045 
0.0483 0.5022 0.1378 0.3116 
0.1163 0.0244 0.0547 0.8046 
0.0165 0.0112 0.0459 0.9264 
0.0347 0.7269 0.1989 0.0395 
0.0082 0.9580 0.0036 0.0302 
0.0112 0.0292 0.8482 0.1115 
0.0328 0.1863 0.6466 0.1343 
0.1022 0.2787 0.1665 0.4525 
0.2134 0.2689 0.2588 0.2589 
0.2481 0.2596 0.2575 0.2347 

MOTIF filter2 
letter-probability matrix: alength= 4 w= 13 nsites= 13 
0.1995 0.2702 0.2759 0.2544 
0.1966 0.1957 0.3807 0.2271 
0.4426 0.2269 0.2902 0.0403 
0.0168 0.0624 0.0090 0.9117 
0.0177 0.0062 0.8055 0.1706 
0.9268 0.0216 0.0112 0.0404 
0.0926 0.4048 0.3984 0.1043 
0.0347 0.0240 0.0269 0.9144 
0.1628 0.8251 0.0043 0.0078 
0.9020 0.0145 0.0660 0.0175 
0.0393 0.2855 0.2131 0.4621 
0.2245 0.3924 0.1747 0.2085 
0.2566 0.3117 0.2219 0.2098 

MOTIF filter3 
letter-probability matrix: alength= 4 w= 10 nsites= 10 
0.3519 0.1779 0.2519 0.2183 
0.3022 0.2070 0.2825 0.2082 
0.3349 0.1638 0.2171 0.2841 
0.5861 0.1032 0.3011 0.0096 
0.0147 0.0218 0.0216 0.9419 
0.0086 0.2262 0.5009 0.2642 
0.4818 0.0142 0.4565 0.0475 
0.1325 0.5708 0.0663 0.2305 
0.2258 0.1746 0.3270 0.2726 
0.2437 0.2233 0.2871 0.2459 

MOTIF filter4 
letter-probability matrix: alength= 4 w= 11 nsites= 11 
0.1449 0.3678 0.2409 0.2464 
0.3861 0.1675 0.2951 0.1512 
0.4077 0.0989 0.3033 0.1902 
0.0237 0.6464 0.0091 0.3208 
0.0424 0.4327 0.4992 0.0256 
0.7713 0.0876 0.0357 0.1055 
0.5696 0.1032 0.1688 0.1584 
0.0126 0.0538 0.0129 0.9206 
0.1554 0.4400 0.3189 0.0857 
0.4807 0.1013 0.3927 0.0253 
0.1594 0.2452 0.3328 0.2625 

MOTIF filter5 
letter-probability matrix: alength= 4 w= 9 nsites= 9 
0.4209 0.0752 0.0987 0.4052 
0.4107 0.0913 0.1624 0.3356 
0.2105 0.0956 0.1645 0.5294 
0.1071 0.1595 0.0066 0.7267 
0.0648 0.0345 0.8900 0.0106 
0.0526 0.8063 0.0138 0.1272 
0.2038 0.2112 0.2683 0.3166 
0.2450 0.2028 0.3410 0.2111 
0.5199 0.1541 0.2024 0.1235 

MOTIF filter6 
letter-probability matrix: alength= 4 w= 14 nsites= 14 
0.2393 0.2643 0.2590 0.2375 
0.2241 0.1725 0.2700 0.3334 
0.4631 0.1644 0.3144 0.0580 
0.0101 0.0338 0.0141 0.9420 
0.0146 0.0090 0.2065 0.7700 
0.2810 0.0205 0.5080 0.1904 
0.0569 0.7460 0.0804 0.1167 
0.1138 0.0775 0.7498 0.0588 
0.1816 0.5108 0.0164 0.2913 
0.7734 0.2038 0.0082 0.0146 
0.9363 0.0155 0.0369 0.0113 
0.0568 0.3124 0.1710 0.4599 
0.3311 0.2891 0.1547 0.2250 
0.2369 0.2674 0.2593 0.2363 

MOTIF filter7 
letter-probability matrix: alength= 4 w= 9 nsites= 9 
0.4125 0.1000 0.1006 0.3869 
0.3916 0.1034 0.1832 0.3219 
0.5870 0.0634 0.0817 0.2679 
0.0994 0.0226 0.1275 0.7505 
0.4692 0.0246 0.4995 0.0067 
0.0966 0.0416 0.7949 0.0670 
0.2624 0.4708 0.1403 0.1265 
0.1895 0.3206 0.2638 0.2261 
0.1986 0.3085 0.2768 0.2160 

MOTIF filter8 
letter-probability matrix: alength= 4 w= 8 nsites= 8 
0.1778 0.3849 0.1905 0.2469 
0.2002 0.2298 0.0910 0.4791 
0.1977 0.0307 0.3534 0.4182 
0.9677 0.0094 0.0082 0.0146 
0.0168 0.0133 0.0122 0.9577 
0.2726 0.4643 0.0548 0.2083 
0.4344 0.0790 0.1903 0.2964 
0.2496 0.2127 0.3463 0.1913 

MOTIF filter9 
letter-probability matrix: alength= 4 w= 9 nsites= 9 
0.1184 0.3947 0.3890 0.0979 
0.1975 0.2902 0.1560 0.3563 
0.1359 0.2945 0.3190 0.2506 
0.1807 0.0079 0.0722 0.7392 
0.0155 0.0129 0.9641 0.0075 
0.0220 0.6127 0.2094 0.1558 
0.2678 0.1536 0.1952 0.3834 
0.1592 0.2438 0.2455 0.3515 
0.3447 0.1716 0.2972 0.1865 

MOTIF filter10 
letter-probability matrix: alength= 4 w= 13 nsites= 13 
0.2206 0.2567 0.3104 0.2123 
0.1967 0.1797 0.3029 0.3207 
0.4547 0.1806 0.3250 0.0396 
0.0225 0.0328 0.0339 0.9108 
0.0238 0.0099 0.5162 0.4501 
0.6786 0.0258 0.1784 0.1172 
0.0824 0.5098 0.2279 0.1799 
0.0753 0.0202 0.4868 0.4176 
0.1321 0.7750 0.0138 0.0791 
0.8850 0.0213 0.0661 0.0277 
0.4109 0.1795 0.1265 0.2832 
0.1844 0.3473 0.1594 0.3089 
0.2248 0.3176 0.2421 0.2155 

MOTIF filter11 
letter-probability matrix: alength= 4 w= 11 nsites= 11 
0.1891 0.3793 0.1896 0.2420 
0.2198 0.3617 0.3265 0.0920 
0.4067 0.1047 0.1012 0.3875 
0.1574 0.1428 0.0507 0.6490 
0.2369 0.0743 0.5474 0.1414 
0.1727 0.5937 0.0198 0.2138 
0.7262 0.0470 0.0674 0.1594 
0.4330 0.0085 0.1063 0.4523 
0.0119 0.3452 0.4206 0.2224 
0.2851 0.1026 0.4867 0.1257 
0.2315 0.2326 0.2451 0.2908 

MOTIF filter12 
letter-probability matrix: alength= 4 w= 11 nsites= 11 
0.3810 0.2592 0.2701 0.0898 
0.2253 0.3450 0.3125 0.1172 
0.1085 0.2616 0.1093 0.5206 
0.2601 0.5968 0.0503 0.0927 
0.3535 0.0462 0.5448 0.0555 
0.1297 0.0090 0.4962 0.3651 
0.0817 0.6656 0.1969 0.0558 
0.7223 0.0160 0.1631 0.0985 
0.1354 0.4233 0.1820 0.2593 
0.3305 0.0850 0.1819 0.4026 
0.3120 0.1564 0.0651 0.4664 

MOTIF filter13 
letter-probability matrix: alength= 4 w= 11 nsites= 11 
0.2361 0.3223 0.2553 0.1864 
0.1238 0.3558 0.2388 0.2815 
0.1169 0.2595 0.3710 0.2526 
0.6458 0.0785 0.2586 0.0171 
0.0102 0.0168 0.0107 0.9623 
0.0667 0.0798 0.0044 0.8491 
0.0286 0.0209 0.9063 0.0442 
0.0536 0.5423 0.3437 0.0604 
0.3892 0.2266 0.2239 0.1603 
0.1570 0.2765 0.1012 0.4654 
0.3894 0.3157 0.1945 0.1004 

MOTIF filter14 
letter-probability matrix: alength= 4 w= 8 nsites= 8 
0.1847 0.3027 0.2092 0.3034 
0.2215 0.4500 0.1668 0.1616 
0.4193 0.0327 0.4365 0.1115 
0.0331 0.8184 0.0063 0.1422 
0.1275 0.0062 0.8338 0.0325 
0.1408 0.3559 0.0431 0.4602 
0.2045 0.1699 0.3755 0.2501 
0.3138 0.2109 0.2366 0.2386 

MOTIF filter15 
letter-probability matrix: alength= 4 w= 8 nsites= 8 
0.2381 0.2979 0.2597 0.2043 
0.4916 0.1640 0.1572 0.1871 
0.3778 0.1615 0.4317 0.0290 
0.0177 0.9637 0.0076 0.0110 
0.9260 0.0421 0.0112 0.0207 
0.1106 0.4408 0.2617 0.1870 
0.2292 0.2800 0.3143 0.1764 
0.1860 0.3938 0.1183 0.3019 

MOTIF filter16 
letter-probability matrix: alength= 4 w= 8 nsites= 8 
0.2372 0.1797 0.1796 0.4034 
0.2561 0.3002 0.1689 0.2748 
0.3052 0.1734 0.2050 0.3165 
0.0515 0.0062 0.9196 0.0228 
0.0057 0.9468 0.0272 0.0203 
0.3706 0.0085 0.4703 0.1507 
0.3651 0.1276 0.3478 0.1595 
0.3106 0.1829 0.1378 0.3686 

MOTIF filter17 
letter-probability matrix: alength= 4 w= 9 nsites= 9 
0.4862 0.1049 0.2439 0.1649 
0.1821 0.5125 0.1347 0.1707 
0.0436 0.4825 0.0885 0.3854 
0.0228 0.0039 0.9648 0.0085 
0.3021 0.4789 0.0257 0.1933 
0.0428 0.6791 0.0110 0.2671 
0.4369 0.0419 0.4393 0.0820 
0.2845 0.2089 0.2412 0.2654 
0.1836 0.4174 0.2342 0.1648 

MOTIF filter18 
letter-probability matrix: alength= 4 w= 14 nsites= 14 
0.2583 0.2637 0.2761 0.2019 
0.2276 0.1834 0.3007 0.2883 
0.3734 0.2326 0.2898 0.1042 
0.0537 0.0834 0.1012 0.7618 
0.0474 0.0241 0.2495 0.6790 
0.2455 0.0702 0.3854 0.2989 
0.1026 0.6787 0.0888 0.1299 
0.1322 0.1082 0.7079 0.0518 
0.2391 0.3331 0.0313 0.3965 
0.5838 0.3795 0.0097 0.0270 
0.9416 0.0196 0.0290 0.0097 
0.0303 0.3204 0.2165 0.4328 
0.3240 0.2908 0.1394 0.2458 
0.2405 0.2642 0.2559 0.2394 

MOTIF filter19 
letter-probability matrix: alength= 4 w= 11 nsites= 11 
0.1218 0.2454 0.2918 0.3410 
0.4061 0.1408 0.3582 0.0950 
0.2817 0.1618 0.2809 0.2756 
0.0482 0.5958 0.3319 0.0241 
0.0401 0.9004 0.0208 0.0386 
0.8791 0.0083 0.0328 0.0799 
0.9584 0.0124 0.0226 0.0066 
0.0210 0.2071 0.0564 0.7156 
0.2543 0.3781 0.2346 0.1330 
0.3375 0.1966 0.3474 0.1185 
0.2345 0.2651 0.3119 0.1885 

MOTIF filter20 
letter-probability matrix: alength= 4 w= 11 nsites= 11 
0.2821 0.2785 0.2323 0.2072 
0.1261 0.4496 0.2250 0.1993 
0.0102 0.4870 0.1949 0.3078 
0.7509 0.0444 0.1253 0.0794 
0.0300 0.2405 0.3539 0.3756 
0.1969 0.0571 0.4937 0.2523 
0.0867 0.0766 0.5513 0.2854 
0.0283 0.0040 0.9094 0.0583 
0.1349 0.1766 0.4506 0.2379 
0.1268 0.3897 0.2175 0.2661 
0.2283 0.2641 0.3791 0.1284 

MOTIF filter21 
letter-probability matrix: alength= 4 w= 11 nsites= 11 
0.3240 0.1522 0.3536 0.1702 
0.2268 0.3695 0.2108 0.1929 
0.0533 0.9045 0.0141 0.0281 
0.7546 0.0169 0.1088 0.1197 
0.0099 0.8489 0.0126 0.1286 
0.1182 0.0130 0.8643 0.0045 
0.0798 0.0619 0.0081 0.8502 
0.0142 0.0043 0.9588 0.0227 
0.1683 0.2633 0.3335 0.2349 
0.1832 0.3250 0.1653 0.3265 
0.2027 0.2698 0.2407 0.2868 

MOTIF filter22 
letter-probability matrix: alength= 4 w= 11 nsites= 11 
0.2520 0.2783 0.2455 0.2242 
0.4791 0.1484 0.2818 0.0907 
0.1593 0.5549 0.2109 0.0748 
0.1469 0.7699 0.0518 0.0315 
0.0528 0.0353 0.8898 0.0222 
0.1120 0.0332 0.8246 0.0302 
0.9622 0.0108 0.0153 0.0117 
0.7968 0.0347 0.0188 0.1497 
0.3456 0.1315 0.4773 0.0456 
0.1144 0.2483 0.1070 0.5304 
0.2583 0.2019 0.3377 0.2022 

MOTIF filter23 
letter-probability matrix: alength= 4 w= 12 nsites= 12 
0.3378 0.2218 0.1497 0.2907 
0.1498 0.2309 0.2221 0.3972 
0.1007 0.4954 0.1481 0.2557 
0.0298 0.3073 0.0938 0.5691 
0.2439 0.1679 0.4616 0.1266 
0.8196 0.0050 0.1671 0.0083 
0.0130 0.2655 0.0595 0.6620 
0.1158 0.1009 0.0177 0.7656 
0.1765 0.3024 0.5036 0.0176 
0.3237 0.0095 0.6476 0.0191 
0.1281 0.3510 0.0220 0.4989 
0.1139 0.3024 0.1855 0.3982 

MOTIF filter24 
letter-probability matrix: alength= 4 w= 12 nsites= 12 
0.2851 0.2207 0.2984 0.1958 
0.1185 0.3610 0.3862 0.1343 
0.1089 0.5003 0.3367 0.0541 
0.0525 0.2271 0.6467 0.0738 
0.0310 0.5564 0.4051 0.0075 
0.0050 0.4259 0.5646 0.0045 
0.0361 0.6804 0.2593 0.0242 
0.0341 0.3266 0.5325 0.1067 
0.0168 0.6416 0.2760 0.0656 
0.0926 0.2334 0.2027 0.4714 
0.5267 0.1614 0.2179 0.0940 
0.1456 0.2203 0.3677 0.2664 

MOTIF filter25 
letter-probability matrix: alength= 4 w= 11 nsites= 11 
0.3707 0.0979 0.1039 0.4275 
0.2922 0.1756 0.2011 0.3310 
0.1114 0.3455 0.0430 0.5002 
0.0245 0.0914 0.8783 0.0058 
0.2139 0.7422 0.0170 0.0270 
0.0065 0.2191 0.0110 0.7634 
0.0078 0.0058 0.7959 0.1906 
0.9603 0.0098 0.0180 0.0119 
0.0459 0.6024 0.2150 0.1368 
0.1911 0.2812 0.2378 0.2900 
0.1910 0.2254 0.1946 0.3890 

MOTIF filter26 
letter-probability matrix: alength= 4 w= 9 nsites= 9 
0.2291 0.2161 0.3486 0.2061 
0.3787 0.3428 0.0984 0.1802 
0.0194 0.1829 0.7461 0.0515 
0.3709 0.0427 0.0230 0.5634 
0.0275 0.2624 0.0089 0.7012 
0.7517 0.0063 0.1695 0.0724 
0.4635 0.1420 0.1649 0.2296 
0.1121 0.5014 0.2848 0.1017 
0.2173 0.2080 0.3442 0.2305 

MOTIF filter27 
letter-probability matrix: alength= 4 w= 13 nsites= 13 
0.3044 0.1386 0.1281 0.4288 
0.4240 0.1167 0.1392 0.3201 
0.4051 0.0318 0.1857 0.3774 
0.6264 0.0161 0.0822 0.2754 
0.5037 0.0074 0.0587 0.4302 
0.3007 0.0154 0.0059 0.6781 
0.3294 0.0188 0.0325 0.6192 
0.3084 0.3503 0.0194 0.3219 
0.3658 0.0737 0.0521 0.5084 
0.6530 0.1313 0.0253 0.1904 
0.1972 0.2297 0.1611 0.4121 
0.2247 0.1395 0.2235 0.4123 
0.3956 0.1492 0.1222 0.3331 

MOTIF filter28 
letter-probability matrix: alength= 4 w= 10 nsites= 10 
0.1960 0.3525 0.2129 0.2386 
0.2809 0.1660 0.3663 0.1868 
0.1940 0.2473 0.0916 0.4670 
0.0549 0.4539 0.4801 0.0110 
0.5915 0.1851 0.0149 0.2085 
0.1092 0.0092 0.1926 0.6890 
0.0079 0.4925 0.4701 0.0295 
0.3248 0.1402 0.3217 0.2133 
0.3115 0.2457 0.1678 0.2750 
0.3054 0.2283 0.2734 0.1930 

MOTIF filter29 
letter-probability matrix: alength= 4 w= 12 nsites= 12 
0.1643 0.1226 0.4152 0.2979 
0.1657 0.4419 0.1573 0.2351 
0.3154 0.2681 0.2978 0.1187 
0.0969 0.0600 0.6874 0.1556 
0.0246 0.9444 0.0104 0.0206 
0.2560 0.5253 0.0721 0.1466 
0.8969 0.0174 0.0464 0.0392 
0.3545 0.0057 0.0068 0.6330 
0.4554 0.0356 0.0331 0.4759 
0.2518 0.0507 0.0446 0.6529 
0.1557 0.1495 0.0515 0.6433 
0.2672 0.1606 0.2617 0.3106 

