MEME version 4

ALPHABET= ACGT

Background letter frequencies:
A 0.2500 C 0.2500 G 0.2500 T 0.2500 

MOTIF filter0 
letter-probability matrix: alength= 4 w= 19 nsites= 19 
0.2809 0.2188 0.2600 0.2403 
0.2228 0.2844 0.2018 0.2909 
0.2707 0.2520 0.2506 0.2266 
0.3946 0.1457 0.2681 0.1916 
0.1898 0.2634 0.2007 0.3461 
0.3533 0.2087 0.2200 0.2180 
0.1086 0.0077 0.1850 0.6988 
0.2326 0.7264 0.0052 0.0357 
0.0227 0.4602 0.0419 0.4752 
0.3433 0.0280 0.4852 0.1436 
0.2851 0.1733 0.3007 0.2409 
0.0779 0.3474 0.1883 0.3864 
0.2540 0.2060 0.2497 0.2903 
0.2814 0.2417 0.2481 0.2287 
0.2421 0.2128 0.3228 0.2223 
0.2411 0.2649 0.2793 0.2146 
0.2365 0.2250 0.2993 0.2392 
0.2433 0.3060 0.2417 0.2091 
0.2454 0.2545 0.2457 0.2543 

MOTIF filter1 
letter-probability matrix: alength= 4 w= 19 nsites= 19 
0.5336 0.0636 0.1412 0.2616 
0.2902 0.0798 0.0161 0.6139 
0.0791 0.0182 0.0308 0.8719 
0.2928 0.2176 0.2325 0.2572 
0.2730 0.5101 0.0903 0.1266 
0.0129 0.1999 0.2874 0.4999 
0.0065 0.9687 0.0124 0.0125 
0.7508 0.0045 0.0051 0.2396 
0.5488 0.0904 0.2746 0.0863 
0.2594 0.3095 0.1249 0.3062 
0.1424 0.3340 0.3196 0.2039 
0.4203 0.2651 0.1354 0.1793 
0.2885 0.2633 0.2057 0.2425 
0.3804 0.1493 0.3218 0.1484 
0.3198 0.1669 0.3256 0.1877 
0.2384 0.3732 0.1605 0.2279 
0.5212 0.2218 0.1286 0.1284 
0.5218 0.0888 0.0446 0.3449 
0.4556 0.0744 0.1238 0.3463 

MOTIF filter2 
letter-probability matrix: alength= 4 w= 19 nsites= 19 
0.0091 0.9357 0.0228 0.0324 
0.2342 0.2546 0.4534 0.0578 
0.2418 0.6799 0.0576 0.0207 
0.0838 0.2781 0.0570 0.5810 
0.2347 0.0834 0.3499 0.3320 
0.5069 0.2309 0.1936 0.0686 
0.0225 0.6265 0.3416 0.0094 
0.5219 0.0066 0.0035 0.4680 
0.0090 0.5317 0.0840 0.3754 
0.3762 0.0879 0.5175 0.0183 
0.0267 0.1451 0.0837 0.7446 
0.0064 0.2813 0.6759 0.0364 
0.3971 0.0212 0.5168 0.0649 
0.0459 0.2006 0.0207 0.7328 
0.2360 0.1410 0.1564 0.4666 
0.1177 0.0944 0.4368 0.3511 
0.0982 0.0844 0.3810 0.4364 
0.1166 0.2554 0.1410 0.4870 
0.0745 0.1993 0.2797 0.4465 

MOTIF filter3 
letter-probability matrix: alength= 4 w= 19 nsites= 19 
0.2688 0.2216 0.2615 0.2481 
0.3206 0.1805 0.2227 0.2762 
0.3163 0.1933 0.2182 0.2723 
0.3434 0.1750 0.2708 0.2109 
0.3645 0.2068 0.1947 0.2339 
0.2049 0.2097 0.2800 0.3054 
0.2674 0.2342 0.4885 0.0100 
0.0108 0.6958 0.0274 0.2661 
0.0072 0.2571 0.4287 0.3070 
0.1537 0.0777 0.5948 0.1739 
0.1219 0.6594 0.0536 0.1650 
0.2021 0.2422 0.4891 0.0666 
0.2698 0.2535 0.2777 0.1990 
0.2281 0.3030 0.1996 0.2693 
0.3070 0.2746 0.1638 0.2545 
0.2042 0.2595 0.2580 0.2783 
0.2803 0.2576 0.2037 0.2584 
0.2880 0.2229 0.2296 0.2596 
0.2432 0.2386 0.2422 0.2760 

MOTIF filter4 
letter-probability matrix: alength= 4 w= 19 nsites= 19 
0.2931 0.1679 0.2241 0.3149 
0.3151 0.2391 0.2283 0.2174 
0.2829 0.1871 0.2605 0.2695 
0.3185 0.1707 0.1490 0.3617 
0.0955 0.2753 0.4311 0.1981 
0.3219 0.4852 0.1830 0.0099 
0.4359 0.2133 0.0994 0.2515 
0.0706 0.0371 0.0195 0.8728 
0.0207 0.1178 0.7862 0.0753 
0.5445 0.0196 0.4298 0.0061 
0.0353 0.2597 0.0856 0.6194 
0.2517 0.3378 0.1369 0.2736 
0.3125 0.2028 0.2680 0.2167 
0.2040 0.2454 0.4146 0.1360 
0.1094 0.4245 0.3185 0.1476 
0.2590 0.2576 0.3732 0.1102 
0.2241 0.2741 0.2668 0.2350 
0.2285 0.2073 0.3306 0.2335 
0.2468 0.1272 0.3350 0.2910 

MOTIF filter5 
letter-probability matrix: alength= 4 w= 19 nsites= 19 
0.2346 0.2431 0.2558 0.2665 
0.2248 0.2290 0.2896 0.2565 
0.2459 0.2505 0.2124 0.2912 
0.3084 0.2024 0.2174 0.2718 
0.2645 0.2251 0.2654 0.2451 
0.1367 0.4369 0.1123 0.3141 
0.1660 0.2046 0.1125 0.5170 
0.8378 0.0322 0.0200 0.1100 
0.1513 0.0054 0.0506 0.7927 
0.7539 0.0459 0.0059 0.1943 
0.3399 0.0352 0.1723 0.4526 
0.3843 0.1793 0.0798 0.3566 
0.1959 0.1709 0.1855 0.4476 
0.3392 0.1934 0.3144 0.1531 
0.1885 0.1961 0.4244 0.1911 
0.3052 0.3002 0.1935 0.2012 
0.1922 0.3232 0.2451 0.2394 
0.1786 0.3406 0.2497 0.2312 
0.2182 0.2880 0.2530 0.2408 

MOTIF filter6 
letter-probability matrix: alength= 4 w= 19 nsites= 19 
0.2429 0.2058 0.3422 0.2092 
0.2060 0.3634 0.2739 0.1567 
0.0793 0.3219 0.2072 0.3916 
0.4798 0.0791 0.3867 0.0544 
0.3146 0.2823 0.0994 0.3036 
0.0606 0.3099 0.4113 0.2182 
0.6209 0.0406 0.0268 0.3117 
0.1395 0.3276 0.1031 0.4298 
0.1219 0.0063 0.0854 0.7863 
0.2703 0.1900 0.4963 0.0434 
0.1817 0.4348 0.2838 0.0997 
0.1689 0.3030 0.2719 0.2562 
0.2305 0.3194 0.2452 0.2048 
0.2947 0.2446 0.2188 0.2419 
0.2777 0.2351 0.1836 0.3036 
0.2627 0.2323 0.2286 0.2763 
0.2521 0.2060 0.2640 0.2779 
0.2366 0.2792 0.2345 0.2497 
0.1855 0.2557 0.2731 0.2856 

MOTIF filter7 
letter-probability matrix: alength= 4 w= 19 nsites= 19 
0.2224 0.2678 0.2286 0.2812 
0.2741 0.2211 0.2387 0.2661 
0.1499 0.3876 0.2378 0.2247 
0.2117 0.3980 0.1916 0.1988 
0.3256 0.2589 0.1285 0.2870 
0.3493 0.1216 0.4787 0.0504 
0.1965 0.4837 0.0861 0.2337 
0.1003 0.4712 0.1844 0.2441 
0.1855 0.2836 0.5175 0.0134 
0.0291 0.0120 0.7777 0.1812 
0.1823 0.5340 0.0094 0.2743 
0.2002 0.0674 0.5540 0.1783 
0.1296 0.2165 0.5776 0.0762 
0.1647 0.2834 0.1100 0.4419 
0.3259 0.2255 0.2113 0.2373 
0.3871 0.1699 0.1607 0.2822 
0.3388 0.1765 0.1881 0.2966 
0.2446 0.2069 0.1937 0.3548 
0.3168 0.2113 0.2414 0.2305 

MOTIF filter8 
letter-probability matrix: alength= 4 w= 19 nsites= 19 
0.1491 0.2967 0.3429 0.2112 
0.2305 0.2728 0.2688 0.2279 
0.1333 0.3240 0.2898 0.2529 
0.1907 0.1737 0.4786 0.1570 
0.3018 0.2195 0.3192 0.1594 
0.1406 0.4180 0.2919 0.1495 
0.1052 0.3984 0.2711 0.2253 
0.0309 0.5374 0.2191 0.2126 
0.0836 0.4223 0.2408 0.2534 
0.0087 0.2533 0.1704 0.5677 
0.2254 0.2213 0.2109 0.3425 
0.0334 0.2278 0.1691 0.5698 
0.1826 0.2122 0.1988 0.4064 
0.1500 0.1463 0.5615 0.1422 
0.2848 0.1416 0.3920 0.1817 
0.1933 0.2936 0.2539 0.2592 
0.1926 0.2891 0.2334 0.2849 
0.2942 0.3029 0.2518 0.1511 
0.2926 0.2305 0.2819 0.1950 

MOTIF filter9 
letter-probability matrix: alength= 4 w= 19 nsites= 19 
0.1833 0.2337 0.3166 0.2665 
0.2620 0.3094 0.2561 0.1725 
0.1386 0.3629 0.1284 0.3701 
0.1225 0.2737 0.2334 0.3704 
0.5036 0.0332 0.1829 0.2803 
0.3710 0.1788 0.1863 0.2640 
0.0267 0.0864 0.1759 0.7110 
0.0130 0.6108 0.3540 0.0222 
0.7822 0.0075 0.1394 0.0709 
0.4568 0.2186 0.0813 0.2432 
0.1019 0.3116 0.0892 0.4973 
0.2675 0.2069 0.4518 0.0738 
0.2520 0.2080 0.3656 0.1744 
0.1559 0.2888 0.2720 0.2834 
0.2043 0.3760 0.2096 0.2101 
0.2609 0.2611 0.3173 0.1607 
0.2567 0.2195 0.3378 0.1859 
0.2690 0.2853 0.2452 0.2005 
0.2393 0.1854 0.4140 0.1613 

MOTIF filter10 
letter-probability matrix: alength= 4 w= 19 nsites= 19 
0.2311 0.3830 0.2120 0.1739 
0.2493 0.2793 0.2367 0.2347 
0.2688 0.2325 0.3042 0.1946 
0.2549 0.2405 0.2391 0.2655 
0.2768 0.2253 0.3288 0.1691 
0.1863 0.1804 0.4347 0.1987 
0.2672 0.1753 0.4204 0.1372 
0.0497 0.1880 0.3821 0.3802 
0.0388 0.3599 0.3105 0.2908 
0.3262 0.1424 0.4327 0.0988 
0.0058 0.9667 0.0130 0.0145 
0.0404 0.0706 0.8433 0.0457 
0.1628 0.4595 0.0688 0.3089 
0.1699 0.1948 0.5856 0.0497 
0.4073 0.2448 0.3028 0.0451 
0.1015 0.3997 0.1898 0.3090 
0.1751 0.3058 0.3061 0.2130 
0.2033 0.2914 0.2379 0.2674 
0.2883 0.2210 0.2606 0.2301 

MOTIF filter11 
letter-probability matrix: alength= 4 w= 19 nsites= 19 
0.2462 0.2554 0.2615 0.2368 
0.2280 0.2586 0.3840 0.1295 
0.2747 0.2770 0.2397 0.2086 
0.1706 0.2292 0.3294 0.2709 
0.3154 0.1291 0.3943 0.1612 
0.3876 0.1427 0.3238 0.1459 
0.0741 0.3015 0.1604 0.4640 
0.0615 0.0797 0.4569 0.4019 
0.3212 0.4203 0.1717 0.0868 
0.2449 0.1494 0.3638 0.2419 
0.1392 0.0052 0.7345 0.1210 
0.0087 0.9569 0.0194 0.0149 
0.6835 0.0214 0.1810 0.1141 
0.3916 0.1220 0.3128 0.1736 
0.3161 0.1060 0.0706 0.5073 
0.3928 0.1472 0.0731 0.3869 
0.2209 0.1954 0.0830 0.5006 
0.2017 0.2498 0.1446 0.4039 
0.2067 0.2774 0.2561 0.2597 

MOTIF filter12 
letter-probability matrix: alength= 4 w= 19 nsites= 19 
0.3023 0.2742 0.2293 0.1942 
0.2620 0.2607 0.2227 0.2546 
0.2842 0.1807 0.2672 0.2680 
0.4172 0.1458 0.2945 0.1424 
0.1313 0.5391 0.3211 0.0085 
0.1890 0.1134 0.3048 0.3929 
0.0676 0.2043 0.5818 0.1463 
0.4598 0.3468 0.0422 0.1512 
0.0253 0.2973 0.4169 0.2605 
0.2564 0.2393 0.1947 0.3095 
0.3122 0.2318 0.2045 0.2516 
0.2473 0.2329 0.3135 0.2063 
0.1991 0.2508 0.2650 0.2852 
0.2533 0.2705 0.2468 0.2294 
0.2369 0.2568 0.2473 0.2589 
0.2647 0.2392 0.2507 0.2454 
0.2378 0.2527 0.2687 0.2408 
0.2376 0.2512 0.2176 0.2937 
0.2336 0.2929 0.2309 0.2426 

MOTIF filter13 
letter-probability matrix: alength= 4 w= 19 nsites= 19 
0.2825 0.2498 0.2522 0.2154 
0.2169 0.2236 0.1891 0.3703 
0.2204 0.2732 0.3012 0.2051 
0.2449 0.2068 0.2778 0.2705 
0.1588 0.2584 0.1679 0.4149 
0.5461 0.0872 0.3590 0.0077 
0.0294 0.1011 0.0250 0.8445 
0.3043 0.2816 0.1447 0.2694 
0.7451 0.0097 0.1270 0.1182 
0.0299 0.5572 0.2855 0.1273 
0.4251 0.1706 0.2812 0.1231 
0.1165 0.3129 0.1267 0.4439 
0.3043 0.3364 0.2332 0.1261 
0.2787 0.1853 0.3205 0.2155 
0.2188 0.3209 0.2079 0.2524 
0.2571 0.2369 0.2883 0.2178 
0.2283 0.2948 0.2947 0.1822 
0.2131 0.3054 0.2486 0.2329 
0.2383 0.2439 0.3005 0.2173 

MOTIF filter14 
letter-probability matrix: alength= 4 w= 19 nsites= 19 
0.3178 0.2107 0.2722 0.1992 
0.3131 0.2039 0.2695 0.2135 
0.3163 0.1658 0.2082 0.3096 
0.2897 0.2377 0.2607 0.2119 
0.2531 0.2348 0.2223 0.2898 
0.1993 0.2901 0.1079 0.4027 
0.0395 0.1381 0.8063 0.0162 
0.1973 0.6798 0.0101 0.1129 
0.0909 0.1528 0.5184 0.2379 
0.0364 0.0483 0.4224 0.4928 
0.5955 0.2120 0.0085 0.1840 
0.3838 0.1553 0.2049 0.2561 
0.1867 0.2381 0.2821 0.2932 
0.1692 0.3245 0.1775 0.3287 
0.2436 0.2719 0.2809 0.2036 
0.2823 0.2196 0.2887 0.2094 
0.2184 0.2696 0.2435 0.2685 
0.2117 0.2743 0.2709 0.2430 
0.2619 0.2295 0.2606 0.2480 

MOTIF filter15 
letter-probability matrix: alength= 4 w= 19 nsites= 19 
0.1886 0.3435 0.2472 0.2208 
0.1632 0.3004 0.2772 0.2591 
0.2587 0.3167 0.3297 0.0949 
0.2379 0.2602 0.2993 0.2027 
0.2205 0.2671 0.2762 0.2362 
0.2103 0.3750 0.3429 0.0717 
0.2712 0.3649 0.1353 0.2286 
0.0504 0.3318 0.6065 0.0113 
0.0330 0.8250 0.0549 0.0870 
0.7704 0.2044 0.0203 0.0049 
0.7275 0.2242 0.0308 0.0175 
0.0604 0.2982 0.1839 0.4575 
0.2889 0.1991 0.1747 0.3373 
0.0704 0.2297 0.4213 0.2787 
0.0927 0.3819 0.2793 0.2461 
0.2548 0.2723 0.2845 0.1885 
0.1300 0.3442 0.2920 0.2338 
0.2023 0.3056 0.2892 0.2028 
0.2350 0.2527 0.3261 0.1862 

MOTIF filter16 
letter-probability matrix: alength= 4 w= 19 nsites= 19 
0.3085 0.2165 0.2099 0.2652 
0.5221 0.0846 0.1840 0.2093 
0.5696 0.0327 0.0930 0.3046 
0.4966 0.0105 0.0731 0.4198 
0.5488 0.0796 0.0076 0.3639 
0.2281 0.2182 0.0813 0.4724 
0.2635 0.1657 0.1687 0.4020 
0.2958 0.0598 0.4738 0.1706 
0.1689 0.2681 0.1134 0.4496 
0.3833 0.2410 0.1281 0.2476 
0.1908 0.1944 0.3052 0.3097 
0.4133 0.1933 0.2070 0.1864 
0.2598 0.1772 0.3037 0.2593 
0.3077 0.1507 0.1565 0.3851 
0.3247 0.1937 0.1154 0.3662 
0.3896 0.0650 0.1572 0.3881 
0.3767 0.0754 0.2108 0.3371 
0.2612 0.2010 0.1137 0.4241 
0.3439 0.1398 0.1623 0.3541 

MOTIF filter17 
letter-probability matrix: alength= 4 w= 19 nsites= 19 
0.2559 0.2653 0.2093 0.2695 
0.2852 0.2529 0.2086 0.2533 
0.3083 0.2154 0.2411 0.2352 
0.2146 0.2139 0.2042 0.3674 
0.2042 0.1865 0.2242 0.3851 
0.1736 0.1359 0.3823 0.3082 
0.2198 0.5591 0.2148 0.0063 
0.0759 0.0571 0.8009 0.0661 
0.2235 0.4002 0.2773 0.0990 
0.0876 0.4223 0.3407 0.1494 
0.2090 0.3118 0.2721 0.2071 
0.1247 0.2671 0.1924 0.4158 
0.5046 0.2539 0.1347 0.1068 
0.2854 0.2084 0.2696 0.2366 
0.2299 0.2551 0.2270 0.2881 
0.2089 0.2618 0.2722 0.2572 
0.2436 0.2375 0.2977 0.2212 
0.2737 0.2297 0.2383 0.2583 
0.2778 0.2078 0.2250 0.2893 

MOTIF filter18 
letter-probability matrix: alength= 4 w= 19 nsites= 19 
0.1008 0.2180 0.0235 0.6577 
0.0107 0.0115 0.9691 0.0086 
0.0567 0.6346 0.0488 0.2599 
0.2725 0.3231 0.1688 0.2356 
0.2639 0.1977 0.3110 0.2274 
0.4126 0.1530 0.2783 0.1560 
0.1466 0.3974 0.3012 0.1549 
0.1908 0.2311 0.2655 0.3126 
0.2347 0.2376 0.2882 0.2395 
0.3035 0.2122 0.2389 0.2455 
0.3198 0.1288 0.2665 0.2849 
0.1698 0.2376 0.3271 0.2655 
0.2888 0.2244 0.2305 0.2563 
0.2628 0.1838 0.1905 0.3629 
0.2808 0.2197 0.2292 0.2704 
0.3363 0.1876 0.1913 0.2848 
0.2738 0.2310 0.2667 0.2284 
0.2579 0.2288 0.2321 0.2812 
0.2548 0.2317 0.2749 0.2385 

MOTIF filter19 
letter-probability matrix: alength= 4 w= 19 nsites= 19 
0.2200 0.2668 0.3026 0.2106 
0.2401 0.1978 0.2643 0.2978 
0.3080 0.1893 0.3589 0.1438 
0.1529 0.3017 0.1335 0.4118 
0.1777 0.2004 0.1885 0.4333 
0.3625 0.0781 0.3671 0.1923 
0.3557 0.2579 0.1958 0.1907 
0.1569 0.2863 0.4139 0.1428 
0.0798 0.1944 0.0110 0.7148 
0.5573 0.4216 0.0092 0.0120 
0.9291 0.0206 0.0298 0.0205 
0.0256 0.2452 0.2863 0.4429 
0.2394 0.4223 0.1568 0.1815 
0.2772 0.3207 0.2516 0.1505 
0.2248 0.2154 0.3083 0.2516 
0.2733 0.2057 0.2573 0.2636 
0.2684 0.2143 0.2303 0.2870 
0.2280 0.2563 0.2589 0.2569 
0.2056 0.2515 0.2738 0.2692 

MOTIF filter20 
letter-probability matrix: alength= 4 w= 19 nsites= 19 
0.2256 0.2213 0.3191 0.2341 
0.2019 0.2561 0.2915 0.2505 
0.1685 0.3257 0.2736 0.2322 
0.1953 0.3946 0.2509 0.1593 
0.2601 0.2362 0.2792 0.2245 
0.2028 0.3564 0.1662 0.2745 
0.3583 0.1656 0.2925 0.1836 
0.3874 0.1377 0.3268 0.1481 
0.2066 0.4635 0.0259 0.3041 
0.0189 0.2119 0.7322 0.0370 
0.5193 0.0620 0.0149 0.4038 
0.1041 0.4123 0.0085 0.4752 
0.3781 0.0895 0.3598 0.1725 
0.2261 0.2834 0.2352 0.2553 
0.2167 0.2341 0.2655 0.2837 
0.2940 0.2334 0.2730 0.1996 
0.2482 0.2459 0.2559 0.2501 
0.2432 0.2800 0.2192 0.2575 
0.2402 0.2573 0.2727 0.2298 

MOTIF filter21 
letter-probability matrix: alength= 4 w= 19 nsites= 19 
0.2023 0.2935 0.2948 0.2093 
0.1839 0.1956 0.3361 0.2844 
0.4541 0.1931 0.3332 0.0196 
0.0166 0.0264 0.0208 0.9362 
0.0096 0.0074 0.4899 0.4930 
0.4669 0.0102 0.3302 0.1927 
0.0766 0.6516 0.1245 0.1474 
0.1610 0.1008 0.5846 0.1536 
0.2981 0.3355 0.0153 0.3511 
0.4720 0.3474 0.0614 0.1193 
0.6466 0.0116 0.3192 0.0227 
0.0193 0.4488 0.1978 0.3340 
0.4239 0.2180 0.1600 0.1980 
0.2507 0.2712 0.2519 0.2262 
0.2338 0.2416 0.2458 0.2788 
0.2132 0.2751 0.1758 0.3360 
0.2395 0.2785 0.2068 0.2751 
0.2454 0.2192 0.2872 0.2482 
0.2489 0.2539 0.2608 0.2364 

MOTIF filter22 
letter-probability matrix: alength= 4 w= 19 nsites= 19 
0.2346 0.2627 0.2115 0.2913 
0.2490 0.3364 0.2345 0.1801 
0.2087 0.3053 0.2320 0.2540 
0.2425 0.2777 0.2980 0.1818 
0.2103 0.2029 0.2836 0.3032 
0.2957 0.2971 0.2354 0.1719 
0.1813 0.1502 0.1791 0.4894 
0.2418 0.3382 0.1749 0.2451 
0.3601 0.2709 0.2090 0.1600 
0.2105 0.1998 0.4130 0.1767 
0.3957 0.1378 0.4499 0.0165 
0.5499 0.3544 0.0865 0.0092 
0.3389 0.6289 0.0136 0.0186 
0.5850 0.0063 0.3988 0.0099 
0.0137 0.3172 0.0583 0.6107 
0.2694 0.0998 0.5723 0.0585 
0.1424 0.2336 0.3180 0.3060 
0.2121 0.2258 0.4016 0.1605 
0.3010 0.1835 0.3197 0.1958 

MOTIF filter23 
letter-probability matrix: alength= 4 w= 19 nsites= 19 
0.2322 0.2135 0.2442 0.3102 
0.3175 0.2112 0.2678 0.2036 
0.1970 0.2647 0.2449 0.2934 
0.1823 0.2865 0.2119 0.3194 
0.5109 0.1436 0.2922 0.0532 
0.0655 0.7259 0.0258 0.1827 
0.2292 0.2499 0.4964 0.0245 
0.5966 0.2812 0.0795 0.0427 
0.2692 0.4480 0.1149 0.1679 
0.2664 0.4649 0.0090 0.2597 
0.2248 0.3368 0.0826 0.3558 
0.3629 0.2232 0.1963 0.2176 
0.3219 0.2047 0.2564 0.2170 
0.2438 0.2393 0.2367 0.2802 
0.2922 0.2235 0.2882 0.1962 
0.1948 0.2156 0.3176 0.2720 
0.2663 0.2493 0.2688 0.2156 
0.2420 0.2670 0.2519 0.2392 
0.2646 0.2322 0.2460 0.2572 

MOTIF filter24 
letter-probability matrix: alength= 4 w= 19 nsites= 19 
0.2421 0.2610 0.2777 0.2193 
0.2117 0.2347 0.2802 0.2733 
0.2003 0.2605 0.3061 0.2331 
0.1763 0.3418 0.2904 0.1915 
0.2111 0.3841 0.2826 0.1222 
0.1318 0.3624 0.2774 0.2285 
0.1925 0.4144 0.3291 0.0640 
0.3635 0.0762 0.5032 0.0571 
0.4118 0.1049 0.4735 0.0098 
0.1548 0.0106 0.2680 0.5666 
0.6839 0.1753 0.0835 0.0573 
0.4166 0.1731 0.2558 0.1545 
0.1567 0.2208 0.4162 0.2063 
0.1919 0.3388 0.2878 0.1815 
0.2430 0.2172 0.3251 0.2147 
0.2329 0.2209 0.2898 0.2565 
0.1909 0.2771 0.1921 0.3399 
0.2647 0.2634 0.1832 0.2886 
0.2731 0.2016 0.2282 0.2971 

MOTIF filter25 
letter-probability matrix: alength= 4 w= 19 nsites= 19 
0.2621 0.2758 0.2218 0.2402 
0.2919 0.2119 0.2563 0.2399 
0.2434 0.2560 0.2038 0.2969 
0.3071 0.2194 0.2539 0.2196 
0.2587 0.1905 0.2906 0.2601 
0.1771 0.2499 0.1978 0.3752 
0.2211 0.3425 0.2130 0.2234 
0.3229 0.3000 0.1815 0.1956 
0.2953 0.1175 0.3037 0.2835 
0.0366 0.8113 0.0208 0.1314 
0.5631 0.0076 0.3726 0.0567 
0.0833 0.2747 0.0157 0.6263 
0.1396 0.1406 0.6358 0.0840 
0.2430 0.2385 0.1867 0.3318 
0.2276 0.2616 0.2181 0.2928 
0.2163 0.2925 0.2180 0.2731 
0.2454 0.2379 0.2318 0.2848 
0.3075 0.2542 0.1749 0.2634 
0.2807 0.2393 0.2416 0.2384 

MOTIF filter26 
letter-probability matrix: alength= 4 w= 19 nsites= 19 
0.2465 0.2665 0.2582 0.2288 
0.1703 0.4013 0.1906 0.2377 
0.1961 0.3055 0.3070 0.1914 
0.2630 0.3348 0.1794 0.2227 
0.2764 0.2456 0.3282 0.1498 
0.4660 0.2716 0.0990 0.1634 
0.1817 0.1630 0.1065 0.5488 
0.5278 0.0083 0.1023 0.3616 
0.1022 0.2438 0.2096 0.4445 
0.0779 0.8405 0.0722 0.0094 
0.0631 0.0058 0.9066 0.0246 
0.1627 0.4447 0.1651 0.2275 
0.4901 0.1248 0.1015 0.2836 
0.4007 0.0907 0.1370 0.3717 
0.1888 0.2263 0.2123 0.3727 
0.1900 0.2588 0.1792 0.3720 
0.2211 0.2466 0.2683 0.2640 
0.2300 0.2893 0.2596 0.2210 
0.2037 0.2540 0.2956 0.2467 

MOTIF filter27 
letter-probability matrix: alength= 4 w= 19 nsites= 19 
0.2739 0.2875 0.2904 0.1482 
0.2171 0.2024 0.2879 0.2925 
0.3092 0.1636 0.3201 0.2071 
0.2694 0.1590 0.2548 0.3168 
0.2996 0.2471 0.1134 0.3399 
0.2081 0.0610 0.4144 0.3164 
0.0796 0.4110 0.0095 0.4999 
0.1997 0.0114 0.7270 0.0618 
0.5557 0.3885 0.0073 0.0485 
0.2378 0.1722 0.1196 0.4704 
0.3998 0.1312 0.2021 0.2669 
0.2579 0.3580 0.1521 0.2321 
0.2997 0.2726 0.2334 0.1944 
0.2120 0.2330 0.2333 0.3218 
0.2354 0.2790 0.2121 0.2735 
0.2223 0.2914 0.2502 0.2361 
0.2260 0.2617 0.2911 0.2211 
0.2256 0.2664 0.2813 0.2268 
0.2378 0.2573 0.2728 0.2321 

MOTIF filter28 
letter-probability matrix: alength= 4 w= 19 nsites= 19 
0.2388 0.2423 0.3126 0.2063 
0.2004 0.2547 0.3367 0.2082 
0.1738 0.3109 0.3560 0.1594 
0.2887 0.3618 0.1795 0.1700 
0.0606 0.1835 0.2426 0.5132 
0.3104 0.0366 0.4164 0.2366 
0.6232 0.0571 0.2962 0.0234 
0.0063 0.6297 0.0158 0.3482 
0.0111 0.9475 0.0028 0.0386 
0.0540 0.0124 0.9098 0.0238 
0.0104 0.0838 0.7738 0.1320 
0.2462 0.3082 0.3014 0.1442 
0.2969 0.3169 0.0876 0.2986 
0.3471 0.2130 0.2201 0.2198 
0.4638 0.1504 0.1470 0.2388 
0.3110 0.1748 0.2304 0.2839 
0.3169 0.1881 0.1864 0.3086 
0.2173 0.2962 0.1565 0.3299 
0.1877 0.3248 0.2244 0.2631 

MOTIF filter29 
letter-probability matrix: alength= 4 w= 19 nsites= 19 
0.2468 0.2214 0.2580 0.2739 
0.2258 0.2313 0.2661 0.2768 
0.2712 0.2251 0.2056 0.2982 
0.2070 0.3302 0.2105 0.2524 
0.4254 0.0205 0.4622 0.0918 
0.3820 0.2648 0.0923 0.2609 
0.1845 0.8006 0.0109 0.0041 
0.6676 0.2049 0.1058 0.0217 
0.0102 0.1496 0.7050 0.1352 
0.0576 0.5494 0.3579 0.0351 
0.1806 0.2029 0.3162 0.3002 
0.2129 0.2736 0.2352 0.2782 
0.2409 0.2373 0.2471 0.2747 
0.2429 0.2463 0.2249 0.2858 
0.2238 0.2761 0.2522 0.2480 
0.1964 0.2553 0.2921 0.2563 
0.2236 0.2624 0.2816 0.2323 
0.1967 0.2543 0.3021 0.2468 
0.2291 0.2477 0.2557 0.2676 

