MEME version 4

ALPHABET= ACGT

Background letter frequencies:
A 0.2500 C 0.2500 G 0.2500 T 0.2500 

MOTIF filter0 
letter-probability matrix: alength= 4 w= 19 nsites= 19 
0.0875 0.3217 0.4574 0.1334 
0.1584 0.3754 0.3639 0.1023 
0.1391 0.4803 0.2617 0.1189 
0.1211 0.5621 0.2625 0.0543 
0.3062 0.2420 0.3066 0.1451 
0.1524 0.3771 0.4093 0.0612 
0.1634 0.2770 0.2368 0.3228 
0.3816 0.3330 0.1035 0.1820 
0.1808 0.1506 0.5235 0.1451 
0.3184 0.1582 0.4743 0.0490 
0.0374 0.4991 0.3553 0.1082 
0.0628 0.2948 0.6055 0.0369 
0.0078 0.1026 0.8856 0.0040 
0.0000 1.0000 0.0000 0.0000 
0.0000 0.0000 1.0000 0.0000 
0.0013 0.9800 0.0186 0.0002 
0.0284 0.4459 0.4225 0.1032 
0.1660 0.4292 0.3486 0.0562 
0.1034 0.4447 0.2201 0.2318 

MOTIF filter1 
letter-probability matrix: alength= 4 w= 19 nsites= 19 
0.5922 0.0324 0.1029 0.2726 
0.6137 0.0117 0.0256 0.3490 
0.4834 0.0544 0.0355 0.4267 
0.2270 0.1407 0.0803 0.5520 
0.1282 0.0474 0.2382 0.5862 
0.0626 0.1679 0.7150 0.0544 
0.1496 0.6281 0.0251 0.1972 
0.2653 0.2984 0.0672 0.3691 
0.3655 0.1734 0.2535 0.2075 
0.4874 0.1333 0.1467 0.2325 
0.1675 0.1730 0.6396 0.0199 
0.0016 0.0000 0.0000 0.9984 
0.0280 0.9695 0.0000 0.0026 
0.9901 0.0000 0.0099 0.0000 
0.0017 0.0023 0.8758 0.1202 
0.0008 0.9968 0.0024 0.0000 
0.9381 0.0000 0.0349 0.0270 
0.3945 0.1742 0.1097 0.3215 
0.4306 0.0256 0.0380 0.5058 

MOTIF filter2 
letter-probability matrix: alength= 4 w= 19 nsites= 19 
0.1820 0.2966 0.3010 0.2204 
0.2386 0.2368 0.2901 0.2344 
0.2237 0.2422 0.2578 0.2764 
0.2744 0.1105 0.5017 0.1134 
0.2083 0.0707 0.6992 0.0217 
0.0494 0.2902 0.1262 0.5342 
0.0000 1.0000 0.0000 0.0000 
1.0000 0.0000 0.0000 0.0000 
0.0000 0.8184 0.0000 0.1816 
0.2068 0.0000 0.7932 0.0000 
0.0017 0.0000 0.0000 0.9983 
0.0000 0.0000 1.0000 0.0000 
0.4737 0.1361 0.3256 0.0646 
0.0431 0.6504 0.0848 0.2217 
0.0821 0.5571 0.1342 0.2266 
0.2805 0.2910 0.2178 0.2107 
0.2378 0.3186 0.2371 0.2066 
0.1742 0.2974 0.3243 0.2040 
0.1228 0.3630 0.2620 0.2522 

MOTIF filter3 
letter-probability matrix: alength= 4 w= 19 nsites= 19 
0.1224 0.4805 0.2493 0.1478 
0.1337 0.3900 0.3397 0.1366 
0.1362 0.3669 0.3426 0.1543 
0.1399 0.4080 0.2904 0.1617 
0.1727 0.4004 0.3287 0.0982 
0.2022 0.3070 0.3814 0.1094 
0.1868 0.3348 0.3509 0.1275 
0.2055 0.2421 0.4651 0.0873 
0.2101 0.3597 0.3290 0.1012 
0.1448 0.3113 0.5245 0.0194 
0.0004 0.9996 0.0000 0.0000 
1.0000 0.0000 0.0000 0.0000 
0.0000 0.8442 0.0000 0.1558 
0.0176 0.0000 0.9824 0.0000 
0.0183 0.6333 0.0003 0.3481 
0.0153 0.0393 0.8403 0.1051 
0.0728 0.3481 0.4711 0.1080 
0.0898 0.3771 0.3277 0.2054 
0.1773 0.4088 0.2829 0.1310 

MOTIF filter4 
letter-probability matrix: alength= 4 w= 19 nsites= 19 
0.1814 0.1448 0.0922 0.5815 
0.0923 0.1315 0.6658 0.1104 
0.3907 0.5404 0.0578 0.0111 
0.0122 0.0369 0.0000 0.9509 
0.0185 0.0063 0.9223 0.0529 
0.9783 0.0050 0.0022 0.0146 
0.0429 0.6486 0.2237 0.0848 
0.1296 0.0498 0.0464 0.7741 
0.1365 0.6804 0.0344 0.1487 
0.7344 0.0065 0.1077 0.1514 
0.0222 0.0000 0.9591 0.0187 
0.0000 0.9868 0.0075 0.0057 
0.8791 0.0065 0.0329 0.0816 
0.4060 0.1544 0.1851 0.2545 
0.4214 0.0411 0.0412 0.4963 
0.3013 0.0308 0.0193 0.6487 
0.2156 0.1773 0.0400 0.5672 
0.1985 0.2262 0.1083 0.4670 
0.2734 0.2079 0.1978 0.3210 

MOTIF filter5 
letter-probability matrix: alength= 4 w= 19 nsites= 19 
0.3361 0.0801 0.0857 0.4981 
0.3645 0.0678 0.0662 0.5015 
0.3741 0.0608 0.0598 0.5054 
0.3749 0.0681 0.0617 0.4953 
0.3566 0.1039 0.0613 0.4781 
0.4040 0.0671 0.0793 0.4497 
0.3797 0.0654 0.0762 0.4788 
0.4605 0.0544 0.0573 0.4277 
0.3827 0.0343 0.0485 0.5346 
0.5123 0.0525 0.0538 0.3814 
0.4172 0.0287 0.0285 0.5257 
0.6161 0.0065 0.0007 0.3767 
0.4036 0.0001 0.0015 0.5948 
0.1765 0.0056 0.0031 0.8148 
0.5201 0.0050 0.0134 0.4616 
0.8079 0.0003 0.0176 0.1742 
0.1371 0.0010 0.0114 0.8505 
0.5261 0.0005 0.0134 0.4600 
0.2518 0.0904 0.0614 0.5964 

MOTIF filter6 
letter-probability matrix: alength= 4 w= 19 nsites= 19 
0.3040 0.2243 0.2639 0.2078 
0.2685 0.2266 0.2569 0.2480 
0.2539 0.2305 0.2087 0.3069 
0.3452 0.1280 0.3573 0.1695 
0.2751 0.2378 0.2292 0.2579 
0.2494 0.0896 0.3044 0.3566 
0.5406 0.0863 0.3643 0.0088 
0.0000 0.0000 0.0000 1.0000 
0.0000 0.0000 0.1426 0.8574 
0.2287 0.0000 0.7066 0.0647 
0.0451 0.6547 0.0271 0.2731 
0.1668 0.0138 0.7997 0.0198 
0.0349 0.8562 0.0000 0.1089 
0.9498 0.0502 0.0000 0.0000 
1.0000 0.0000 0.0000 0.0000 
0.0075 0.3111 0.0840 0.5974 
0.3749 0.3331 0.0950 0.1971 
0.2681 0.2371 0.2040 0.2908 
0.1707 0.3405 0.1329 0.3560 

MOTIF filter7 
letter-probability matrix: alength= 4 w= 19 nsites= 19 
0.2384 0.2994 0.2936 0.1686 
0.1932 0.3201 0.2904 0.1963 
0.3328 0.1949 0.2339 0.2383 
0.2257 0.1625 0.3263 0.2855 
0.1591 0.4610 0.2292 0.1507 
0.2085 0.5380 0.1489 0.1045 
0.8699 0.0049 0.1105 0.0147 
0.8189 0.0911 0.0226 0.0674 
0.3603 0.2073 0.3881 0.0443 
1.0000 0.0000 0.0000 0.0000 
0.0000 0.0000 0.0000 1.0000 
0.0000 0.0000 1.0000 0.0000 
0.0000 0.0000 1.0000 0.0000 
0.0543 0.9278 0.0000 0.0179 
0.0520 0.1281 0.6114 0.2086 
0.0918 0.0826 0.7734 0.0523 
0.1147 0.8022 0.0208 0.0622 
0.1218 0.4743 0.2554 0.1485 
0.1518 0.2844 0.4032 0.1605 

MOTIF filter8 
letter-probability matrix: alength= 4 w= 19 nsites= 19 
0.3133 0.1718 0.3674 0.1475 
0.0459 0.3777 0.3908 0.1856 
0.0596 0.4662 0.1967 0.2775 
0.1150 0.0148 0.7662 0.1040 
0.0324 0.9443 0.0072 0.0162 
0.0000 1.0000 0.0000 0.0000 
0.5213 0.3243 0.1272 0.0272 
0.0106 0.7061 0.1130 0.1703 
0.0165 0.8667 0.0094 0.1074 
0.4303 0.0255 0.0192 0.5250 
0.1379 0.0082 0.8325 0.0214 
0.1259 0.1724 0.6928 0.0089 
0.0303 0.1323 0.2787 0.5587 
0.0000 0.0000 1.0000 0.0000 
0.0194 0.0060 0.9326 0.0421 
0.1343 0.7167 0.0271 0.1219 
0.2731 0.2495 0.3999 0.0774 
0.2227 0.3160 0.3998 0.0615 
0.1387 0.3871 0.1694 0.3049 

MOTIF filter9 
letter-probability matrix: alength= 4 w= 19 nsites= 19 
0.1045 0.4135 0.3667 0.1153 
0.0820 0.4639 0.3243 0.1298 
0.1256 0.2433 0.5297 0.1014 
0.0815 0.3937 0.4073 0.1174 
0.0452 0.2695 0.6600 0.0253 
0.0566 0.8155 0.0508 0.0770 
0.0371 0.6685 0.2368 0.0576 
0.0232 0.0005 0.8264 0.1499 
0.0034 0.3903 0.5810 0.0252 
0.0000 0.9943 0.0014 0.0043 
0.0062 0.1394 0.8162 0.0382 
0.0099 0.1378 0.8368 0.0155 
0.0747 0.6656 0.1011 0.1587 
0.0542 0.1970 0.5044 0.2444 
0.2951 0.1711 0.4136 0.1201 
0.1237 0.3020 0.4599 0.1145 
0.1039 0.5097 0.3276 0.0588 
0.1299 0.3573 0.3794 0.1334 
0.1160 0.1173 0.7297 0.0370 

MOTIF filter10 
letter-probability matrix: alength= 4 w= 19 nsites= 19 
0.3161 0.3211 0.1300 0.2329 
0.0660 0.6038 0.1093 0.2210 
0.6137 0.1667 0.1277 0.0919 
0.0715 0.7127 0.1317 0.0841 
0.5871 0.1598 0.0898 0.1632 
0.0983 0.1168 0.5904 0.1945 
0.4150 0.2357 0.2740 0.0753 
0.1128 0.2962 0.5221 0.0689 
0.1156 0.3196 0.0320 0.5328 
0.0893 0.0823 0.5582 0.2702 
0.0124 0.8404 0.0766 0.0705 
0.0000 0.1275 0.0142 0.8582 
0.0055 0.1045 0.8680 0.0220 
1.0000 0.0000 0.0000 0.0000 
0.0000 0.0000 0.0000 1.0000 
0.0027 0.0000 0.0000 0.9973 
0.0000 0.0000 1.0000 0.0000 
0.0000 0.0000 1.0000 0.0000 
0.0303 0.2950 0.0074 0.6672 

MOTIF filter11 
letter-probability matrix: alength= 4 w= 19 nsites= 19 
0.3813 0.1321 0.3693 0.1172 
0.0067 0.7136 0.2105 0.0691 
0.3970 0.0258 0.4959 0.0814 
0.0392 0.0176 0.8141 0.1291 
0.2236 0.1090 0.6660 0.0014 
0.0665 0.0960 0.7560 0.0816 
0.0141 0.2390 0.3020 0.4449 
0.0984 0.0240 0.8739 0.0036 
0.0003 0.4678 0.4123 0.1196 
0.0032 0.0811 0.4613 0.4544 
0.0856 0.0895 0.7791 0.0458 
0.3589 0.1028 0.5301 0.0082 
0.0135 0.2273 0.0805 0.6787 
0.0017 0.0152 0.3954 0.5877 
0.0062 0.0166 0.9606 0.0166 
0.0227 0.0448 0.9266 0.0059 
0.1740 0.0646 0.3363 0.4251 
0.0027 0.3951 0.5573 0.0449 
0.0122 0.7300 0.1217 0.1362 

MOTIF filter12 
letter-probability matrix: alength= 4 w= 19 nsites= 19 
0.1749 0.2319 0.4366 0.1566 
0.1207 0.4073 0.3245 0.1475 
0.1656 0.2850 0.4270 0.1224 
0.0518 0.0140 0.8362 0.0981 
0.0479 0.7639 0.1052 0.0830 
0.1897 0.6250 0.1341 0.0512 
0.0224 0.0000 0.9382 0.0394 
0.0000 1.0000 0.0000 0.0000 
0.0000 1.0000 0.0000 0.0000 
1.0000 0.0000 0.0000 0.0000 
0.0000 0.0000 0.0000 1.0000 
0.0466 0.4464 0.1982 0.3088 
0.0473 0.0302 0.0790 0.8435 
0.0034 0.1273 0.0042 0.8652 
0.0805 0.1566 0.5583 0.2045 
0.1468 0.2067 0.4966 0.1499 
0.2607 0.3442 0.1730 0.2222 
0.2043 0.2495 0.1980 0.3483 
0.2163 0.2837 0.3060 0.1941 

MOTIF filter13 
letter-probability matrix: alength= 4 w= 19 nsites= 19 
0.0000 0.0000 0.0000 1.0000 
0.0000 0.0000 0.0268 0.9732 
0.1516 0.0000 0.6895 0.1589 
0.0000 1.0000 0.0000 0.0000 
0.7324 0.0099 0.2358 0.0219 
0.2272 0.0000 0.0000 0.7728 
0.0000 0.9997 0.0000 0.0003 
0.9993 0.0000 0.0007 0.0000 
0.0000 0.3348 0.1223 0.5430 
0.2352 0.3337 0.1123 0.3187 
0.2076 0.2708 0.2448 0.2768 
0.1885 0.3314 0.1388 0.3413 
0.3013 0.2304 0.1955 0.2728 
0.2104 0.3103 0.2331 0.2462 
0.2289 0.2158 0.2048 0.3505 
0.2395 0.3254 0.2093 0.2259 
0.2703 0.2907 0.2095 0.2295 
0.3240 0.2249 0.2262 0.2249 
0.2572 0.2056 0.3099 0.2272 

MOTIF filter14 
letter-probability matrix: alength= 4 w= 19 nsites= 19 
0.1460 0.3693 0.3995 0.0851 
0.1897 0.1124 0.5920 0.1059 
0.0936 0.5149 0.2264 0.1651 
0.1437 0.7022 0.1326 0.0214 
0.2060 0.0000 0.7545 0.0394 
0.0000 0.9955 0.0000 0.0045 
0.0122 0.0000 0.9878 0.0000 
0.0075 0.3058 0.0000 0.6867 
0.0000 0.0233 0.9448 0.0319 
0.1669 0.2968 0.4427 0.0936 
0.0541 0.6604 0.0974 0.1881 
0.0955 0.4127 0.2953 0.1965 
0.1902 0.2841 0.3490 0.1767 
0.0990 0.2918 0.4721 0.1370 
0.1289 0.4265 0.3372 0.1075 
0.1626 0.2443 0.4545 0.1386 
0.0964 0.5207 0.2606 0.1224 
0.0863 0.3401 0.4537 0.1199 
0.1667 0.1616 0.5579 0.1138 

MOTIF filter15 
letter-probability matrix: alength= 4 w= 19 nsites= 19 
0.0509 0.3498 0.0587 0.5405 
0.1530 0.1742 0.6062 0.0665 
0.1846 0.4112 0.3706 0.0336 
0.7960 0.0144 0.1722 0.0173 
0.0000 1.0000 0.0000 0.0000 
0.0007 0.9976 0.0018 0.0000 
0.9922 0.0021 0.0013 0.0044 
0.9959 0.0000 0.0041 0.0000 
0.0024 0.0068 0.0000 0.9908 
0.0064 0.9099 0.0719 0.0118 
0.9449 0.0086 0.0465 0.0000 
0.0295 0.0491 0.9139 0.0075 
0.1739 0.6572 0.0473 0.1216 
0.5659 0.0231 0.3032 0.1077 
0.0407 0.6144 0.2320 0.1129 
0.0553 0.2458 0.2269 0.4720 
0.1812 0.6535 0.0949 0.0703 
0.1143 0.0892 0.0915 0.7050 
0.0377 0.1002 0.8096 0.0525 

MOTIF filter16 
letter-probability matrix: alength= 4 w= 19 nsites= 19 
0.2635 0.1879 0.2426 0.3060 
0.3194 0.1732 0.1924 0.3150 
0.3118 0.1874 0.2195 0.2813 
0.3828 0.1509 0.2024 0.2639 
0.5357 0.0943 0.2001 0.1699 
0.5666 0.0203 0.1520 0.2610 
0.6372 0.0108 0.0269 0.3251 
0.5093 0.0289 0.0238 0.4380 
0.2834 0.1737 0.0984 0.4445 
0.0257 0.0244 0.0000 0.9500 
0.0000 0.0000 1.0000 0.0000 
0.0116 0.9884 0.0000 0.0000 
0.0033 0.0143 0.0012 0.9812 
0.0055 0.0000 0.9728 0.0216 
0.9907 0.0000 0.0000 0.0093 
0.0377 0.4450 0.4427 0.0745 
0.1281 0.0886 0.0740 0.7093 
0.1207 0.5659 0.0614 0.2521 
0.6675 0.0712 0.1463 0.1150 

MOTIF filter17 
letter-probability matrix: alength= 4 w= 19 nsites= 19 
0.1627 0.3102 0.4788 0.0482 
0.0830 0.3305 0.5343 0.0522 
0.0441 0.8211 0.1072 0.0275 
0.3627 0.3120 0.1904 0.1349 
0.0402 0.0177 0.9252 0.0169 
0.0145 0.9287 0.0565 0.0003 
0.6337 0.0664 0.0080 0.2919 
0.0005 0.0410 0.9506 0.0079 
0.0283 0.6665 0.1987 0.1065 
0.1355 0.2731 0.3980 0.1934 
0.1401 0.0491 0.7379 0.0729 
0.0028 0.7084 0.2861 0.0027 
0.3266 0.0648 0.2294 0.3793 
0.0012 0.1864 0.7906 0.0217 
0.0544 0.5979 0.1895 0.1582 
0.0861 0.2952 0.4410 0.1778 
0.1214 0.2266 0.5611 0.0910 
0.0878 0.2824 0.5118 0.1180 
0.0806 0.2454 0.5864 0.0876 

MOTIF filter18 
letter-probability matrix: alength= 4 w= 19 nsites= 19 
0.0226 0.0000 0.9596 0.0178 
0.0040 0.0015 0.4428 0.5517 
0.4554 0.0013 0.5393 0.0040 
0.8353 0.0069 0.1562 0.0017 
0.0111 0.0477 0.0153 0.9259 
0.0001 0.6360 0.0001 0.3638 
0.3569 0.6289 0.0000 0.0143 
0.0176 0.8936 0.0206 0.0681 
0.8632 0.1220 0.0121 0.0026 
0.0128 0.0875 0.8739 0.0258 
0.0310 0.5338 0.4168 0.0185 
0.2566 0.2494 0.0665 0.4276 
0.4302 0.2762 0.2828 0.0107 
0.0004 0.5161 0.0128 0.4707 
0.0237 0.1142 0.2760 0.5861 
0.2236 0.3466 0.0269 0.4029 
0.1630 0.0065 0.8252 0.0053 
0.0170 0.3616 0.6167 0.0047 
0.0078 0.4555 0.5289 0.0077 

MOTIF filter19 
letter-probability matrix: alength= 4 w= 19 nsites= 19 
0.0244 0.5885 0.3520 0.0350 
0.1278 0.5292 0.2422 0.1008 
0.0299 0.6518 0.2933 0.0250 
0.2303 0.4393 0.2663 0.0641 
0.0944 0.2229 0.5198 0.1630 
0.0208 0.5066 0.4726 0.0000 
0.1275 0.3799 0.3064 0.1862 
0.0036 0.5337 0.4151 0.0476 
0.1120 0.7483 0.0051 0.1346 
0.0716 0.5920 0.3230 0.0135 
0.0362 0.8541 0.0835 0.0262 
0.3305 0.3028 0.2569 0.1098 
0.0379 0.5004 0.4570 0.0047 
0.3333 0.0628 0.5385 0.0653 
0.0009 0.7034 0.2895 0.0061 
0.0493 0.9478 0.0007 0.0021 
0.1147 0.7991 0.0000 0.0862 
0.0555 0.4488 0.3434 0.1522 
0.0626 0.6214 0.2942 0.0218 

MOTIF filter20 
letter-probability matrix: alength= 4 w= 19 nsites= 19 
0.1915 0.3242 0.2921 0.1921 
0.2871 0.2466 0.2669 0.1994 
0.2433 0.2106 0.3698 0.1763 
0.2174 0.2257 0.3519 0.2050 
0.2055 0.1711 0.4126 0.2108 
0.4280 0.1337 0.4353 0.0030 
0.0000 0.0000 0.0000 1.0000 
0.0000 0.0000 0.9913 0.0087 
1.0000 0.0000 0.0000 0.0000 
0.0164 0.5096 0.4552 0.0188 
0.0000 0.0000 0.0000 1.0000 
0.0142 0.9858 0.0000 0.0000 
1.0000 0.0000 0.0000 0.0000 
0.0061 0.4463 0.1364 0.4112 
0.2332 0.3858 0.1664 0.2146 
0.1924 0.3515 0.2363 0.2198 
0.1760 0.3644 0.2045 0.2551 
0.2067 0.2740 0.2367 0.2826 
0.1820 0.2801 0.3339 0.2040 

MOTIF filter21 
letter-probability matrix: alength= 4 w= 19 nsites= 19 
0.2977 0.1676 0.3265 0.2081 
0.1431 0.4951 0.2876 0.0741 
0.0061 0.9939 0.0000 0.0000 
0.8813 0.0000 0.0599 0.0587 
0.0000 0.9714 0.0000 0.0286 
0.0706 0.0000 0.9294 0.0000 
0.0213 0.0000 0.0000 0.9787 
0.0000 0.0000 1.0000 0.0000 
0.0632 0.3160 0.4398 0.1810 
0.2246 0.3181 0.1765 0.2808 
0.1426 0.3544 0.2738 0.2293 
0.1761 0.2856 0.3203 0.2180 
0.1497 0.3270 0.2707 0.2527 
0.1621 0.3271 0.3349 0.1759 
0.2159 0.2389 0.3596 0.1856 
0.2193 0.2631 0.2881 0.2294 
0.2098 0.2859 0.3014 0.2029 
0.1945 0.2856 0.3666 0.1533 
0.1820 0.2926 0.3051 0.2203 

MOTIF filter22 
letter-probability matrix: alength= 4 w= 19 nsites= 19 
0.2111 0.3078 0.3384 0.1427 
0.1927 0.3701 0.2988 0.1385 
0.2072 0.3116 0.3150 0.1662 
0.1855 0.3437 0.3306 0.1402 
0.1930 0.3129 0.3355 0.1585 
0.1891 0.3996 0.2576 0.1537 
0.1959 0.3832 0.2821 0.1389 
0.1718 0.3154 0.3791 0.1338 
0.1770 0.2996 0.4045 0.1189 
0.3211 0.2792 0.3013 0.0984 
0.4205 0.1787 0.3614 0.0395 
0.0311 0.8490 0.1189 0.0009 
0.1187 0.8813 0.0000 0.0000 
0.0000 0.0000 1.0000 0.0000 
0.0000 0.0000 1.0000 0.0000 
1.0000 0.0000 0.0000 0.0000 
0.9672 0.0018 0.0000 0.0310 
0.0741 0.0348 0.8910 0.0000 
0.0627 0.2391 0.0997 0.5986 

MOTIF filter23 
letter-probability matrix: alength= 4 w= 19 nsites= 19 
0.3026 0.2571 0.2103 0.2300 
0.1389 0.3877 0.2010 0.2725 
0.0476 0.4433 0.1856 0.3234 
0.5099 0.0554 0.4293 0.0055 
0.3203 0.0138 0.5932 0.0726 
0.0000 1.0000 0.0000 0.0000 
0.0000 1.0000 0.0000 0.0000 
0.9800 0.0000 0.0000 0.0200 
0.9991 0.0000 0.0009 0.0000 
0.0000 0.0000 0.0000 1.0000 
0.0911 0.5618 0.3006 0.0465 
0.6131 0.0204 0.3666 0.0000 
0.1795 0.1396 0.6360 0.0449 
0.5584 0.2625 0.1347 0.0444 
0.3186 0.0516 0.3736 0.2562 
0.1727 0.2737 0.3981 0.1555 
0.1354 0.3032 0.2772 0.2842 
0.1737 0.4588 0.2306 0.1369 
0.3142 0.1203 0.3255 0.2401 

MOTIF filter24 
letter-probability matrix: alength= 4 w= 19 nsites= 19 
0.3100 0.2724 0.1782 0.2394 
0.2408 0.2480 0.2493 0.2619 
0.2187 0.2418 0.2829 0.2566 
0.2954 0.2452 0.1685 0.2909 
0.2816 0.2155 0.1773 0.3256 
0.3435 0.1587 0.2644 0.2334 
0.2618 0.1295 0.1964 0.4123 
0.1897 0.1181 0.3305 0.3616 
0.2270 0.1471 0.2985 0.3274 
0.0006 0.9853 0.0011 0.0130 
0.0003 0.5632 0.0014 0.4352 
0.7864 0.0268 0.0017 0.1851 
0.3896 0.0003 0.0083 0.6018 
0.7398 0.0000 0.0029 0.2573 
0.2548 0.0043 0.0003 0.7406 
0.6361 0.0041 0.0008 0.3590 
0.1978 0.0000 0.0317 0.7705 
0.4605 0.0003 0.5393 0.0000 
0.0056 0.0012 0.9910 0.0022 

MOTIF filter25 
letter-probability matrix: alength= 4 w= 19 nsites= 19 
0.1413 0.1712 0.5913 0.0961 
0.3873 0.4138 0.1971 0.0018 
0.0000 0.0000 0.0000 1.0000 
0.0000 0.0000 0.9924 0.0076 
1.0000 0.0000 0.0000 0.0000 
0.0073 0.4775 0.5074 0.0078 
0.0000 0.0000 0.0000 1.0000 
0.0039 0.9961 0.0000 0.0000 
1.0000 0.0000 0.0000 0.0000 
0.0008 0.2043 0.3762 0.4187 
0.1196 0.5595 0.1828 0.1381 
0.3714 0.2839 0.1681 0.1766 
0.2326 0.2909 0.1882 0.2883 
0.2310 0.1953 0.2310 0.3427 
0.2285 0.2097 0.2438 0.3180 
0.2662 0.2488 0.1714 0.3136 
0.2414 0.2429 0.2286 0.2871 
0.2759 0.2312 0.2529 0.2400 
0.2009 0.2492 0.2788 0.2711 

MOTIF filter26 
letter-probability matrix: alength= 4 w= 19 nsites= 19 
0.0676 0.1364 0.3920 0.4041 
0.1547 0.4439 0.2116 0.1899 
0.2834 0.2331 0.1428 0.3407 
0.1384 0.2981 0.3045 0.2590 
0.1916 0.2163 0.1969 0.3953 
0.3988 0.1800 0.1763 0.2449 
0.3401 0.2190 0.3607 0.0802 
0.3606 0.2715 0.1033 0.2645 
0.5270 0.1288 0.2021 0.1421 
0.0541 0.1952 0.0560 0.6948 
0.0799 0.2495 0.3350 0.3356 
0.3097 0.1065 0.5314 0.0524 
0.5505 0.0234 0.3379 0.0881 
0.0000 0.9275 0.0463 0.0262 
0.0000 1.0000 0.0000 0.0000 
1.0000 0.0000 0.0000 0.0000 
1.0000 0.0000 0.0000 0.0000 
0.0000 0.0000 0.0000 1.0000 
0.0861 0.8041 0.1006 0.0091 

MOTIF filter27 
letter-probability matrix: alength= 4 w= 19 nsites= 19 
0.2667 0.2534 0.2156 0.2643 
0.3714 0.1358 0.3253 0.1675 
0.3230 0.1643 0.2304 0.2822 
0.1406 0.0903 0.3791 0.3900 
0.6818 0.0659 0.2498 0.0024 
0.0000 0.0000 0.0000 1.0000 
0.0000 0.0000 0.0000 1.0000 
0.0564 0.0000 0.9220 0.0215 
0.0084 0.8868 0.0094 0.0954 
0.4123 0.0399 0.4853 0.0625 
0.0999 0.5745 0.0000 0.3257 
0.7192 0.2808 0.0000 0.0000 
1.0000 0.0000 0.0000 0.0000 
0.0081 0.4010 0.0818 0.5091 
0.3428 0.2548 0.0876 0.3148 
0.2382 0.2219 0.2875 0.2524 
0.1744 0.3465 0.1404 0.3386 
0.3325 0.2099 0.2033 0.2543 
0.2294 0.3232 0.1742 0.2733 

MOTIF filter28 
letter-probability matrix: alength= 4 w= 19 nsites= 19 
0.3848 0.0718 0.2861 0.2573 
0.5009 0.0723 0.4246 0.0021 
0.0000 0.0000 0.0000 1.0000 
0.0003 0.0000 0.7043 0.2954 
0.5757 0.0000 0.2348 0.1895 
0.0285 0.4115 0.0208 0.5392 
0.0012 0.0000 0.9988 0.0000 
0.0162 0.9406 0.0000 0.0432 
1.0000 0.0000 0.0000 0.0000 
1.0000 0.0000 0.0000 0.0000 
0.0009 0.2269 0.0726 0.6996 
0.3715 0.4343 0.0883 0.1059 
0.2716 0.1862 0.1829 0.3594 
0.1629 0.3437 0.1468 0.3466 
0.2661 0.2236 0.2597 0.2506 
0.2321 0.1600 0.3769 0.2310 
0.2072 0.3876 0.2004 0.2048 
0.2272 0.1813 0.1874 0.4041 
0.2136 0.3808 0.1921 0.2135 

MOTIF filter29 
letter-probability matrix: alength= 4 w= 19 nsites= 19 
0.2030 0.4110 0.2266 0.1594 
0.1265 0.3001 0.4233 0.1501 
0.0647 0.4523 0.2003 0.2827 
0.1182 0.5498 0.1682 0.1638 
0.6406 0.0883 0.2407 0.0305 
0.0000 0.8664 0.0364 0.0972 
0.0259 0.0000 0.0000 0.9741 
0.0000 0.0000 0.0000 1.0000 
0.0000 1.0000 0.0000 0.0000 
0.0000 1.0000 0.0000 0.0000 
0.0000 0.0000 0.9242 0.0758 
0.0017 0.1463 0.8184 0.0336 
0.0467 0.3544 0.1805 0.4185 
0.0868 0.3130 0.3030 0.2972 
0.1377 0.3736 0.3049 0.1838 
0.1380 0.3982 0.3065 0.1574 
0.1576 0.2553 0.3754 0.2117 
0.1619 0.2580 0.3835 0.1966 
0.1602 0.3474 0.3020 0.1903 

