MEME version 4

ALPHABET= ACGT

Background letter frequencies:
A 0.2500 C 0.2500 G 0.2500 T 0.2500 

MOTIF filter0 
letter-probability matrix: alength= 4 w= 19 nsites= 19 
0.2275 0.2370 0.2528 0.2827 
0.1649 0.2292 0.2580 0.3479 
0.1813 0.3068 0.2406 0.2714 
0.0851 0.5425 0.2269 0.1455 
0.2408 0.0234 0.0002 0.7356 
0.0045 0.0000 0.3945 0.6010 
1.0000 0.0000 0.0000 0.0000 
0.0000 0.0000 0.0000 1.0000 
0.5608 0.4318 0.0000 0.0074 
0.7017 0.0003 0.0253 0.2726 
0.1134 0.2086 0.6102 0.0678 
0.2761 0.2242 0.3397 0.1600 
0.3186 0.2726 0.2262 0.1826 
0.2743 0.2580 0.2357 0.2320 
0.2194 0.2314 0.2756 0.2736 
0.1910 0.3096 0.2583 0.2411 
0.2861 0.2480 0.2406 0.2254 
0.2336 0.3850 0.2260 0.1555 
0.2745 0.4327 0.1371 0.1556 

MOTIF filter1 
letter-probability matrix: alength= 4 w= 19 nsites= 19 
0.2115 0.3139 0.2809 0.1937 
0.1802 0.3151 0.3487 0.1561 
0.2282 0.2711 0.3283 0.1724 
0.3196 0.2635 0.3202 0.0968 
0.4603 0.1706 0.3074 0.0617 
0.0424 0.8166 0.1361 0.0049 
0.2354 0.7640 0.0006 0.0000 
0.0000 0.0000 1.0000 0.0000 
0.0000 0.0000 1.0000 0.0000 
1.0000 0.0000 0.0000 0.0000 
0.9672 0.0027 0.0000 0.0301 
0.1305 0.0380 0.8306 0.0010 
0.0461 0.2360 0.0770 0.6408 
0.2011 0.1376 0.5609 0.1004 
0.2483 0.1924 0.4445 0.1148 
0.1857 0.3632 0.3273 0.1238 
0.2080 0.2177 0.3449 0.2294 
0.1598 0.3198 0.3409 0.1795 
0.1920 0.3365 0.2393 0.2321 

MOTIF filter2 
letter-probability matrix: alength= 4 w= 19 nsites= 19 
0.1502 0.3432 0.2990 0.2076 
0.1999 0.3184 0.2670 0.2147 
0.1657 0.3134 0.3051 0.2158 
0.2252 0.2275 0.4071 0.1402 
0.2902 0.1339 0.4434 0.1326 
0.1013 0.4554 0.2596 0.1837 
0.0326 0.9669 0.0002 0.0003 
0.7470 0.0000 0.1931 0.0599 
0.0000 0.9532 0.0000 0.0468 
0.1416 0.0000 0.8584 0.0000 
0.0000 0.0000 0.0000 1.0000 
0.0000 0.0000 1.0000 0.0000 
0.1762 0.3200 0.3741 0.1298 
0.1167 0.4108 0.1940 0.2785 
0.1481 0.4248 0.2191 0.2080 
0.2044 0.3242 0.2443 0.2270 
0.1661 0.3128 0.3075 0.2136 
0.1692 0.3542 0.2887 0.1879 
0.1775 0.3073 0.3161 0.1991 

MOTIF filter3 
letter-probability matrix: alength= 4 w= 19 nsites= 19 
0.2044 0.2694 0.3257 0.2005 
0.1438 0.3905 0.2605 0.2052 
0.1560 0.3468 0.3260 0.1712 
0.1931 0.2513 0.4129 0.1427 
0.1749 0.3694 0.2716 0.1840 
0.1230 0.2443 0.4594 0.1733 
0.0679 0.0312 0.7554 0.1455 
0.0738 0.7187 0.1050 0.1025 
0.2378 0.5705 0.1379 0.0538 
0.0154 0.0000 0.9292 0.0554 
0.0034 0.9966 0.0000 0.0000 
0.0000 1.0000 0.0000 0.0000 
1.0000 0.0000 0.0000 0.0000 
0.0000 0.0000 0.0000 1.0000 
0.0442 0.3745 0.2339 0.3473 
0.0946 0.0381 0.1220 0.7452 
0.0309 0.1756 0.0134 0.7801 
0.1450 0.1867 0.4536 0.2147 
0.1216 0.2308 0.4462 0.2013 

MOTIF filter4 
letter-probability matrix: alength= 4 w= 19 nsites= 19 
0.2731 0.2865 0.2414 0.1989 
0.2324 0.2772 0.2137 0.2767 
0.2301 0.2429 0.2653 0.2617 
0.2711 0.2056 0.2624 0.2608 
0.2437 0.2806 0.2968 0.1789 
0.2599 0.2187 0.2687 0.2527 
0.2320 0.1943 0.3516 0.2222 
0.1977 0.2058 0.3883 0.2081 
0.2702 0.1428 0.3927 0.1943 
0.4889 0.0000 0.4976 0.0135 
0.0000 0.0000 0.0000 1.0000 
0.0000 0.0000 0.9841 0.0159 
0.9986 0.0011 0.0000 0.0003 
0.0612 0.3448 0.5929 0.0011 
0.0000 0.0000 0.0000 1.0000 
0.0263 0.9737 0.0000 0.0000 
1.0000 0.0000 0.0000 0.0000 
0.0091 0.3740 0.1957 0.4212 
0.2845 0.3311 0.1555 0.2289 

MOTIF filter5 
letter-probability matrix: alength= 4 w= 19 nsites= 19 
0.2351 0.1956 0.3292 0.2401 
0.3809 0.2021 0.1842 0.2328 
0.2723 0.2018 0.3021 0.2237 
0.2394 0.1980 0.2112 0.3514 
0.2924 0.1574 0.3481 0.2022 
0.2312 0.3030 0.2388 0.2270 
0.3601 0.1028 0.2558 0.2813 
0.4146 0.1372 0.4189 0.0293 
0.0033 0.0152 0.0137 0.9678 
0.0178 0.0038 0.4698 0.5086 
0.3933 0.0125 0.4135 0.1807 
0.0628 0.3656 0.0088 0.5627 
0.0188 0.0000 0.9809 0.0003 
0.0000 0.9998 0.0000 0.0002 
0.9995 0.0000 0.0005 0.0000 
1.0000 0.0000 0.0000 0.0000 
0.0018 0.2886 0.1150 0.5946 
0.3832 0.3610 0.1116 0.1442 
0.2708 0.2469 0.1657 0.3165 

MOTIF filter6 
letter-probability matrix: alength= 4 w= 19 nsites= 19 
0.2630 0.2015 0.3214 0.2142 
0.2198 0.2781 0.2683 0.2338 
0.2793 0.2493 0.2081 0.2633 
0.3600 0.1239 0.3556 0.1605 
0.3324 0.2045 0.2279 0.2353 
0.1787 0.0812 0.3857 0.3545 
0.6755 0.0575 0.2662 0.0008 
0.0000 0.0000 0.0000 1.0000 
0.0000 0.0000 0.2046 0.7954 
0.3401 0.0000 0.5161 0.1438 
0.0026 0.9158 0.0060 0.0757 
0.2857 0.0250 0.6776 0.0117 
0.1824 0.4210 0.0000 0.3966 
0.6437 0.3563 0.0000 0.0000 
1.0000 0.0000 0.0000 0.0000 
0.0003 0.3049 0.0697 0.6251 
0.3468 0.3467 0.0905 0.2160 
0.2136 0.2147 0.2571 0.3146 
0.1508 0.3510 0.1493 0.3488 

MOTIF filter7 
letter-probability matrix: alength= 4 w= 19 nsites= 19 
0.2322 0.1791 0.3375 0.2513 
0.1698 0.4634 0.2276 0.1392 
0.1978 0.5105 0.1803 0.1114 
0.8015 0.0149 0.1602 0.0235 
0.7800 0.1220 0.0333 0.0647 
0.3374 0.2367 0.3641 0.0619 
1.0000 0.0000 0.0000 0.0000 
0.0000 0.0000 0.0000 1.0000 
0.0000 0.0000 1.0000 0.0000 
0.0016 0.0000 0.9968 0.0016 
0.0473 0.9160 0.0000 0.0367 
0.0602 0.1522 0.5656 0.2221 
0.1228 0.1144 0.6885 0.0743 
0.1543 0.7250 0.0341 0.0867 
0.1648 0.4261 0.2421 0.1670 
0.1951 0.2736 0.3776 0.1537 
0.1451 0.3970 0.2792 0.1787 
0.1615 0.3512 0.3396 0.1477 
0.1955 0.2686 0.3621 0.1739 

MOTIF filter8 
letter-probability matrix: alength= 4 w= 19 nsites= 19 
0.1331 0.2028 0.6114 0.0526 
0.0055 0.2332 0.7563 0.0050 
0.0000 1.0000 0.0000 0.0000 
0.0000 0.0000 1.0000 0.0000 
0.0005 0.7392 0.2416 0.0187 
0.0801 0.5425 0.2485 0.1289 
0.0925 0.2757 0.5419 0.0900 
0.0912 0.4442 0.3115 0.1531 
0.1268 0.4889 0.2188 0.1655 
0.1705 0.2022 0.3475 0.2798 
0.1775 0.1937 0.4356 0.1932 
0.1196 0.3457 0.3785 0.1562 
0.2001 0.3129 0.2875 0.1995 
0.1585 0.3061 0.3736 0.1618 
0.1337 0.2816 0.4791 0.1056 
0.0858 0.4025 0.3383 0.1734 
0.1201 0.3816 0.3602 0.1381 
0.1604 0.2528 0.4397 0.1471 
0.1652 0.3148 0.3789 0.1411 

MOTIF filter9 
letter-probability matrix: alength= 4 w= 19 nsites= 19 
0.2110 0.2830 0.2996 0.2064 
0.1918 0.3236 0.2842 0.2004 
0.1997 0.3053 0.3103 0.1847 
0.2460 0.2882 0.2894 0.1763 
0.2240 0.2681 0.2975 0.2104 
0.2376 0.2398 0.3453 0.1773 
0.3057 0.1991 0.3412 0.1541 
0.1628 0.3639 0.3620 0.1113 
0.0000 1.0000 0.0000 0.0000 
0.9988 0.0000 0.0000 0.0012 
0.0000 0.8800 0.0000 0.1200 
0.0339 0.0000 0.9661 0.0000 
0.0896 0.2396 0.0009 0.6698 
0.0030 0.0081 0.8778 0.1111 
0.1061 0.2548 0.4968 0.1423 
0.1381 0.3667 0.2069 0.2883 
0.1699 0.3801 0.2413 0.2087 
0.1940 0.3019 0.3149 0.1892 
0.2077 0.3161 0.2731 0.2031 

MOTIF filter10 
letter-probability matrix: alength= 4 w= 19 nsites= 19 
0.0000 0.9972 0.0000 0.0028 
0.0003 0.9997 0.0000 0.0000 
0.9953 0.0000 0.0000 0.0047 
0.9898 0.0010 0.0092 0.0000 
0.0000 0.0000 0.0000 1.0000 
0.0375 0.8273 0.1121 0.0231 
0.8890 0.0092 0.0998 0.0019 
0.0856 0.0514 0.8524 0.0107 
0.1830 0.6408 0.0776 0.0985 
0.5681 0.0234 0.2616 0.1469 
0.0671 0.5683 0.2794 0.0853 
0.0536 0.2575 0.2045 0.4845 
0.2072 0.6145 0.1002 0.0780 
0.1570 0.0802 0.0967 0.6661 
0.0700 0.0726 0.7911 0.0663 
0.0722 0.0593 0.1534 0.7151 
0.2307 0.0794 0.6706 0.0193 
0.2494 0.0948 0.3326 0.3232 
0.3146 0.3587 0.2446 0.0821 

MOTIF filter11 
letter-probability matrix: alength= 4 w= 19 nsites= 19 
0.3660 0.1935 0.1978 0.2427 
0.4293 0.1123 0.2180 0.2405 
0.4961 0.0696 0.1295 0.3048 
0.5258 0.0213 0.0176 0.4353 
0.4647 0.0286 0.0103 0.4964 
0.3434 0.1403 0.1033 0.4131 
0.0338 0.0303 0.0100 0.9258 
0.0000 0.0000 1.0000 0.0000 
0.0814 0.9166 0.0000 0.0020 
0.0000 0.0119 0.0000 0.9881 
0.0052 0.0000 0.9400 0.0548 
0.9885 0.0020 0.0074 0.0021 
0.0181 0.6797 0.1326 0.1696 
0.3247 0.2589 0.2239 0.1925 
0.2305 0.0801 0.1578 0.5317 
0.2418 0.1463 0.2973 0.3146 
0.3214 0.0111 0.6232 0.0443 
0.0398 0.6605 0.2324 0.0673 
0.6544 0.2096 0.0445 0.0914 

MOTIF filter12 
letter-probability matrix: alength= 4 w= 19 nsites= 19 
0.4628 0.0553 0.0413 0.4405 
0.2333 0.1983 0.1654 0.4030 
0.0868 0.0378 0.0000 0.8754 
0.0043 0.0004 0.9930 0.0022 
0.0204 0.9495 0.0000 0.0302 
0.2093 0.1693 0.0048 0.6167 
0.1735 0.0779 0.5635 0.1851 
0.6648 0.0615 0.0830 0.1906 
0.0732 0.1808 0.7096 0.0365 
0.0096 0.0094 0.0010 0.9799 
0.0472 0.9446 0.0026 0.0056 
0.9653 0.0000 0.0288 0.0059 
0.0050 0.0700 0.5226 0.4023 
0.0624 0.7016 0.1383 0.0977 
0.5374 0.1346 0.1608 0.1672 
0.2810 0.1907 0.1771 0.3513 
0.3422 0.1129 0.1208 0.4241 
0.3069 0.1056 0.1330 0.4545 
0.3210 0.1649 0.1254 0.3887 

MOTIF filter13 
letter-probability matrix: alength= 4 w= 19 nsites= 19 
0.3503 0.1851 0.2251 0.2395 
0.2272 0.1876 0.3697 0.2154 
0.2366 0.2930 0.2002 0.2701 
0.2402 0.2635 0.2224 0.2739 
0.3575 0.1478 0.3188 0.1758 
0.3605 0.1635 0.2076 0.2685 
0.1392 0.1277 0.3883 0.3448 
0.6534 0.0651 0.2722 0.0092 
0.0000 0.0000 0.0000 1.0000 
0.0000 0.0000 0.0000 1.0000 
0.0071 0.0000 0.9921 0.0008 
0.0180 0.8997 0.0195 0.0629 
0.3744 0.0877 0.4167 0.1212 
0.1163 0.5802 0.0003 0.3032 
0.7175 0.2825 0.0000 0.0000 
1.0000 0.0000 0.0000 0.0000 
0.0103 0.3945 0.1000 0.4952 
0.3354 0.2544 0.0993 0.3108 
0.2260 0.2210 0.3090 0.2440 

MOTIF filter14 
letter-probability matrix: alength= 4 w= 19 nsites= 19 
0.3478 0.1598 0.3121 0.1803 
0.3354 0.1814 0.2130 0.2702 
0.1442 0.1123 0.3634 0.3801 
0.6361 0.0991 0.2635 0.0013 
0.0000 0.0000 0.0000 1.0000 
0.0000 0.0000 0.0000 1.0000 
0.0210 0.0000 0.9561 0.0229 
0.0003 0.9986 0.0000 0.0011 
0.6032 0.0243 0.2948 0.0777 
0.1436 0.4131 0.0066 0.4366 
0.5021 0.4779 0.0023 0.0178 
0.9866 0.0024 0.0065 0.0045 
0.0268 0.3856 0.1224 0.4652 
0.3150 0.2561 0.1059 0.3230 
0.2391 0.2525 0.2666 0.2417 
0.1913 0.3301 0.1547 0.3239 
0.3211 0.1854 0.2118 0.2816 
0.2197 0.3017 0.2091 0.2695 
0.2011 0.1943 0.2401 0.3645 

MOTIF filter15 
letter-probability matrix: alength= 4 w= 19 nsites= 19 
0.0897 0.3829 0.3451 0.1823 
0.0793 0.4392 0.2377 0.2438 
0.1223 0.0305 0.7263 0.1209 
0.0409 0.9148 0.0256 0.0186 
0.0000 0.9927 0.0064 0.0009 
0.4697 0.3243 0.1407 0.0653 
0.0136 0.6936 0.1769 0.1160 
0.0254 0.8109 0.0483 0.1154 
0.4408 0.0522 0.0465 0.4605 
0.0839 0.0417 0.8436 0.0308 
0.1266 0.2370 0.6260 0.0104 
0.0627 0.1556 0.3145 0.4672 
0.0009 0.0186 0.9780 0.0025 
0.0137 0.0270 0.9186 0.0407 
0.0940 0.7698 0.0352 0.1010 
0.2265 0.2532 0.4269 0.0935 
0.1672 0.4141 0.3414 0.0772 
0.1400 0.3609 0.1946 0.3045 
0.2434 0.2814 0.3618 0.1133 

MOTIF filter16 
letter-probability matrix: alength= 4 w= 19 nsites= 19 
0.4612 0.0155 0.0000 0.5232 
0.6289 0.0306 0.0002 0.3403 
0.0862 0.0140 0.0005 0.8993 
0.4496 0.0128 0.0058 0.5318 
0.6667 0.0358 0.0205 0.2771 
0.5047 0.0170 0.0235 0.4548 
0.4877 0.0087 0.0209 0.4827 
0.3633 0.0597 0.0471 0.5300 
0.2808 0.0703 0.0778 0.5711 
0.4311 0.0617 0.0679 0.4393 
0.3613 0.0831 0.0803 0.4753 
0.4461 0.0635 0.0715 0.4189 
0.3880 0.0599 0.1001 0.4520 
0.4873 0.0369 0.0621 0.4137 
0.4026 0.0505 0.0928 0.4542 
0.4277 0.0759 0.0816 0.4148 
0.4769 0.0477 0.0689 0.4064 
0.4296 0.0590 0.0733 0.4381 
0.4847 0.0576 0.0851 0.3726 

MOTIF filter17 
letter-probability matrix: alength= 4 w= 19 nsites= 19 
0.3388 0.1788 0.2017 0.2808 
0.3014 0.2345 0.2281 0.2360 
0.2961 0.1985 0.1849 0.3204 
0.3450 0.1987 0.1781 0.2782 
0.2968 0.2041 0.1551 0.3440 
0.3799 0.1312 0.2100 0.2789 
0.3586 0.1168 0.2320 0.2927 
0.2666 0.0727 0.2743 0.3864 
0.1604 0.0857 0.3544 0.3995 
0.0965 0.7814 0.0175 0.1046 
0.0078 0.3451 0.0025 0.6447 
0.8663 0.0217 0.0006 0.1114 
0.4450 0.0005 0.0072 0.5473 
0.6494 0.0005 0.0019 0.3483 
0.3599 0.0031 0.0005 0.6366 
0.6445 0.0051 0.0011 0.3492 
0.1069 0.0009 0.0188 0.8733 
0.6863 0.0031 0.3001 0.0104 
0.1016 0.0208 0.8290 0.0487 

MOTIF filter18 
letter-probability matrix: alength= 4 w= 19 nsites= 19 
0.0500 0.4771 0.2281 0.2447 
0.0333 0.0989 0.4600 0.4078 
0.0017 0.0015 0.9523 0.0445 
0.0335 0.0058 0.9605 0.0002 
0.1702 0.0241 0.6373 0.1684 
0.1845 0.2597 0.3819 0.1739 
0.0468 0.4808 0.2741 0.1982 
0.0023 0.7829 0.0021 0.2126 
0.2941 0.5469 0.0889 0.0701 
0.0703 0.6446 0.2612 0.0239 
0.4378 0.1690 0.3537 0.0395 
0.0474 0.2053 0.6433 0.1040 
0.1409 0.0007 0.8371 0.0213 
0.0239 0.7067 0.1009 0.1685 
0.1261 0.5299 0.2430 0.1010 
0.0112 0.4990 0.2155 0.2743 
0.1230 0.2827 0.5311 0.0631 
0.2479 0.2501 0.3425 0.1594 
0.1423 0.1598 0.6734 0.0245 

MOTIF filter19 
letter-probability matrix: alength= 4 w= 19 nsites= 19 
0.1687 0.4775 0.0738 0.2799 
0.1882 0.3189 0.1439 0.3490 
0.2323 0.3276 0.1198 0.3203 
0.3613 0.0652 0.1835 0.3901 
0.3803 0.0901 0.3463 0.1833 
0.6605 0.0209 0.2838 0.0348 
0.1319 0.0012 0.0404 0.8264 
0.0158 0.0258 0.0042 0.9543 
0.0267 0.2225 0.6690 0.0818 
0.5554 0.3465 0.0308 0.0673 
0.4949 0.0193 0.0416 0.4442 
0.0683 0.0006 0.5618 0.3693 
0.1475 0.6775 0.1023 0.0727 
0.8420 0.0074 0.1103 0.0403 
0.7406 0.0872 0.0008 0.1714 
0.0164 0.1769 0.0153 0.7914 
0.1612 0.2418 0.0911 0.5060 
0.4967 0.2532 0.0497 0.2004 
0.2552 0.2097 0.2053 0.3297 

MOTIF filter20 
letter-probability matrix: alength= 4 w= 19 nsites= 19 
0.0663 0.7308 0.1322 0.0706 
0.5866 0.1395 0.0802 0.1936 
0.0748 0.1202 0.6244 0.1806 
0.4477 0.2020 0.2481 0.1022 
0.1209 0.2485 0.5685 0.0620 
0.1804 0.2630 0.0346 0.5221 
0.0946 0.0664 0.5961 0.2429 
0.0255 0.7706 0.0946 0.1094 
0.0023 0.1560 0.0392 0.8025 
0.0153 0.1317 0.7965 0.0565 
0.9960 0.0000 0.0040 0.0000 
0.0002 0.0025 0.0000 0.9973 
0.0026 0.0000 0.0000 0.9974 
0.0000 0.0010 0.9986 0.0004 
0.0009 0.0027 0.9963 0.0000 
0.0585 0.2465 0.0098 0.6852 
0.0366 0.3929 0.3538 0.2167 
0.1437 0.4789 0.2145 0.1629 
0.5337 0.0768 0.3429 0.0466 

MOTIF filter21 
letter-probability matrix: alength= 4 w= 19 nsites= 19 
0.2829 0.1875 0.3006 0.2291 
0.1951 0.1985 0.2810 0.3254 
0.1456 0.1818 0.5154 0.1572 
0.3918 0.3917 0.2151 0.0015 
0.0000 0.0000 0.0000 1.0000 
0.0000 0.0000 0.9773 0.0227 
0.9997 0.0000 0.0000 0.0003 
0.0162 0.4384 0.5409 0.0044 
0.0000 0.0000 0.0000 1.0000 
0.0044 0.9956 0.0000 0.0000 
1.0000 0.0000 0.0000 0.0000 
0.0005 0.2560 0.3580 0.3855 
0.1568 0.5066 0.1746 0.1621 
0.3146 0.2910 0.2050 0.1893 
0.2228 0.3049 0.2029 0.2693 
0.2353 0.2270 0.2181 0.3196 
0.2263 0.2318 0.2510 0.2909 
0.2307 0.2740 0.2063 0.2889 
0.2303 0.2470 0.2283 0.2944 

MOTIF filter22 
letter-probability matrix: alength= 4 w= 19 nsites= 19 
0.1816 0.2135 0.3083 0.2966 
0.1974 0.3199 0.2610 0.2218 
0.3005 0.2939 0.1896 0.2159 
0.3292 0.1955 0.2198 0.2554 
0.3439 0.1875 0.3302 0.1383 
0.3109 0.1794 0.3070 0.2027 
0.2845 0.2417 0.1728 0.3010 
0.3455 0.2588 0.2538 0.1419 
0.4793 0.1489 0.1834 0.1884 
0.3000 0.2379 0.2861 0.1760 
0.5823 0.0149 0.4028 0.0000 
0.0000 0.0000 0.0000 1.0000 
0.0000 0.0432 0.9568 0.0000 
1.0000 0.0000 0.0000 0.0000 
0.0000 0.9865 0.0000 0.0135 
0.2119 0.0126 0.2202 0.5554 
0.1868 0.4136 0.0486 0.3510 
0.5964 0.0260 0.2513 0.1262 
0.1074 0.0713 0.6738 0.1475 

MOTIF filter23 
letter-probability matrix: alength= 4 w= 19 nsites= 19 
0.4602 0.1888 0.1675 0.1835 
0.0953 0.3219 0.1264 0.4564 
0.0498 0.3535 0.3877 0.2090 
0.4113 0.1617 0.4232 0.0038 
0.5240 0.0076 0.4285 0.0399 
0.0000 0.9988 0.0000 0.0012 
0.0002 0.9977 0.0021 0.0000 
0.9871 0.0000 0.0000 0.0129 
0.9991 0.0000 0.0009 0.0000 
0.0000 0.0088 0.0000 0.9912 
0.0930 0.6860 0.1826 0.0383 
0.7243 0.0702 0.2038 0.0017 
0.1794 0.1401 0.6115 0.0691 
0.3846 0.3559 0.1470 0.1125 
0.4112 0.0477 0.3549 0.1862 
0.1572 0.3841 0.2889 0.1698 
0.1676 0.2409 0.2586 0.3329 
0.2000 0.4516 0.1910 0.1575 
0.1997 0.1317 0.2424 0.4261 

MOTIF filter24 
letter-probability matrix: alength= 4 w= 19 nsites= 19 
0.3332 0.2015 0.2202 0.2451 
0.1939 0.3086 0.2808 0.2167 
0.2886 0.2258 0.2452 0.2405 
0.1646 0.3452 0.3090 0.1811 
0.3316 0.2090 0.2403 0.2191 
0.2063 0.2363 0.3792 0.1781 
0.2091 0.2644 0.3014 0.2251 
0.1903 0.1514 0.3806 0.2777 
0.2996 0.4564 0.2369 0.0072 
0.0000 0.0000 0.0000 1.0000 
0.0000 0.0000 0.9722 0.0278 
1.0000 0.0000 0.0000 0.0000 
0.0039 0.4800 0.4126 0.1035 
0.0000 0.0000 0.0000 1.0000 
0.0046 0.9550 0.0404 0.0000 
0.9388 0.0005 0.0602 0.0005 
0.0122 0.4395 0.0000 0.5483 
0.1247 0.4778 0.1725 0.2250 
0.1605 0.4595 0.1992 0.1808 

MOTIF filter25 
letter-probability matrix: alength= 4 w= 19 nsites= 19 
0.3380 0.1832 0.2389 0.2399 
0.2529 0.2006 0.2700 0.2765 
0.3231 0.2004 0.1707 0.3058 
0.2747 0.2009 0.2299 0.2946 
0.3336 0.1943 0.2014 0.2708 
0.5627 0.0817 0.2100 0.1456 
0.6528 0.0171 0.1689 0.1613 
0.7321 0.0033 0.0159 0.2487 
0.5652 0.0635 0.0386 0.3327 
0.2908 0.1870 0.1583 0.3638 
0.0330 0.0413 0.0066 0.9191 
0.0000 0.0041 0.9959 0.0000 
0.0091 0.9882 0.0000 0.0027 
0.0094 0.0273 0.0031 0.9602 
0.0165 0.0000 0.9195 0.0640 
0.9710 0.0023 0.0000 0.0267 
0.0384 0.3797 0.5239 0.0579 
0.0788 0.0366 0.0383 0.8462 
0.0893 0.7536 0.0335 0.1235 

MOTIF filter26 
letter-probability matrix: alength= 4 w= 19 nsites= 19 
0.3107 0.2770 0.2541 0.1581 
0.2051 0.3500 0.2901 0.1547 
0.2380 0.3494 0.0452 0.3674 
0.0976 0.1464 0.3154 0.4405 
0.0363 0.5701 0.1544 0.2392 
0.0005 0.2633 0.0364 0.6998 
0.0251 0.2310 0.6221 0.1218 
0.9997 0.0000 0.0003 0.0000 
0.0000 0.0003 0.0000 0.9997 
0.0089 0.0000 0.0000 0.9911 
0.0000 0.0000 1.0000 0.0000 
0.0000 0.0000 1.0000 0.0000 
0.0783 0.4676 0.0534 0.4008 
0.0295 0.4490 0.0582 0.4633 
0.2456 0.2867 0.3809 0.0868 
0.4059 0.1489 0.3125 0.1326 
0.2145 0.1887 0.2266 0.3703 
0.2303 0.1675 0.2914 0.3108 
0.1079 0.3294 0.2054 0.3573 

MOTIF filter27 
letter-probability matrix: alength= 4 w= 19 nsites= 19 
0.2508 0.2176 0.1936 0.3381 
0.3507 0.1306 0.3390 0.1797 
0.2464 0.2737 0.2486 0.2313 
0.3111 0.0959 0.2628 0.3301 
0.5206 0.0776 0.3945 0.0073 
0.0000 0.0000 0.0000 1.0000 
0.0002 0.0000 0.3689 0.6309 
0.3737 0.0000 0.4607 0.1656 
0.0636 0.4342 0.0468 0.4555 
0.0630 0.0047 0.9219 0.0104 
0.0359 0.8776 0.0000 0.0866 
1.0000 0.0000 0.0000 0.0000 
1.0000 0.0000 0.0000 0.0000 
0.0038 0.2334 0.0730 0.6898 
0.3780 0.3785 0.1000 0.1436 
0.2711 0.2195 0.1801 0.3293 
0.1800 0.3268 0.1496 0.3437 
0.2737 0.2166 0.2511 0.2587 
0.2647 0.1874 0.2979 0.2500 

MOTIF filter28 
letter-probability matrix: alength= 4 w= 19 nsites= 19 
0.2340 0.1479 0.2323 0.3858 
0.1078 0.2947 0.4620 0.1354 
0.3444 0.4582 0.0710 0.1265 
0.0972 0.1398 0.0673 0.6957 
0.2107 0.0359 0.6404 0.1129 
0.7293 0.0567 0.0842 0.1298 
0.0740 0.4464 0.4384 0.0412 
0.0183 0.0055 0.0133 0.9630 
0.0566 0.9108 0.0026 0.0299 
0.9428 0.0041 0.0305 0.0226 
0.0016 0.0000 0.9862 0.0122 
0.0000 1.0000 0.0000 0.0000 
0.9327 0.0000 0.0290 0.0383 
0.4163 0.1289 0.1564 0.2984 
0.4137 0.0277 0.0380 0.5207 
0.2905 0.0330 0.0133 0.6632 
0.2309 0.1711 0.0322 0.5658 
0.1779 0.2455 0.0905 0.4861 
0.2468 0.2024 0.2094 0.3413 

MOTIF filter29 
letter-probability matrix: alength= 4 w= 19 nsites= 19 
0.2184 0.3302 0.2593 0.1920 
0.1238 0.3340 0.3662 0.1760 
0.1189 0.4429 0.1880 0.2502 
0.1326 0.5197 0.1411 0.2066 
0.5950 0.0893 0.2666 0.0491 
0.0000 0.8230 0.0362 0.1408 
0.0253 0.0000 0.0009 0.9738 
0.0000 0.0000 0.0000 1.0000 
0.0000 1.0000 0.0000 0.0000 
0.0000 1.0000 0.0000 0.0000 
0.0000 0.0000 0.7559 0.2441 
0.0020 0.1089 0.8617 0.0274 
0.0448 0.3223 0.1738 0.4590 
0.1138 0.3266 0.2633 0.2963 
0.1993 0.3207 0.2673 0.2127 
0.1848 0.3121 0.2957 0.2074 
0.2351 0.2422 0.3033 0.2193 
0.1515 0.2496 0.3686 0.2303 
0.1673 0.3571 0.2907 0.1849 

