MEME version 4

ALPHABET= ACGT

Background letter frequencies:
A 0.2500 C 0.2500 G 0.2500 T 0.2500 

MOTIF filter0 
letter-probability matrix: alength= 4 w= 10 nsites= 10 
0.3704 0.2306 0.2247 0.1743 
0.3433 0.0483 0.2767 0.3316 
0.0277 0.6697 0.0508 0.2518 
0.0005 0.7836 0.0200 0.1959 
0.9231 0.0090 0.0416 0.0262 
0.9996 0.0000 0.0002 0.0002 
0.0000 0.0000 0.0000 1.0000 
0.0558 0.3637 0.1054 0.4751 
0.5751 0.0441 0.3731 0.0077 
0.3301 0.0704 0.5256 0.0739 

MOTIF filter1 
letter-probability matrix: alength= 4 w= 13 nsites= 13 
0.2260 0.2501 0.3393 0.1846 
0.3102 0.2297 0.3352 0.1249 
0.4390 0.1827 0.3191 0.0591 
0.0535 0.7855 0.1552 0.0058 
0.2663 0.7314 0.0022 0.0000 
0.0000 0.0000 1.0000 0.0000 
0.0000 0.0000 1.0000 0.0000 
0.9988 0.0000 0.0000 0.0012 
0.9463 0.0072 0.0000 0.0465 
0.1914 0.0611 0.7463 0.0013 
0.0484 0.2596 0.1054 0.5866 
0.2261 0.1705 0.4767 0.1267 
0.2706 0.2230 0.3974 0.1090 

MOTIF filter2 
letter-probability matrix: alength= 4 w= 12 nsites= 12 
0.3540 0.1406 0.2019 0.3034 
0.3271 0.0983 0.4272 0.1474 
0.3439 0.0791 0.5770 0.0000 
0.0001 0.0103 0.0020 0.9876 
0.0000 0.4669 0.5330 0.0001 
1.0000 0.0000 0.0000 0.0000 
0.0001 0.6513 0.0009 0.3477 
0.3093 0.0454 0.4799 0.1653 
0.0187 0.2646 0.0404 0.6764 
0.2472 0.2741 0.2732 0.2055 
0.4583 0.1546 0.2426 0.1445 
0.1194 0.4515 0.1513 0.2779 

MOTIF filter3 
letter-probability matrix: alength= 4 w= 13 nsites= 13 
0.2229 0.2953 0.3589 0.1229 
0.1472 0.3719 0.2008 0.2801 
0.1258 0.2107 0.5611 0.1023 
0.0622 0.0708 0.7886 0.0784 
0.0491 0.7731 0.1155 0.0623 
0.1853 0.4795 0.2443 0.0909 
0.0993 0.0259 0.7924 0.0824 
0.0096 0.9886 0.0015 0.0003 
0.0027 0.9851 0.0119 0.0002 
0.9487 0.0209 0.0288 0.0016 
0.0092 0.1034 0.0555 0.8319 
0.0776 0.2962 0.3599 0.2663 
0.1612 0.1114 0.2370 0.4905 

MOTIF filter4 
letter-probability matrix: alength= 4 w= 12 nsites= 12 
0.2026 0.2164 0.3261 0.2549 
0.2222 0.1669 0.3818 0.2290 
0.4361 0.2229 0.3296 0.0113 
0.0000 0.0000 0.0000 1.0000 
0.0000 0.0000 0.9663 0.0337 
0.9999 0.0000 0.0000 0.0001 
0.0320 0.4686 0.4669 0.0325 
0.0001 0.0000 0.0000 0.9999 
0.0413 0.9587 0.0000 0.0000 
1.0000 0.0000 0.0000 0.0000 
0.0173 0.3335 0.2189 0.4303 
0.2406 0.3761 0.1609 0.2225 

MOTIF filter5 
letter-probability matrix: alength= 4 w= 8 nsites= 8 
0.3954 0.0459 0.0183 0.5405 
0.3305 0.0508 0.0563 0.5624 
0.5270 0.0205 0.0118 0.4406 
0.8769 0.0000 0.0134 0.1098 
0.3633 0.0042 0.0110 0.6215 
0.5371 0.0000 0.0072 0.4556 
0.4442 0.0901 0.0769 0.3888 
0.4340 0.0386 0.0426 0.4848 

MOTIF filter6 
letter-probability matrix: alength= 4 w= 14 nsites= 14 
0.2945 0.2109 0.2606 0.2340 
0.2159 0.0886 0.3402 0.3552 
0.6144 0.0645 0.3167 0.0045 
0.0000 0.0000 0.0000 1.0000 
0.0000 0.0000 0.1959 0.8041 
0.2868 0.0000 0.5778 0.1354 
0.0272 0.6705 0.0589 0.2434 
0.2014 0.0499 0.7200 0.0286 
0.1933 0.5262 0.0001 0.2804 
0.7903 0.2097 0.0000 0.0000 
1.0000 0.0000 0.0000 0.0000 
0.0068 0.2792 0.0728 0.6412 
0.3458 0.3452 0.0918 0.2173 
0.2637 0.2414 0.2136 0.2813 

MOTIF filter7 
letter-probability matrix: alength= 4 w= 12 nsites= 12 
0.5720 0.0029 0.0070 0.4180 
0.4749 0.0122 0.0029 0.5100 
0.3051 0.1582 0.0885 0.4482 
0.0407 0.0725 0.0024 0.8843 
0.0009 0.0016 0.9974 0.0000 
0.0251 0.9502 0.0000 0.0247 
0.1010 0.1683 0.0028 0.7279 
0.2210 0.0086 0.5541 0.2163 
0.8263 0.0114 0.1397 0.0226 
0.0253 0.5685 0.2621 0.1441 
0.1538 0.2370 0.1810 0.4282 
0.2181 0.3358 0.0794 0.3667 

MOTIF filter8 
letter-probability matrix: alength= 4 w= 12 nsites= 12 
0.0347 0.2729 0.4881 0.2043 
0.0140 0.3436 0.4792 0.1632 
0.0335 0.1919 0.5262 0.2484 
0.0284 0.1319 0.7159 0.1237 
0.3721 0.0259 0.5984 0.0036 
0.0089 0.1229 0.3287 0.5395 
0.0510 0.0000 0.5582 0.3908 
0.0049 0.0091 0.9781 0.0080 
0.0001 0.0000 0.9996 0.0003 
0.0396 0.3997 0.1751 0.3855 
0.0104 0.2416 0.5390 0.2089 
0.1103 0.2243 0.5583 0.1071 

MOTIF filter9 
letter-probability matrix: alength= 4 w= 17 nsites= 17 
0.2610 0.2586 0.1718 0.3086 
0.4014 0.1773 0.3158 0.1055 
0.7161 0.0412 0.1619 0.0808 
0.3947 0.1964 0.3343 0.0747 
0.1689 0.1869 0.0790 0.5652 
0.1338 0.6782 0.0747 0.1134 
0.4874 0.0043 0.0009 0.5074 
0.0000 0.0000 1.0000 0.0000 
0.0000 1.0000 0.0000 0.0000 
0.7299 0.0000 0.0036 0.2665 
0.1640 0.1828 0.4849 0.1683 
0.5305 0.0801 0.1557 0.2337 
0.1398 0.2687 0.1388 0.4528 
0.0978 0.1671 0.0390 0.6961 
0.1186 0.3163 0.1798 0.3852 
0.2849 0.1511 0.2169 0.3471 
0.1953 0.2015 0.3053 0.2978 

MOTIF filter10 
letter-probability matrix: alength= 4 w= 11 nsites= 11 
0.1028 0.5013 0.1769 0.2190 
0.0548 0.2216 0.0948 0.6288 
0.0103 0.2064 0.5892 0.1941 
0.9947 0.0000 0.0053 0.0000 
0.0000 0.0012 0.0000 0.9988 
0.0104 0.0000 0.0000 0.9896 
0.0000 0.0052 0.9910 0.0038 
0.0005 0.0467 0.9528 0.0000 
0.1635 0.3663 0.0648 0.4054 
0.0306 0.4193 0.1038 0.4462 
0.3258 0.3094 0.2845 0.0803 

MOTIF filter11 
letter-probability matrix: alength= 4 w= 12 nsites= 12 
0.1258 0.2939 0.3448 0.2354 
0.4071 0.2188 0.3318 0.0424 
0.5152 0.0532 0.3297 0.1019 
0.0000 0.9979 0.0017 0.0004 
0.0017 0.9947 0.0037 0.0000 
0.9841 0.0000 0.0000 0.0159 
0.9955 0.0000 0.0045 0.0000 
0.0000 0.0127 0.0000 0.9873 
0.1465 0.6177 0.2041 0.0316 
0.7093 0.0692 0.2125 0.0090 
0.1839 0.1734 0.5533 0.0894 
0.3411 0.3717 0.1541 0.1331 

MOTIF filter12 
letter-probability matrix: alength= 4 w= 13 nsites= 13 
0.2184 0.2058 0.2745 0.3013 
0.1922 0.1749 0.4327 0.2003 
0.4084 0.3152 0.2647 0.0116 
0.0000 0.0006 0.0000 0.9994 
0.0000 0.0000 0.9573 0.0427 
0.9995 0.0000 0.0000 0.0005 
0.0183 0.4687 0.4833 0.0298 
0.0000 0.0000 0.0000 1.0000 
0.0326 0.9674 0.0000 0.0000 
1.0000 0.0000 0.0000 0.0000 
0.0094 0.2689 0.3007 0.4211 
0.1721 0.4506 0.1734 0.2040 
0.2909 0.2882 0.2114 0.2094 

MOTIF filter13 
letter-probability matrix: alength= 4 w= 11 nsites= 11 
0.2694 0.0176 0.0567 0.6563 
0.0053 0.1773 0.0363 0.7811 
0.1823 0.0035 0.6977 0.1166 
0.0000 1.0000 0.0000 0.0000 
0.9381 0.0002 0.0472 0.0145 
0.7520 0.0000 0.0505 0.1975 
0.0000 0.6130 0.1150 0.2719 
0.9248 0.0022 0.0446 0.0283 
0.2154 0.2794 0.1220 0.3832 
0.3023 0.2593 0.1500 0.2884 
0.3047 0.2073 0.2475 0.2405 

MOTIF filter14 
letter-probability matrix: alength= 4 w= 14 nsites= 14 
0.3453 0.1624 0.2154 0.2769 
0.1919 0.1061 0.3450 0.3570 
0.6311 0.0853 0.2767 0.0068 
0.0000 0.0000 0.0000 1.0000 
0.0000 0.0000 0.0000 1.0000 
0.0423 0.0000 0.9494 0.0084 
0.0133 0.8569 0.0077 0.1220 
0.3895 0.0736 0.4409 0.0961 
0.1436 0.5081 0.0000 0.3483 
0.6817 0.3183 0.0000 0.0000 
1.0000 0.0000 0.0000 0.0000 
0.0097 0.3909 0.0889 0.5106 
0.3356 0.2447 0.0927 0.3271 
0.2498 0.2155 0.2803 0.2544 

MOTIF filter15 
letter-probability matrix: alength= 4 w= 11 nsites= 11 
0.3369 0.1201 0.3952 0.1478 
0.1396 0.4123 0.3030 0.1450 
0.0000 1.0000 0.0000 0.0000 
0.9495 0.0000 0.0055 0.0450 
0.0000 0.7740 0.0013 0.2247 
0.1780 0.0024 0.8197 0.0000 
0.0733 0.0562 0.0024 0.8681 
0.0000 0.0000 1.0000 0.0000 
0.1612 0.2512 0.4433 0.1443 
0.1510 0.3968 0.1559 0.2962 
0.1714 0.3668 0.2265 0.2352 

MOTIF filter16 
letter-probability matrix: alength= 4 w= 13 nsites= 13 
0.0752 0.7283 0.0892 0.1072 
0.0677 0.2857 0.0060 0.6406 
0.8794 0.0337 0.0040 0.0829 
0.4856 0.0026 0.0067 0.5050 
0.5748 0.0028 0.0022 0.4201 
0.4501 0.0045 0.0023 0.5431 
0.5479 0.0026 0.0078 0.4416 
0.0919 0.0067 0.0392 0.8623 
0.6826 0.0030 0.2706 0.0438 
0.1038 0.1006 0.7273 0.0683 
0.3835 0.2840 0.0879 0.2447 
0.4547 0.1943 0.0901 0.2608 
0.3462 0.1698 0.1865 0.2975 

MOTIF filter17 
letter-probability matrix: alength= 4 w= 13 nsites= 13 
0.2568 0.3855 0.2201 0.1376 
0.1321 0.2369 0.6001 0.0309 
0.2018 0.3867 0.3753 0.0361 
0.1018 0.6735 0.1189 0.1057 
0.0264 0.8337 0.0660 0.0740 
0.0690 0.7725 0.1313 0.0272 
0.1116 0.5414 0.3424 0.0046 
0.1879 0.4035 0.3942 0.0144 
0.0072 0.9899 0.0000 0.0029 
0.0000 0.9751 0.0249 0.0000 
0.4690 0.4012 0.0435 0.0863 
0.2994 0.5577 0.1416 0.0013 
0.1692 0.4620 0.0582 0.3105 

MOTIF filter18 
letter-probability matrix: alength= 4 w= 14 nsites= 14 
0.2603 0.2732 0.2294 0.2371 
0.3535 0.1042 0.2538 0.2885 
0.4236 0.1231 0.3817 0.0715 
0.0080 0.0089 0.0021 0.9810 
0.0148 0.0020 0.3661 0.6171 
0.4310 0.0242 0.4572 0.0877 
0.1380 0.2696 0.0646 0.5278 
0.0064 0.0000 0.9925 0.0011 
0.0101 0.9765 0.0000 0.0134 
1.0000 0.0000 0.0000 0.0000 
1.0000 0.0000 0.0000 0.0000 
0.0304 0.2195 0.1085 0.6416 
0.3202 0.3529 0.1361 0.1909 
0.2887 0.2100 0.1949 0.3064 

MOTIF filter19 
letter-probability matrix: alength= 4 w= 12 nsites= 12 
0.4341 0.1056 0.2907 0.1696 
0.4369 0.1806 0.1749 0.2076 
0.1464 0.2740 0.5512 0.0284 
0.0050 0.0046 0.0008 0.9896 
0.0565 0.9380 0.0000 0.0056 
0.9576 0.0039 0.0365 0.0020 
0.0084 0.0000 0.9318 0.0599 
0.0000 0.9961 0.0039 0.0000 
0.9156 0.0022 0.0521 0.0301 
0.4963 0.1055 0.1479 0.2503 
0.4939 0.0116 0.0416 0.4529 
0.4331 0.0057 0.0117 0.5496 

MOTIF filter20 
letter-probability matrix: alength= 4 w= 10 nsites= 10 
0.1793 0.4189 0.3042 0.0976 
0.0698 0.9117 0.0097 0.0089 
0.5876 0.0011 0.3741 0.0372 
0.0000 0.9140 0.0000 0.0860 
0.1927 0.0000 0.8073 0.0000 
0.0172 0.2534 0.0000 0.7295 
0.0000 0.0015 0.9551 0.0434 
0.0972 0.3672 0.3886 0.1469 
0.1493 0.3692 0.2136 0.2680 
0.1644 0.3484 0.2332 0.2539 

MOTIF filter21 
letter-probability matrix: alength= 4 w= 15 nsites= 15 
0.2575 0.2884 0.2434 0.2107 
0.3310 0.0924 0.2712 0.3054 
0.5058 0.0923 0.3998 0.0022 
0.0000 0.0000 0.0000 1.0000 
0.0002 0.0000 0.5299 0.4700 
0.4638 0.0011 0.3295 0.2056 
0.0992 0.3351 0.0616 0.5041 
0.0130 0.0009 0.9861 0.0000 
0.0503 0.8613 0.0000 0.0884 
1.0000 0.0000 0.0000 0.0000 
1.0000 0.0000 0.0000 0.0000 
0.0042 0.2303 0.0817 0.6838 
0.3390 0.3912 0.1121 0.1577 
0.2907 0.2091 0.1743 0.3259 
0.1787 0.3066 0.1557 0.3590 

MOTIF filter22 
letter-probability matrix: alength= 4 w= 16 nsites= 16 
0.1949 0.2004 0.1645 0.4401 
0.1449 0.2092 0.5425 0.1034 
0.5144 0.4136 0.0715 0.0004 
0.0000 0.0080 0.0004 0.9915 
0.0000 0.0000 0.9769 0.0231 
0.9991 0.0000 0.0000 0.0009 
0.0283 0.6843 0.1854 0.1020 
0.2025 0.0604 0.0438 0.6933 
0.2556 0.4723 0.1011 0.1709 
0.5705 0.0059 0.2438 0.1798 
0.0440 0.0000 0.9365 0.0195 
0.0000 0.9626 0.0290 0.0084 
0.8646 0.0056 0.0520 0.0778 
0.4144 0.1335 0.2069 0.2452 
0.3909 0.0266 0.0678 0.5147 
0.3543 0.0549 0.0341 0.5567 

MOTIF filter23 
letter-probability matrix: alength= 4 w= 19 nsites= 19 
0.0089 0.9694 0.0177 0.0040 
0.6357 0.2065 0.0531 0.1047 
0.1710 0.5164 0.1783 0.1343 
0.3939 0.1170 0.0818 0.4073 
0.1101 0.1640 0.5235 0.2024 
0.4807 0.1980 0.2683 0.0530 
0.1769 0.3189 0.4049 0.0993 
0.1630 0.4059 0.0292 0.4019 
0.1600 0.1288 0.3458 0.3654 
0.1274 0.6368 0.1727 0.0632 
0.0037 0.0994 0.0049 0.8920 
0.0188 0.3075 0.6522 0.0215 
0.9984 0.0000 0.0010 0.0007 
0.0081 0.0563 0.0424 0.8931 
0.0377 0.0063 0.0010 0.9550 
0.0010 0.0031 0.9959 0.0000 
0.0326 0.1128 0.7917 0.0629 
0.1106 0.2702 0.0802 0.5389 
0.1116 0.3977 0.2562 0.2345 

MOTIF filter24 
letter-probability matrix: alength= 4 w= 9 nsites= 9 
0.1747 0.0598 0.6878 0.0778 
0.0446 0.2914 0.6410 0.0231 
0.0000 0.9999 0.0000 0.0001 
0.0000 0.0000 1.0000 0.0000 
0.0226 0.6770 0.2658 0.0345 
0.0665 0.7400 0.0594 0.1341 
0.2514 0.3012 0.3076 0.1398 
0.1354 0.3471 0.2289 0.2887 
0.1725 0.4993 0.1598 0.1684 

MOTIF filter25 
letter-probability matrix: alength= 4 w= 16 nsites= 16 
0.5532 0.0345 0.0620 0.3503 
0.4750 0.0681 0.0305 0.4263 
0.2371 0.1918 0.1584 0.4127 
0.1098 0.0548 0.0114 0.8240 
0.0286 0.0395 0.9250 0.0070 
0.0238 0.9145 0.0004 0.0613 
0.1924 0.2120 0.0133 0.5823 
0.1861 0.0970 0.4710 0.2459 
0.6372 0.0703 0.0600 0.2326 
0.0989 0.1345 0.7406 0.0260 
0.0017 0.0000 0.0000 0.9983 
0.0289 0.9707 0.0004 0.0000 
0.9942 0.0000 0.0058 0.0000 
0.0027 0.0775 0.4603 0.4594 
0.0907 0.6019 0.1465 0.1609 
0.5363 0.1389 0.1739 0.1509 

MOTIF filter26 
letter-probability matrix: alength= 4 w= 9 nsites= 9 
0.1959 0.3804 0.1616 0.2622 
0.3695 0.0363 0.0006 0.5935 
0.0545 0.0005 0.2879 0.6571 
1.0000 0.0000 0.0000 0.0000 
0.0000 0.0000 0.0000 1.0000 
0.6803 0.2607 0.0000 0.0589 
0.6116 0.0003 0.0349 0.3531 
0.2664 0.1721 0.3647 0.1968 
0.3337 0.1611 0.2289 0.2763 

MOTIF filter27 
letter-probability matrix: alength= 4 w= 14 nsites= 14 
0.2978 0.2038 0.2243 0.2741 
0.1652 0.1154 0.3246 0.3948 
0.6219 0.1295 0.2446 0.0041 
0.0000 0.0000 0.0000 1.0000 
0.0000 0.0000 0.0000 1.0000 
0.0470 0.0000 0.8772 0.0757 
0.0015 0.9970 0.0000 0.0015 
0.6321 0.0715 0.2040 0.0923 
0.1105 0.3383 0.0417 0.5094 
0.4965 0.4603 0.0056 0.0375 
0.9348 0.0173 0.0239 0.0240 
0.0872 0.3702 0.1474 0.3952 
0.2666 0.2584 0.1319 0.3431 
0.2312 0.2692 0.2391 0.2605 

MOTIF filter28 
letter-probability matrix: alength= 4 w= 12 nsites= 12 
0.5049 0.0751 0.0949 0.3250 
0.4443 0.0795 0.1440 0.3321 
0.2894 0.1079 0.2146 0.3880 
0.0083 0.0510 0.0002 0.9405 
0.0000 0.0008 0.9992 0.0000 
0.0875 0.8048 0.0000 0.1077 
0.0000 0.0235 0.0002 0.9763 
0.0000 0.0000 0.9906 0.0094 
0.8927 0.0854 0.0000 0.0219 
0.2147 0.2801 0.3917 0.1135 
0.3964 0.1207 0.1408 0.3421 
0.1689 0.2888 0.1921 0.3502 

MOTIF filter29 
letter-probability matrix: alength= 4 w= 13 nsites= 13 
0.1139 0.4139 0.2096 0.2627 
0.1289 0.4940 0.1807 0.1964 
0.5847 0.1079 0.2609 0.0465 
0.0006 0.7476 0.0616 0.1901 
0.0419 0.0000 0.0059 0.9522 
0.0000 0.0000 0.0000 1.0000 
0.0000 0.9998 0.0002 0.0000 
0.0000 1.0000 0.0000 0.0000 
0.0000 0.0031 0.6867 0.3102 
0.0036 0.1641 0.7662 0.0661 
0.0480 0.2870 0.1827 0.4822 
0.1273 0.3039 0.2678 0.3010 
0.1603 0.3623 0.2851 0.1922 

