MEME version 4

ALPHABET= ACGT

Background letter frequencies:
A 0.2500 C 0.2500 G 0.2500 T 0.2500 

MOTIF filter0 
letter-probability matrix: alength= 4 w= 8 nsites= 8 
0.4286 0.1123 0.2684 0.1908 
0.1712 0.2660 0.1770 0.3858 
0.3226 0.2555 0.1595 0.2624 
0.0158 0.0000 0.1030 0.8811 
0.1076 0.8924 0.0000 0.0001 
0.0000 0.3888 0.0002 0.6109 
0.3855 0.0001 0.4902 0.1241 
0.2377 0.1699 0.3335 0.2589 

MOTIF filter1 
letter-probability matrix: alength= 4 w= 11 nsites= 11 
0.4973 0.0795 0.1054 0.3178 
0.3030 0.0778 0.0110 0.6083 
0.1044 0.0094 0.0326 0.8536 
0.2595 0.2096 0.1854 0.3455 
0.3056 0.3808 0.0798 0.2338 
0.0204 0.2179 0.2082 0.5535 
0.0049 0.9753 0.0081 0.0117 
0.7396 0.0010 0.0001 0.2593 
0.4883 0.0998 0.2889 0.1230 
0.3426 0.2123 0.1173 0.3277 
0.2311 0.2725 0.2434 0.2531 

MOTIF filter2 
letter-probability matrix: alength= 4 w= 15 nsites= 15 
0.0169 0.8556 0.0454 0.0820 
0.3129 0.3558 0.2170 0.1143 
0.2249 0.6670 0.0749 0.0332 
0.1474 0.2722 0.0664 0.5140 
0.1962 0.1230 0.3834 0.2973 
0.3901 0.2679 0.2378 0.1042 
0.0288 0.6662 0.2932 0.0118 
0.4723 0.0121 0.0028 0.5127 
0.0127 0.4584 0.1764 0.3524 
0.3396 0.2236 0.3948 0.0420 
0.0343 0.1307 0.1365 0.6985 
0.0070 0.2749 0.6503 0.0678 
0.3831 0.0519 0.4535 0.1115 
0.0612 0.3033 0.0416 0.5938 
0.1834 0.1526 0.1834 0.4806 

MOTIF filter3 
letter-probability matrix: alength= 4 w= 11 nsites= 11 
0.3127 0.1605 0.4064 0.1204 
0.3797 0.2541 0.1945 0.1717 
0.1663 0.1855 0.3839 0.2643 
0.1613 0.1984 0.6403 0.0000 
0.0000 0.8311 0.0001 0.1688 
0.0000 0.1892 0.3873 0.4235 
0.0392 0.0099 0.8864 0.0645 
0.0819 0.8147 0.0067 0.0967 
0.1983 0.2913 0.4889 0.0215 
0.2137 0.2753 0.3579 0.1531 
0.1599 0.4425 0.1863 0.2113 

MOTIF filter4 
letter-probability matrix: alength= 4 w= 8 nsites= 8 
0.0767 0.2435 0.4699 0.2100 
0.2929 0.5423 0.1646 0.0003 
0.3980 0.3102 0.0656 0.2262 
0.0335 0.0015 0.0013 0.9637 
0.0013 0.0542 0.9120 0.0325 
0.4950 0.0027 0.5022 0.0000 
0.0166 0.3303 0.1161 0.5369 
0.2201 0.3620 0.1363 0.2817 

MOTIF filter5 
letter-probability matrix: alength= 4 w= 9 nsites= 9 
0.3045 0.1598 0.1836 0.3521 
0.1994 0.3123 0.0750 0.4132 
0.2003 0.1637 0.0450 0.5910 
0.8912 0.0035 0.0012 0.1041 
0.1733 0.0000 0.0132 0.8135 
0.7626 0.0096 0.0000 0.2278 
0.3808 0.0079 0.0905 0.5209 
0.4435 0.1037 0.0382 0.4146 
0.2147 0.1038 0.1166 0.5649 

MOTIF filter6 
letter-probability matrix: alength= 4 w= 7 nsites= 7 
0.0152 0.3778 0.4257 0.1814 
0.6514 0.0019 0.0002 0.3465 
0.0658 0.4188 0.0468 0.4687 
0.0226 0.0000 0.0115 0.9659 
0.2199 0.1332 0.6410 0.0060 
0.1559 0.5280 0.2545 0.0616 
0.2156 0.2947 0.2125 0.2772 

MOTIF filter7 
letter-probability matrix: alength= 4 w= 10 nsites= 10 
0.1562 0.5865 0.0830 0.1743 
0.0913 0.4625 0.1808 0.2653 
0.2016 0.2017 0.5956 0.0011 
0.0009 0.0003 0.9067 0.0922 
0.1776 0.5862 0.0002 0.2360 
0.1990 0.0216 0.5998 0.1797 
0.0458 0.2011 0.7316 0.0215 
0.1290 0.3698 0.1056 0.3956 
0.2842 0.2590 0.2628 0.1940 
0.3704 0.1862 0.1960 0.2474 

MOTIF filter8 
letter-probability matrix: alength= 4 w= 17 nsites= 17 
0.0693 0.3694 0.4204 0.1408 
0.1591 0.3632 0.2943 0.1835 
0.0733 0.3654 0.3345 0.2267 
0.1151 0.1436 0.6417 0.0995 
0.2256 0.2368 0.4418 0.0958 
0.0641 0.5207 0.3327 0.0825 
0.0374 0.5016 0.2712 0.1897 
0.0010 0.7036 0.1540 0.1413 
0.0239 0.6006 0.1602 0.2153 
0.0000 0.2513 0.1086 0.6400 
0.0979 0.3108 0.2472 0.3441 
0.0010 0.2923 0.1433 0.5635 
0.1109 0.1748 0.2427 0.4716 
0.0516 0.0766 0.8115 0.0602 
0.2020 0.1131 0.5707 0.1142 
0.1172 0.3840 0.3052 0.1936 
0.1285 0.3698 0.2409 0.2608 

MOTIF filter9 
letter-probability matrix: alength= 4 w= 9 nsites= 9 
0.0922 0.3009 0.2050 0.4019 
0.5684 0.0063 0.1300 0.2952 
0.3632 0.1820 0.1954 0.2595 
0.0014 0.0231 0.1289 0.8466 
0.0001 0.6547 0.3443 0.0008 
0.9590 0.0000 0.0294 0.0116 
0.4749 0.2374 0.0692 0.2184 
0.0863 0.2391 0.0503 0.6243 
0.3031 0.1717 0.4830 0.0423 

MOTIF filter10 
letter-probability matrix: alength= 4 w= 8 nsites= 8 
0.0274 0.2699 0.4822 0.2205 
0.0202 0.4119 0.4113 0.1566 
0.1772 0.2458 0.5187 0.0583 
0.0000 0.9984 0.0012 0.0004 
0.0098 0.0753 0.8985 0.0164 
0.1180 0.5346 0.1484 0.1990 
0.1010 0.2450 0.6298 0.0243 
0.2315 0.3213 0.4265 0.0207 

MOTIF filter11 
letter-probability matrix: alength= 4 w= 9 nsites= 9 
0.0285 0.0486 0.4612 0.4616 
0.3500 0.3994 0.1757 0.0749 
0.3275 0.0610 0.2859 0.3255 
0.0859 0.0000 0.8438 0.0703 
0.0000 0.9989 0.0009 0.0002 
0.8871 0.0015 0.0435 0.0679 
0.4058 0.0740 0.3634 0.1568 
0.3283 0.0822 0.0404 0.5490 
0.3633 0.1309 0.0479 0.4579 

MOTIF filter12 
letter-probability matrix: alength= 4 w= 10 nsites= 10 
0.3008 0.2672 0.2097 0.2223 
0.2998 0.1356 0.3297 0.2350 
0.4957 0.0623 0.3976 0.0444 
0.0203 0.6749 0.3048 0.0000 
0.1639 0.0081 0.2430 0.5850 
0.0001 0.0703 0.9190 0.0106 
0.6558 0.3030 0.0000 0.0412 
0.0000 0.2686 0.5476 0.1837 
0.2501 0.2510 0.1833 0.3156 
0.3293 0.2360 0.1925 0.2422 

MOTIF filter13 
letter-probability matrix: alength= 4 w= 9 nsites= 9 
0.2857 0.1842 0.2478 0.2823 
0.1694 0.2052 0.1789 0.4464 
0.6216 0.0432 0.3352 0.0000 
0.0005 0.0239 0.0001 0.9756 
0.2561 0.3409 0.1384 0.2646 
0.9047 0.0000 0.0416 0.0536 
0.0040 0.6162 0.2902 0.0897 
0.5518 0.1701 0.1681 0.1099 
0.0942 0.2956 0.1178 0.4924 

MOTIF filter14 
letter-probability matrix: alength= 4 w= 11 nsites= 11 
0.3024 0.2109 0.3178 0.1689 
0.2460 0.2828 0.2007 0.2705 
0.1669 0.1519 0.0599 0.6213 
0.0001 0.0211 0.9788 0.0000 
0.1932 0.7584 0.0000 0.0484 
0.0536 0.0789 0.4989 0.3685 
0.0007 0.0021 0.5682 0.4290 
0.7328 0.1809 0.0000 0.0862 
0.4479 0.0903 0.2123 0.2494 
0.1364 0.2097 0.3447 0.3091 
0.1147 0.3650 0.1358 0.3844 

MOTIF filter15 
letter-probability matrix: alength= 4 w= 7 nsites= 7 
0.1667 0.4685 0.3224 0.0424 
0.2864 0.3240 0.1484 0.2412 
0.0216 0.4039 0.5740 0.0005 
0.0072 0.9342 0.0266 0.0320 
0.6212 0.3752 0.0036 0.0000 
0.6055 0.3562 0.0362 0.0021 
0.0467 0.3966 0.2287 0.3280 

MOTIF filter16 
letter-probability matrix: alength= 4 w= 15 nsites= 15 
0.4470 0.1214 0.1132 0.3183 
0.6556 0.0320 0.0808 0.2316 
0.6580 0.0027 0.0240 0.3153 
0.5875 0.0001 0.0145 0.3978 
0.5892 0.0157 0.0000 0.3951 
0.3336 0.1032 0.0282 0.5350 
0.3467 0.0571 0.0777 0.5184 
0.4292 0.0203 0.2901 0.2604 
0.2502 0.1632 0.0510 0.5356 
0.5074 0.1062 0.0616 0.3249 
0.3021 0.1095 0.1730 0.4153 
0.5409 0.0902 0.1076 0.2612 
0.3795 0.0927 0.1669 0.3609 
0.4134 0.0646 0.0719 0.4501 
0.4063 0.0911 0.0488 0.4538 

MOTIF filter17 
letter-probability matrix: alength= 4 w= 7 nsites= 7 
0.1304 0.1620 0.2611 0.4465 
0.0699 0.0771 0.5869 0.2660 
0.2335 0.5204 0.2461 0.0000 
0.0048 0.0015 0.9896 0.0041 
0.1706 0.4816 0.3242 0.0236 
0.0171 0.5791 0.3394 0.0644 
0.1771 0.3934 0.2540 0.1756 

MOTIF filter18 
letter-probability matrix: alength= 4 w= 6 nsites= 6 
0.0093 0.0340 0.0000 0.9567 
0.0000 0.0000 1.0000 0.0000 
0.0007 0.8367 0.0003 0.1622 
0.3346 0.3260 0.0516 0.2877 
0.2692 0.1679 0.3378 0.2250 
0.4963 0.0899 0.2899 0.1239 

MOTIF filter19 
letter-probability matrix: alength= 4 w= 13 nsites= 13 
0.2600 0.1130 0.2148 0.4123 
0.3336 0.1741 0.4052 0.0871 
0.0870 0.3353 0.0483 0.5294 
0.1072 0.0868 0.1180 0.6880 
0.3797 0.0107 0.4786 0.1310 
0.4832 0.2147 0.1333 0.1688 
0.1092 0.3282 0.4817 0.0809 
0.0044 0.0766 0.0000 0.9190 
0.4983 0.5017 0.0000 0.0000 
1.0000 0.0000 0.0000 0.0000 
0.0001 0.1659 0.3109 0.5231 
0.2293 0.5392 0.0858 0.1457 
0.3746 0.3433 0.1545 0.1277 

MOTIF filter20 
letter-probability matrix: alength= 4 w= 7 nsites= 7 
0.4559 0.1097 0.3148 0.1197 
0.4341 0.0730 0.4463 0.0466 
0.2569 0.3258 0.0001 0.4172 
0.0000 0.1609 0.8390 0.0000 
0.5958 0.0078 0.0000 0.3964 
0.0211 0.4568 0.0000 0.5221 
0.4502 0.0260 0.3953 0.1284 

MOTIF filter21 
letter-probability matrix: alength= 4 w= 14 nsites= 14 
0.2556 0.2529 0.2771 0.2144 
0.1727 0.1331 0.3853 0.3090 
0.5826 0.1123 0.3051 0.0001 
0.0000 0.0000 0.0000 1.0000 
0.0000 0.0000 0.4852 0.5148 
0.5041 0.0000 0.3939 0.1020 
0.0272 0.7348 0.0786 0.1595 
0.2162 0.0484 0.5787 0.1567 
0.2479 0.4442 0.0000 0.3079 
0.6500 0.3304 0.0030 0.0167 
0.8528 0.0000 0.1472 0.0000 
0.0002 0.5366 0.1137 0.3496 
0.5594 0.1939 0.0628 0.1839 
0.2510 0.2383 0.2678 0.2429 

MOTIF filter22 
letter-probability matrix: alength= 4 w= 11 nsites= 11 
0.4033 0.2456 0.1926 0.1585 
0.2377 0.1660 0.4511 0.1452 
0.4208 0.1020 0.4767 0.0005 
0.6074 0.3479 0.0447 0.0001 
0.4543 0.5449 0.0004 0.0004 
0.6885 0.0000 0.3114 0.0001 
0.0002 0.2733 0.0232 0.7033 
0.2685 0.0435 0.6684 0.0195 
0.1333 0.1899 0.3735 0.3033 
0.2279 0.2030 0.4067 0.1624 
0.3154 0.1615 0.3495 0.1735 

MOTIF filter23 
letter-probability matrix: alength= 4 w= 10 nsites= 10 
0.3579 0.1963 0.2668 0.1790 
0.1798 0.3083 0.2160 0.2959 
0.1590 0.3568 0.1612 0.3230 
0.6316 0.0939 0.2716 0.0029 
0.0062 0.8836 0.0001 0.1101 
0.3172 0.3568 0.3258 0.0003 
0.7475 0.2444 0.0075 0.0006 
0.2753 0.5952 0.0398 0.0897 
0.2400 0.5795 0.0000 0.1806 
0.2114 0.4086 0.0110 0.3690 

MOTIF filter24 
letter-probability matrix: alength= 4 w= 11 nsites= 11 
0.0981 0.3895 0.2950 0.2174 
0.2026 0.3781 0.4052 0.0140 
0.4281 0.0091 0.5577 0.0051 
0.3537 0.0261 0.6201 0.0000 
0.1139 0.0000 0.4720 0.4140 
0.8321 0.1415 0.0241 0.0023 
0.5181 0.0873 0.3143 0.0803 
0.0983 0.1629 0.6061 0.1327 
0.1618 0.3413 0.3593 0.1375 
0.2519 0.1746 0.3977 0.1757 
0.1935 0.2159 0.3916 0.1990 

MOTIF filter25 
letter-probability matrix: alength= 4 w= 10 nsites= 10 
0.2219 0.3791 0.1895 0.2096 
0.3638 0.3017 0.1388 0.1956 
0.3250 0.1083 0.2796 0.2871 
0.0005 0.9441 0.0000 0.0554 
0.7909 0.0000 0.1990 0.0101 
0.0250 0.1420 0.0000 0.8331 
0.0927 0.1073 0.7487 0.0513 
0.2228 0.2217 0.1724 0.3831 
0.2093 0.2595 0.2034 0.3278 
0.1945 0.3000 0.1955 0.3100 

MOTIF filter26 
letter-probability matrix: alength= 4 w= 8 nsites= 8 
0.1575 0.1951 0.0740 0.5734 
0.4706 0.0002 0.0865 0.4427 
0.0623 0.2758 0.2371 0.4248 
0.1029 0.8166 0.0802 0.0003 
0.0757 0.0001 0.9159 0.0083 
0.1126 0.5685 0.1363 0.1826 
0.5422 0.1399 0.0576 0.2603 
0.4058 0.0655 0.1323 0.3963 

MOTIF filter27 
letter-probability matrix: alength= 4 w= 8 nsites= 8 
0.3065 0.1112 0.2391 0.3432 
0.3576 0.1609 0.0523 0.4293 
0.1473 0.0051 0.4879 0.3597 
0.0084 0.1786 0.0000 0.8130 
0.0822 0.0000 0.9172 0.0005 
0.6192 0.3801 0.0000 0.0007 
0.2655 0.1092 0.0590 0.5663 
0.4654 0.0733 0.1880 0.2732 

MOTIF filter28 
letter-probability matrix: alength= 4 w= 10 nsites= 10 
0.0634 0.2107 0.3026 0.4233 
0.2603 0.0453 0.5077 0.1868 
0.3909 0.1499 0.4403 0.0189 
0.0014 0.7449 0.0170 0.2367 
0.0197 0.8696 0.0002 0.1105 
0.1630 0.0048 0.7799 0.0523 
0.0024 0.0936 0.8211 0.0829 
0.1711 0.3466 0.3873 0.0950 
0.2734 0.3611 0.1155 0.2500 
0.2744 0.2695 0.2724 0.1837 

MOTIF filter29 
letter-probability matrix: alength= 4 w= 9 nsites= 9 
0.2398 0.2961 0.2457 0.2184 
0.3921 0.0078 0.5010 0.0992 
0.3114 0.3454 0.1463 0.1969 
0.1454 0.8546 0.0000 0.0000 
0.7865 0.1533 0.0593 0.0009 
0.0000 0.1253 0.7561 0.1186 
0.0480 0.5246 0.4126 0.0148 
0.2167 0.2471 0.2664 0.2698 
0.1954 0.2864 0.2636 0.2546 

