MEME version 4

ALPHABET= ACGT

Background letter frequencies:
A 0.2500 C 0.2500 G 0.2500 T 0.2500 

MOTIF filter0 
letter-probability matrix: alength= 4 w= 19 nsites= 19 
0.2744 0.2228 0.2411 0.2616 
0.2177 0.2992 0.1728 0.3103 
0.2878 0.2513 0.2227 0.2381 
0.4286 0.1123 0.2684 0.1908 
0.1712 0.2660 0.1770 0.3858 
0.3226 0.2555 0.1595 0.2624 
0.0158 0.0000 0.1030 0.8811 
0.1076 0.8924 0.0000 0.0001 
0.0000 0.3888 0.0002 0.6109 
0.3855 0.0001 0.4902 0.1241 
0.2377 0.1699 0.3335 0.2589 
0.0304 0.3738 0.1816 0.4142 
0.2433 0.1983 0.1933 0.3651 
0.2795 0.2410 0.2260 0.2536 
0.2437 0.2153 0.3032 0.2378 
0.2539 0.2460 0.2719 0.2282 
0.2500 0.2035 0.2886 0.2579 
0.2442 0.3157 0.2333 0.2068 
0.2698 0.2370 0.2211 0.2721 

MOTIF filter1 
letter-probability matrix: alength= 4 w= 19 nsites= 19 
0.4973 0.0795 0.1054 0.3178 
0.3030 0.0778 0.0110 0.6083 
0.1044 0.0094 0.0326 0.8536 
0.2595 0.2096 0.1854 0.3455 
0.3056 0.3808 0.0798 0.2338 
0.0204 0.2179 0.2082 0.5535 
0.0049 0.9753 0.0081 0.0117 
0.7396 0.0010 0.0001 0.2593 
0.4883 0.0998 0.2889 0.1230 
0.3426 0.2123 0.1173 0.3277 
0.2311 0.2725 0.2434 0.2531 
0.4515 0.2048 0.1039 0.2398 
0.3606 0.2063 0.1604 0.2727 
0.4406 0.1193 0.2346 0.2056 
0.3902 0.1390 0.2476 0.2232 
0.3440 0.2730 0.1469 0.2361 
0.5530 0.2013 0.0940 0.1516 
0.5463 0.0814 0.0358 0.3365 
0.4635 0.0675 0.1226 0.3464 

MOTIF filter2 
letter-probability matrix: alength= 4 w= 19 nsites= 19 
0.0169 0.8556 0.0454 0.0820 
0.3129 0.3558 0.2170 0.1143 
0.2249 0.6670 0.0749 0.0332 
0.1474 0.2722 0.0664 0.5140 
0.1962 0.1230 0.3834 0.2973 
0.3901 0.2679 0.2378 0.1042 
0.0288 0.6662 0.2932 0.0118 
0.4723 0.0121 0.0028 0.5127 
0.0127 0.4584 0.1764 0.3524 
0.3396 0.2236 0.3948 0.0420 
0.0343 0.1307 0.1365 0.6985 
0.0070 0.2749 0.6503 0.0678 
0.3831 0.0519 0.4535 0.1115 
0.0612 0.3033 0.0416 0.5938 
0.1834 0.1526 0.1834 0.4806 
0.1158 0.1062 0.4067 0.3713 
0.0975 0.1375 0.3636 0.4014 
0.1135 0.2521 0.1698 0.4646 
0.0877 0.2211 0.2786 0.4126 

MOTIF filter3 
letter-probability matrix: alength= 4 w= 19 nsites= 19 
0.2310 0.2478 0.3364 0.1849 
0.3087 0.2104 0.2668 0.2142 
0.2953 0.1952 0.2930 0.2165 
0.3127 0.1605 0.4064 0.1204 
0.3797 0.2541 0.1945 0.1717 
0.1663 0.1855 0.3839 0.2643 
0.1613 0.1984 0.6403 0.0000 
0.0000 0.8311 0.0001 0.1688 
0.0000 0.1892 0.3873 0.4235 
0.0392 0.0099 0.8864 0.0645 
0.0819 0.8147 0.0067 0.0967 
0.1983 0.2913 0.4889 0.0215 
0.2137 0.2753 0.3579 0.1531 
0.1599 0.4425 0.1863 0.2113 
0.2907 0.3182 0.1655 0.2256 
0.1449 0.2902 0.3299 0.2351 
0.2192 0.3638 0.2127 0.2042 
0.2516 0.2651 0.2640 0.2194 
0.1864 0.2659 0.3091 0.2387 

MOTIF filter4 
letter-probability matrix: alength= 4 w= 19 nsites= 19 
0.3252 0.1508 0.2317 0.2923 
0.3028 0.2598 0.2380 0.1994 
0.2646 0.2433 0.2527 0.2394 
0.3584 0.1132 0.1698 0.3586 
0.0767 0.2435 0.4699 0.2100 
0.2929 0.5423 0.1646 0.0003 
0.3980 0.3102 0.0656 0.2262 
0.0335 0.0015 0.0013 0.9637 
0.0013 0.0542 0.9120 0.0325 
0.4950 0.0027 0.5022 0.0000 
0.0166 0.3303 0.1161 0.5369 
0.2201 0.3620 0.1363 0.2817 
0.3402 0.1597 0.2541 0.2460 
0.2319 0.2296 0.4015 0.1370 
0.1152 0.3828 0.3468 0.1552 
0.3235 0.2456 0.3304 0.1005 
0.2364 0.2370 0.2666 0.2601 
0.2504 0.1797 0.3447 0.2252 
0.2363 0.0990 0.3842 0.2805 

MOTIF filter5 
letter-probability matrix: alength= 4 w= 19 nsites= 19 
0.2863 0.1740 0.1711 0.3686 
0.2938 0.1576 0.2071 0.3415 
0.2903 0.1800 0.1404 0.3892 
0.3739 0.1298 0.1438 0.3524 
0.3045 0.1598 0.1836 0.3521 
0.1994 0.3123 0.0750 0.4132 
0.2003 0.1637 0.0450 0.5910 
0.8912 0.0035 0.0012 0.1041 
0.1733 0.0000 0.0132 0.8135 
0.7626 0.0096 0.0000 0.2278 
0.3808 0.0079 0.0905 0.5209 
0.4435 0.1037 0.0382 0.4146 
0.2147 0.1038 0.1166 0.5649 
0.4539 0.1116 0.2347 0.1997 
0.2483 0.1661 0.3135 0.2721 
0.4114 0.2145 0.1294 0.2447 
0.2648 0.2311 0.1741 0.3300 
0.2598 0.2479 0.1844 0.3079 
0.2859 0.2147 0.1727 0.3266 

MOTIF filter6 
letter-probability matrix: alength= 4 w= 19 nsites= 19 
0.2283 0.1789 0.3843 0.2085 
0.1804 0.4352 0.2617 0.1228 
0.0453 0.3011 0.1450 0.5086 
0.5115 0.0300 0.4517 0.0067 
0.3418 0.2164 0.0862 0.3556 
0.0152 0.3778 0.4257 0.1814 
0.6514 0.0019 0.0002 0.3465 
0.0658 0.4188 0.0468 0.4687 
0.0226 0.0000 0.0115 0.9659 
0.2199 0.1332 0.6410 0.0060 
0.1559 0.5280 0.2545 0.0616 
0.2156 0.2947 0.2125 0.2772 
0.2340 0.3271 0.2238 0.2151 
0.3203 0.2451 0.1805 0.2541 
0.2954 0.2482 0.1336 0.3229 
0.2622 0.2219 0.2142 0.3017 
0.2606 0.1769 0.2377 0.3249 
0.2179 0.2673 0.2471 0.2677 
0.1848 0.2609 0.2333 0.3210 

MOTIF filter7 
letter-probability matrix: alength= 4 w= 19 nsites= 19 
0.1792 0.3280 0.2488 0.2440 
0.2494 0.2508 0.2572 0.2426 
0.0920 0.4506 0.2970 0.1604 
0.1655 0.5304 0.1732 0.1309 
0.3754 0.2424 0.1092 0.2730 
0.2615 0.1036 0.6216 0.0134 
0.1562 0.5865 0.0830 0.1743 
0.0913 0.4625 0.1808 0.2653 
0.2016 0.2017 0.5956 0.0011 
0.0009 0.0003 0.9067 0.0922 
0.1776 0.5862 0.0002 0.2360 
0.1990 0.0216 0.5998 0.1797 
0.0458 0.2011 0.7316 0.0215 
0.1290 0.3698 0.1056 0.3956 
0.2842 0.2590 0.2628 0.1940 
0.3704 0.1862 0.1960 0.2474 
0.2834 0.2214 0.2310 0.2642 
0.2056 0.2161 0.2441 0.3342 
0.2902 0.2172 0.3071 0.1855 

MOTIF filter8 
letter-probability matrix: alength= 4 w= 19 nsites= 19 
0.0693 0.3694 0.4204 0.1408 
0.1591 0.3632 0.2943 0.1835 
0.0733 0.3654 0.3345 0.2267 
0.1151 0.1436 0.6417 0.0995 
0.2256 0.2368 0.4418 0.0958 
0.0641 0.5207 0.3327 0.0825 
0.0374 0.5016 0.2712 0.1897 
0.0010 0.7036 0.1540 0.1413 
0.0239 0.6006 0.1602 0.2153 
0.0000 0.2513 0.1086 0.6400 
0.0979 0.3108 0.2472 0.3441 
0.0010 0.2923 0.1433 0.5635 
0.1109 0.1748 0.2427 0.4716 
0.0516 0.0766 0.8115 0.0602 
0.2020 0.1131 0.5707 0.1142 
0.1172 0.3840 0.3052 0.1936 
0.1285 0.3698 0.2409 0.2608 
0.2450 0.4007 0.2620 0.0922 
0.2534 0.2804 0.3258 0.1404 

MOTIF filter9 
letter-probability matrix: alength= 4 w= 19 nsites= 19 
0.1841 0.2020 0.3161 0.2977 
0.2745 0.3376 0.2287 0.1592 
0.1108 0.3460 0.0763 0.4669 
0.0922 0.3009 0.2050 0.4019 
0.5684 0.0063 0.1300 0.2952 
0.3632 0.1820 0.1954 0.2595 
0.0014 0.0231 0.1289 0.8466 
0.0001 0.6547 0.3443 0.0008 
0.9590 0.0000 0.0294 0.0116 
0.4749 0.2374 0.0692 0.2184 
0.0863 0.2391 0.0503 0.6243 
0.3031 0.1717 0.4830 0.0423 
0.2887 0.1856 0.3524 0.1733 
0.1515 0.2755 0.2793 0.2937 
0.2228 0.3678 0.1826 0.2268 
0.3156 0.2433 0.2698 0.1714 
0.3004 0.1966 0.3366 0.1663 
0.3307 0.2090 0.2441 0.2162 
0.2692 0.1448 0.4310 0.1550 

MOTIF filter10 
letter-probability matrix: alength= 4 w= 19 nsites= 19 
0.1505 0.4341 0.3118 0.1036 
0.1598 0.3572 0.3254 0.1576 
0.1464 0.3119 0.4160 0.1257 
0.1742 0.3195 0.3624 0.1439 
0.1817 0.2910 0.4206 0.1067 
0.1311 0.2292 0.5413 0.0983 
0.1853 0.2390 0.4901 0.0856 
0.0274 0.2699 0.4822 0.2205 
0.0202 0.4119 0.4113 0.1566 
0.1772 0.2458 0.5187 0.0583 
0.0000 0.9984 0.0012 0.0004 
0.0098 0.0753 0.8985 0.0164 
0.1180 0.5346 0.1484 0.1990 
0.1010 0.2450 0.6298 0.0243 
0.2315 0.3213 0.4265 0.0207 
0.0681 0.4721 0.2688 0.1910 
0.0917 0.4062 0.3579 0.1442 
0.1333 0.3634 0.3336 0.1696 
0.1607 0.3366 0.3514 0.1513 

MOTIF filter11 
letter-probability matrix: alength= 4 w= 19 nsites= 19 
0.2744 0.1960 0.2754 0.2542 
0.2347 0.2439 0.3864 0.1350 
0.3339 0.2277 0.2204 0.2180 
0.1953 0.1708 0.3395 0.2943 
0.3674 0.0793 0.4086 0.1447 
0.4385 0.1228 0.3003 0.1384 
0.0590 0.2179 0.1654 0.5577 
0.0285 0.0486 0.4612 0.4616 
0.3500 0.3994 0.1757 0.0749 
0.3275 0.0610 0.2859 0.3255 
0.0859 0.0000 0.8438 0.0703 
0.0000 0.9989 0.0009 0.0002 
0.8871 0.0015 0.0435 0.0679 
0.4058 0.0740 0.3634 0.1568 
0.3283 0.0822 0.0404 0.5490 
0.3633 0.1309 0.0479 0.4579 
0.2072 0.1758 0.0518 0.5652 
0.1683 0.2431 0.1129 0.4757 
0.2152 0.2601 0.2236 0.3011 

MOTIF filter12 
letter-probability matrix: alength= 4 w= 19 nsites= 19 
0.3220 0.2934 0.2636 0.1210 
0.3008 0.2672 0.2097 0.2223 
0.2998 0.1356 0.3297 0.2350 
0.4957 0.0623 0.3976 0.0444 
0.0203 0.6749 0.3048 0.0000 
0.1639 0.0081 0.2430 0.5850 
0.0001 0.0703 0.9190 0.0106 
0.6558 0.3030 0.0000 0.0412 
0.0000 0.2686 0.5476 0.1837 
0.2501 0.2510 0.1833 0.3156 
0.3293 0.2360 0.1925 0.2422 
0.2399 0.1972 0.4005 0.1624 
0.1472 0.2554 0.3244 0.2731 
0.2420 0.2983 0.2643 0.1954 
0.2292 0.2679 0.2700 0.2328 
0.2684 0.2145 0.2845 0.2326 
0.2042 0.2793 0.3041 0.2124 
0.2266 0.2536 0.2096 0.3102 
0.1909 0.3391 0.2423 0.2277 

MOTIF filter13 
letter-probability matrix: alength= 4 w= 19 nsites= 19 
0.3050 0.2525 0.2223 0.2201 
0.2256 0.1798 0.1469 0.4477 
0.2301 0.2304 0.3099 0.2297 
0.2857 0.1842 0.2478 0.2823 
0.1694 0.2052 0.1789 0.4464 
0.6216 0.0432 0.3352 0.0000 
0.0005 0.0239 0.0001 0.9756 
0.2561 0.3409 0.1384 0.2646 
0.9047 0.0000 0.0416 0.0536 
0.0040 0.6162 0.2902 0.0897 
0.5518 0.1701 0.1681 0.1099 
0.0942 0.2956 0.1178 0.4924 
0.3679 0.3065 0.2168 0.1089 
0.3377 0.1685 0.2679 0.2260 
0.2340 0.2936 0.2089 0.2635 
0.2859 0.2141 0.2429 0.2570 
0.2505 0.2716 0.2868 0.1912 
0.2497 0.2863 0.2036 0.2604 
0.2879 0.2043 0.2839 0.2239 

MOTIF filter14 
letter-probability matrix: alength= 4 w= 19 nsites= 19 
0.3670 0.1759 0.3138 0.1433 
0.3693 0.1753 0.2945 0.1609 
0.3744 0.1053 0.2142 0.3060 
0.3024 0.2109 0.3178 0.1689 
0.2460 0.2828 0.2007 0.2705 
0.1669 0.1519 0.0599 0.6213 
0.0001 0.0211 0.9788 0.0000 
0.1932 0.7584 0.0000 0.0484 
0.0536 0.0789 0.4989 0.3685 
0.0007 0.0021 0.5682 0.4290 
0.7328 0.1809 0.0000 0.0862 
0.4479 0.0903 0.2123 0.2494 
0.1364 0.2097 0.3447 0.3091 
0.1147 0.3650 0.1358 0.3844 
0.2468 0.2696 0.2916 0.1920 
0.2980 0.1895 0.3208 0.1916 
0.2026 0.2792 0.2569 0.2613 
0.2112 0.2662 0.2928 0.2298 
0.2722 0.2024 0.2825 0.2428 

MOTIF filter15 
letter-probability matrix: alength= 4 w= 19 nsites= 19 
0.1692 0.3851 0.2686 0.1771 
0.1550 0.3370 0.3015 0.2066 
0.2176 0.3874 0.3104 0.0846 
0.2009 0.3333 0.2890 0.1768 
0.1973 0.3096 0.2808 0.2123 
0.1667 0.4685 0.3224 0.0424 
0.2864 0.3240 0.1484 0.2412 
0.0216 0.4039 0.5740 0.0005 
0.0072 0.9342 0.0266 0.0320 
0.6212 0.3752 0.0036 0.0000 
0.6055 0.3562 0.0362 0.0021 
0.0467 0.3966 0.2287 0.3280 
0.2358 0.2610 0.2018 0.3014 
0.0450 0.2884 0.4063 0.2602 
0.0692 0.4659 0.2709 0.1940 
0.2190 0.3352 0.2747 0.1711 
0.1083 0.3919 0.3031 0.1967 
0.1719 0.3679 0.2847 0.1754 
0.2044 0.3138 0.3158 0.1660 

MOTIF filter16 
letter-probability matrix: alength= 4 w= 19 nsites= 19 
0.4470 0.1214 0.1132 0.3183 
0.6556 0.0320 0.0808 0.2316 
0.6580 0.0027 0.0240 0.3153 
0.5875 0.0001 0.0145 0.3978 
0.5892 0.0157 0.0000 0.3951 
0.3336 0.1032 0.0282 0.5350 
0.3467 0.0571 0.0777 0.5184 
0.4292 0.0203 0.2901 0.2604 
0.2502 0.1632 0.0510 0.5356 
0.5074 0.1062 0.0616 0.3249 
0.3021 0.1095 0.1730 0.4153 
0.5409 0.0902 0.1076 0.2612 
0.3795 0.0927 0.1669 0.3609 
0.4134 0.0646 0.0719 0.4501 
0.4063 0.0911 0.0488 0.4538 
0.4702 0.0154 0.0642 0.4501 
0.4358 0.0224 0.1196 0.4223 
0.3396 0.1027 0.0557 0.5020 
0.4233 0.0592 0.0845 0.4330 

MOTIF filter17 
letter-probability matrix: alength= 4 w= 19 nsites= 19 
0.2335 0.3268 0.2075 0.2322 
0.2736 0.2941 0.2247 0.2076 
0.2949 0.2362 0.2647 0.2042 
0.1389 0.2709 0.1974 0.3928 
0.1304 0.1620 0.2611 0.4465 
0.0699 0.0771 0.5869 0.2660 
0.2335 0.5204 0.2461 0.0000 
0.0048 0.0015 0.9896 0.0041 
0.1706 0.4816 0.3242 0.0236 
0.0171 0.5791 0.3394 0.0644 
0.1771 0.3934 0.2540 0.1756 
0.0468 0.3730 0.1785 0.4016 
0.5762 0.3199 0.0771 0.0268 
0.2611 0.1958 0.3649 0.1782 
0.1920 0.2842 0.2595 0.2643 
0.1513 0.2821 0.3418 0.2248 
0.2048 0.2530 0.3721 0.1701 
0.2490 0.2728 0.2598 0.2184 
0.2619 0.2094 0.2538 0.2749 

MOTIF filter18 
letter-probability matrix: alength= 4 w= 19 nsites= 19 
0.0093 0.0340 0.0000 0.9567 
0.0000 0.0000 1.0000 0.0000 
0.0007 0.8367 0.0003 0.1622 
0.3346 0.3260 0.0516 0.2877 
0.2692 0.1679 0.3378 0.2250 
0.4963 0.0899 0.2899 0.1239 
0.1036 0.4082 0.3732 0.1150 
0.1956 0.2018 0.2172 0.3855 
0.2136 0.2341 0.2913 0.2610 
0.3346 0.1914 0.2146 0.2594 
0.3580 0.0477 0.2788 0.3154 
0.1269 0.2077 0.3933 0.2721 
0.3184 0.2092 0.2031 0.2693 
0.2667 0.1394 0.1808 0.4131 
0.2752 0.2118 0.2227 0.2903 
0.3653 0.1503 0.1536 0.3307 
0.2722 0.2107 0.2868 0.2303 
0.2892 0.1816 0.2213 0.3078 
0.2680 0.1948 0.2976 0.2395 

MOTIF filter19 
letter-probability matrix: alength= 4 w= 19 nsites= 19 
0.2345 0.2719 0.2835 0.2101 
0.2600 0.1130 0.2148 0.4123 
0.3336 0.1741 0.4052 0.0871 
0.0870 0.3353 0.0483 0.5294 
0.1072 0.0868 0.1180 0.6880 
0.3797 0.0107 0.4786 0.1310 
0.4832 0.2147 0.1333 0.1688 
0.1092 0.3282 0.4817 0.0809 
0.0044 0.0766 0.0000 0.9190 
0.4983 0.5017 0.0000 0.0000 
1.0000 0.0000 0.0000 0.0000 
0.0001 0.1659 0.3109 0.5231 
0.2293 0.5392 0.0858 0.1457 
0.3746 0.3433 0.1545 0.1277 
0.2413 0.1734 0.2638 0.3215 
0.2883 0.1977 0.2267 0.2873 
0.2901 0.1813 0.1870 0.3416 
0.2218 0.2507 0.2312 0.2963 
0.2057 0.2158 0.2623 0.3162 

MOTIF filter20 
letter-probability matrix: alength= 4 w= 19 nsites= 19 
0.2121 0.1761 0.3736 0.2381 
0.1667 0.2284 0.3403 0.2646 
0.1204 0.3615 0.2727 0.2454 
0.1652 0.4963 0.2284 0.1101 
0.2893 0.2340 0.2657 0.2110 
0.1885 0.4159 0.1326 0.2630 
0.4559 0.1097 0.3148 0.1197 
0.4341 0.0730 0.4463 0.0466 
0.2569 0.3258 0.0001 0.4172 
0.0000 0.1609 0.8390 0.0000 
0.5958 0.0078 0.0000 0.3964 
0.0211 0.4568 0.0000 0.5221 
0.4502 0.0260 0.3953 0.1284 
0.1830 0.2945 0.2921 0.2305 
0.2049 0.2441 0.2596 0.2914 
0.3080 0.2152 0.3166 0.1602 
0.2556 0.2479 0.2504 0.2461 
0.2319 0.2955 0.2118 0.2608 
0.2454 0.2503 0.2863 0.2180 

MOTIF filter21 
letter-probability matrix: alength= 4 w= 19 nsites= 19 
0.2556 0.2529 0.2771 0.2144 
0.1727 0.1331 0.3853 0.3090 
0.5826 0.1123 0.3051 0.0001 
0.0000 0.0000 0.0000 1.0000 
0.0000 0.0000 0.4852 0.5148 
0.5041 0.0000 0.3939 0.1020 
0.0272 0.7348 0.0786 0.1595 
0.2162 0.0484 0.5787 0.1567 
0.2479 0.4442 0.0000 0.3079 
0.6500 0.3304 0.0030 0.0167 
0.8528 0.0000 0.1472 0.0000 
0.0002 0.5366 0.1137 0.3496 
0.5594 0.1939 0.0628 0.1839 
0.2510 0.2383 0.2678 0.2429 
0.2156 0.2813 0.1782 0.3249 
0.2285 0.2505 0.1457 0.3752 
0.2308 0.2815 0.1723 0.3154 
0.2314 0.2176 0.2488 0.3022 
0.2501 0.2738 0.2257 0.2504 

MOTIF filter22 
letter-probability matrix: alength= 4 w= 19 nsites= 19 
0.2438 0.2572 0.2045 0.2945 
0.2554 0.3499 0.2288 0.1659 
0.2263 0.2911 0.2285 0.2541 
0.2680 0.2513 0.3134 0.1673 
0.2170 0.1987 0.2967 0.2876 
0.2909 0.3187 0.2305 0.1598 
0.1748 0.1487 0.1761 0.5003 
0.2346 0.3374 0.2060 0.2219 
0.4033 0.2456 0.1926 0.1585 
0.2377 0.1660 0.4511 0.1452 
0.4208 0.1020 0.4767 0.0005 
0.6074 0.3479 0.0447 0.0001 
0.4543 0.5449 0.0004 0.0004 
0.6885 0.0000 0.3114 0.0001 
0.0002 0.2733 0.0232 0.7033 
0.2685 0.0435 0.6684 0.0195 
0.1333 0.1899 0.3735 0.3033 
0.2279 0.2030 0.4067 0.1624 
0.3154 0.1615 0.3495 0.1735 

MOTIF filter23 
letter-probability matrix: alength= 4 w= 19 nsites= 19 
0.2556 0.2068 0.2188 0.3188 
0.3579 0.1963 0.2668 0.1790 
0.1798 0.3083 0.2160 0.2959 
0.1590 0.3568 0.1612 0.3230 
0.6316 0.0939 0.2716 0.0029 
0.0062 0.8836 0.0001 0.1101 
0.3172 0.3568 0.3258 0.0003 
0.7475 0.2444 0.0075 0.0006 
0.2753 0.5952 0.0398 0.0897 
0.2400 0.5795 0.0000 0.1806 
0.2114 0.4086 0.0110 0.3690 
0.4146 0.2542 0.1354 0.1958 
0.3621 0.1978 0.2673 0.1728 
0.2534 0.2431 0.2316 0.2718 
0.3360 0.2230 0.2832 0.1577 
0.1770 0.2240 0.3302 0.2689 
0.2766 0.2650 0.2600 0.1984 
0.2522 0.3031 0.2243 0.2204 
0.2907 0.2507 0.2128 0.2458 

MOTIF filter24 
letter-probability matrix: alength= 4 w= 19 nsites= 19 
0.2285 0.2513 0.3508 0.1694 
0.1893 0.2111 0.3465 0.2531 
0.1607 0.2269 0.4089 0.2035 
0.1420 0.3662 0.3545 0.1373 
0.1856 0.4575 0.2915 0.0655 
0.0981 0.3895 0.2950 0.2174 
0.2026 0.3781 0.4052 0.0140 
0.4281 0.0091 0.5577 0.0051 
0.3537 0.0261 0.6201 0.0000 
0.1139 0.0000 0.4720 0.4140 
0.8321 0.1415 0.0241 0.0023 
0.5181 0.0873 0.3143 0.0803 
0.0983 0.1629 0.6061 0.1327 
0.1618 0.3413 0.3593 0.1375 
0.2519 0.1746 0.3977 0.1757 
0.1935 0.2159 0.3916 0.1990 
0.1614 0.2984 0.2136 0.3266 
0.2489 0.2763 0.1973 0.2774 
0.2505 0.1807 0.2768 0.2920 

MOTIF filter25 
letter-probability matrix: alength= 4 w= 19 nsites= 19 
0.2765 0.2658 0.2122 0.2455 
0.3096 0.2053 0.2339 0.2512 
0.2589 0.2328 0.1964 0.3119 
0.3183 0.1982 0.2306 0.2528 
0.2788 0.1566 0.2880 0.2767 
0.1575 0.2418 0.1836 0.4171 
0.2219 0.3791 0.1895 0.2096 
0.3638 0.3017 0.1388 0.1956 
0.3250 0.1083 0.2796 0.2871 
0.0005 0.9441 0.0000 0.0554 
0.7909 0.0000 0.1990 0.0101 
0.0250 0.1420 0.0000 0.8331 
0.0927 0.1073 0.7487 0.0513 
0.2228 0.2217 0.1724 0.3831 
0.2093 0.2595 0.2034 0.3278 
0.1945 0.3000 0.1955 0.3100 
0.2562 0.2427 0.2085 0.2926 
0.3213 0.2564 0.1306 0.2916 
0.3131 0.2323 0.2192 0.2354 

MOTIF filter26 
letter-probability matrix: alength= 4 w= 19 nsites= 19 
0.2230 0.2947 0.2493 0.2330 
0.1473 0.4191 0.1784 0.2551 
0.1884 0.3393 0.2977 0.1747 
0.2975 0.3367 0.1549 0.2108 
0.2871 0.2628 0.3472 0.1029 
0.5101 0.3027 0.0690 0.1181 
0.1575 0.1951 0.0740 0.5734 
0.4706 0.0002 0.0865 0.4427 
0.0623 0.2758 0.2371 0.4248 
0.1029 0.8166 0.0802 0.0003 
0.0757 0.0001 0.9159 0.0083 
0.1126 0.5685 0.1363 0.1826 
0.5422 0.1399 0.0576 0.2603 
0.4058 0.0655 0.1323 0.3963 
0.1295 0.2604 0.1982 0.4119 
0.1421 0.2896 0.1390 0.4292 
0.1861 0.2620 0.2616 0.2903 
0.1967 0.3358 0.2332 0.2344 
0.1931 0.2684 0.2884 0.2501 

MOTIF filter27 
letter-probability matrix: alength= 4 w= 19 nsites= 19 
0.3385 0.2553 0.2994 0.1068 
0.2375 0.1488 0.2816 0.3321 
0.3735 0.1006 0.3461 0.1798 
0.3065 0.1112 0.2391 0.3432 
0.3576 0.1609 0.0523 0.4293 
0.1473 0.0051 0.4879 0.3597 
0.0084 0.1786 0.0000 0.8130 
0.0822 0.0000 0.9172 0.0005 
0.6192 0.3801 0.0000 0.0007 
0.2655 0.1092 0.0590 0.5663 
0.4654 0.0733 0.1880 0.2732 
0.2665 0.3932 0.0954 0.2449 
0.3495 0.2739 0.1756 0.2009 
0.2055 0.2046 0.1994 0.3905 
0.2151 0.2885 0.1768 0.3196 
0.2305 0.2883 0.2264 0.2549 
0.2395 0.2461 0.2625 0.2519 
0.2276 0.2759 0.2556 0.2409 
0.2518 0.2519 0.2500 0.2464 

MOTIF filter28 
letter-probability matrix: alength= 4 w= 19 nsites= 19 
0.2253 0.2617 0.3606 0.1524 
0.1748 0.2898 0.3485 0.1868 
0.1442 0.3645 0.3722 0.1191 
0.2561 0.3720 0.2279 0.1440 
0.0634 0.2107 0.3026 0.4233 
0.2603 0.0453 0.5077 0.1868 
0.3909 0.1499 0.4403 0.0189 
0.0014 0.7449 0.0170 0.2367 
0.0197 0.8696 0.0002 0.1105 
0.1630 0.0048 0.7799 0.0523 
0.0024 0.0936 0.8211 0.0829 
0.1711 0.3466 0.3873 0.0950 
0.2734 0.3611 0.1155 0.2500 
0.2744 0.2695 0.2724 0.1837 
0.3681 0.2187 0.2124 0.2007 
0.2400 0.2114 0.3160 0.2326 
0.2263 0.2365 0.2604 0.2768 
0.1579 0.3451 0.2098 0.2872 
0.1518 0.3513 0.2539 0.2429 

MOTIF filter29 
letter-probability matrix: alength= 4 w= 19 nsites= 19 
0.2303 0.2511 0.2701 0.2485 
0.2105 0.2428 0.3074 0.2393 
0.2674 0.2446 0.2557 0.2323 
0.2398 0.2961 0.2457 0.2184 
0.3921 0.0078 0.5010 0.0992 
0.3114 0.3454 0.1463 0.1969 
0.1454 0.8546 0.0000 0.0000 
0.7865 0.1533 0.0593 0.0009 
0.0000 0.1253 0.7561 0.1186 
0.0480 0.5246 0.4126 0.0148 
0.2167 0.2471 0.2664 0.2698 
0.1954 0.2864 0.2636 0.2546 
0.2059 0.2785 0.2724 0.2433 
0.2172 0.2611 0.2700 0.2516 
0.1987 0.2923 0.2786 0.2304 
0.1808 0.2832 0.3033 0.2327 
0.2122 0.2777 0.2938 0.2163 
0.1918 0.2725 0.3143 0.2214 
0.2139 0.2865 0.2695 0.2301 

