MEME version 4

ALPHABET= ACGT

Background letter frequencies:
A 0.2500 C 0.2500 G 0.2500 T 0.2500 

MOTIF filter0 
letter-probability matrix: alength= 4 w= 19 nsites= 19 
0.1663 0.1621 0.1913 0.4803 
0.4046 0.3519 0.1759 0.0676 
0.0639 0.5818 0.1504 0.2038 
0.1042 0.7800 0.0677 0.0481 
0.0567 0.0306 0.9070 0.0057 
0.0307 0.0171 0.7996 0.1527 
0.9483 0.0170 0.0128 0.0219 
0.8207 0.0627 0.0139 0.1028 
0.3673 0.1420 0.4225 0.0683 
0.1274 0.2158 0.0977 0.5591 
0.2240 0.2660 0.3639 0.1461 
0.2554 0.2011 0.3281 0.2154 
0.2513 0.2694 0.2321 0.2472 
0.3256 0.2392 0.2322 0.2031 
0.1983 0.2465 0.2395 0.3157 
0.1877 0.2711 0.2786 0.2625 
0.2921 0.2450 0.2590 0.2039 
0.1736 0.3482 0.2351 0.2432 
0.2404 0.2418 0.2222 0.2956 

MOTIF filter1 
letter-probability matrix: alength= 4 w= 19 nsites= 19 
0.2164 0.3121 0.2253 0.2463 
0.3929 0.2424 0.1928 0.1719 
0.2263 0.2245 0.1467 0.4025 
0.1996 0.1735 0.2866 0.3403 
0.2337 0.2511 0.2402 0.2751 
0.0154 0.9282 0.0099 0.0464 
0.0125 0.8382 0.0228 0.1264 
0.5530 0.0572 0.0508 0.3390 
0.2740 0.0091 0.0266 0.6902 
0.7548 0.0205 0.0593 0.1654 
0.1528 0.0504 0.0127 0.7842 
0.7123 0.0115 0.0109 0.2652 
0.3231 0.0567 0.0515 0.5687 
0.1242 0.0385 0.8300 0.0073 
0.0249 0.0140 0.9445 0.0165 
0.2130 0.2974 0.2608 0.2288 
0.2656 0.3705 0.1917 0.1722 
0.4098 0.1180 0.2345 0.2378 
0.1906 0.2003 0.2151 0.3940 

MOTIF filter2 
letter-probability matrix: alength= 4 w= 19 nsites= 19 
0.3249 0.2128 0.1170 0.3453 
0.2778 0.1752 0.2677 0.2793 
0.1664 0.3476 0.1500 0.3360 
0.0959 0.3550 0.3605 0.1886 
0.3594 0.2484 0.2759 0.1163 
0.4028 0.1304 0.2447 0.2222 
0.0459 0.7999 0.0762 0.0780 
0.0174 0.7252 0.0972 0.1602 
0.4507 0.0750 0.2991 0.1753 
0.9614 0.0063 0.0250 0.0072 
0.0038 0.0348 0.0229 0.9386 
0.1263 0.2561 0.0891 0.5285 
0.2894 0.0605 0.6378 0.0122 
0.0699 0.0953 0.7627 0.0720 
0.2678 0.2574 0.2059 0.2689 
0.0983 0.2981 0.2283 0.3753 
0.1915 0.2282 0.3677 0.2125 
0.1909 0.2072 0.2479 0.3541 
0.2909 0.2300 0.2862 0.1929 

MOTIF filter3 
letter-probability matrix: alength= 4 w= 19 nsites= 19 
0.7630 0.0197 0.1281 0.0892 
0.0146 0.3398 0.0272 0.6184 
0.0745 0.1222 0.7843 0.0190 
0.0431 0.0427 0.8697 0.0445 
0.0499 0.9399 0.0072 0.0030 
0.0171 0.1083 0.8408 0.0338 
0.0422 0.1401 0.7717 0.0461 
0.0871 0.7861 0.0709 0.0559 
0.2525 0.2714 0.3531 0.1230 
0.4050 0.1598 0.2901 0.1451 
0.1621 0.5180 0.2105 0.1095 
0.1019 0.2532 0.5743 0.0706 
0.1730 0.2652 0.4424 0.1193 
0.3579 0.2340 0.1913 0.2168 
0.2949 0.4566 0.1265 0.1220 
0.2030 0.1443 0.5196 0.1330 
0.4198 0.2587 0.1106 0.2109 
0.2039 0.1553 0.4716 0.1691 
0.3123 0.1612 0.2894 0.2371 

MOTIF filter4 
letter-probability matrix: alength= 4 w= 19 nsites= 19 
0.2633 0.2709 0.2139 0.2520 
0.2673 0.2676 0.2637 0.2015 
0.2472 0.2602 0.3027 0.1900 
0.2714 0.2665 0.2202 0.2419 
0.2632 0.2234 0.3017 0.2116 
0.1575 0.3030 0.2738 0.2657 
0.2344 0.3266 0.1551 0.2840 
0.5655 0.0961 0.2471 0.0913 
0.0347 0.5817 0.1583 0.2253 
0.0912 0.0159 0.0366 0.8562 
0.0465 0.0075 0.0088 0.9371 
0.0342 0.8911 0.0179 0.0569 
0.0092 0.9473 0.0208 0.0226 
0.0262 0.0304 0.8246 0.1188 
0.0998 0.2173 0.5769 0.1060 
0.0815 0.3058 0.2057 0.4070 
0.2051 0.1993 0.3191 0.2764 
0.2490 0.2419 0.2198 0.2893 
0.2899 0.2508 0.2792 0.1801 

MOTIF filter5 
letter-probability matrix: alength= 4 w= 19 nsites= 19 
0.2140 0.2915 0.2558 0.2387 
0.2296 0.3461 0.1580 0.2664 
0.3825 0.1580 0.2549 0.2047 
0.1947 0.2131 0.4014 0.1909 
0.0491 0.5452 0.0456 0.3601 
0.0885 0.5158 0.2720 0.1237 
0.9010 0.0127 0.0240 0.0623 
0.5319 0.0235 0.0247 0.4199 
0.0105 0.0112 0.0077 0.9707 
0.1323 0.3544 0.4468 0.0665 
0.4087 0.0731 0.4822 0.0361 
0.2749 0.3374 0.1322 0.2555 
0.2824 0.2386 0.1598 0.3191 
0.2940 0.1443 0.3938 0.1678 
0.2875 0.2525 0.2333 0.2267 
0.2832 0.2408 0.2788 0.1972 
0.2313 0.2367 0.3094 0.2226 
0.3419 0.2252 0.2087 0.2242 
0.2498 0.2422 0.2488 0.2592 

MOTIF filter6 
letter-probability matrix: alength= 4 w= 19 nsites= 19 
0.3374 0.2765 0.2389 0.1472 
0.2506 0.2847 0.2618 0.2029 
0.1928 0.2328 0.2952 0.2792 
0.2034 0.2463 0.2893 0.2611 
0.2602 0.2451 0.2621 0.2326 
0.1665 0.2573 0.3031 0.2731 
0.1598 0.3534 0.1659 0.3208 
0.3932 0.1537 0.0926 0.3604 
0.1482 0.1187 0.0998 0.6333 
0.2047 0.1000 0.0974 0.5979 
0.0956 0.1804 0.5223 0.2018 
0.2289 0.0764 0.5723 0.1224 
0.6835 0.1398 0.0390 0.1376 
0.9350 0.0030 0.0087 0.0533 
0.0519 0.0070 0.0108 0.9304 
0.1376 0.0596 0.3282 0.4746 
0.1433 0.6481 0.0402 0.1684 
0.3414 0.3644 0.1547 0.1394 
0.5941 0.1189 0.1264 0.1606 

MOTIF filter7 
letter-probability matrix: alength= 4 w= 19 nsites= 19 
0.0939 0.3335 0.3621 0.2106 
0.5446 0.0336 0.2981 0.1236 
0.1877 0.5489 0.0674 0.1959 
0.2011 0.3851 0.2597 0.1540 
0.4921 0.1096 0.2993 0.0990 
0.0372 0.4538 0.2714 0.2376 
0.3165 0.1480 0.3699 0.1656 
0.1197 0.4430 0.1498 0.2875 
0.1617 0.3241 0.3637 0.1504 
0.3447 0.0751 0.3706 0.2095 
0.0868 0.6066 0.0542 0.2524 
0.0881 0.1368 0.7304 0.0447 
0.0700 0.5495 0.1875 0.1930 
0.6211 0.0330 0.1856 0.1602 
0.0142 0.9513 0.0046 0.0299 
0.0915 0.0039 0.8798 0.0248 
0.0592 0.7245 0.0108 0.2055 
0.0482 0.0295 0.8684 0.0539 
0.3727 0.0823 0.0966 0.4484 

MOTIF filter8 
letter-probability matrix: alength= 4 w= 19 nsites= 19 
0.2820 0.3601 0.0812 0.2766 
0.3444 0.1762 0.3277 0.1517 
0.3611 0.3599 0.0843 0.1948 
0.0227 0.2966 0.3743 0.3064 
0.5271 0.0423 0.1807 0.2499 
0.0245 0.2697 0.5875 0.1183 
0.0178 0.3251 0.1017 0.5554 
0.0756 0.0086 0.8805 0.0352 
0.0302 0.9044 0.0545 0.0110 
0.0182 0.9528 0.0265 0.0025 
0.6119 0.2261 0.1257 0.0363 
0.0229 0.7059 0.1599 0.1112 
0.0056 0.7263 0.0852 0.1828 
0.6440 0.0725 0.1032 0.1802 
0.0910 0.1085 0.7725 0.0280 
0.1225 0.0591 0.8067 0.0117 
0.0249 0.2020 0.1332 0.6399 
0.0059 0.0330 0.9415 0.0196 
0.0463 0.0071 0.8859 0.0606 

MOTIF filter9 
letter-probability matrix: alength= 4 w= 19 nsites= 19 
0.1768 0.1678 0.3004 0.3550 
0.1675 0.3438 0.3527 0.1361 
0.2310 0.2417 0.2803 0.2469 
0.1155 0.3428 0.3970 0.1447 
0.2803 0.3233 0.1906 0.2058 
0.2959 0.1777 0.3785 0.1478 
0.1472 0.4163 0.1492 0.2872 
0.2274 0.1506 0.5639 0.0580 
0.1368 0.3915 0.1310 0.3408 
0.3656 0.3585 0.2030 0.0729 
0.1794 0.3183 0.0181 0.4842 
0.0324 0.0878 0.8056 0.0743 
0.0248 0.0162 0.0188 0.9402 
0.2316 0.1878 0.5079 0.0727 
0.0317 0.5757 0.2488 0.1437 
0.9643 0.0128 0.0063 0.0167 
0.0193 0.8889 0.0823 0.0095 
0.3629 0.0984 0.1203 0.4184 
0.2169 0.1826 0.4122 0.1884 

MOTIF filter10 
letter-probability matrix: alength= 4 w= 19 nsites= 19 
0.2210 0.2756 0.2215 0.2818 
0.2384 0.2780 0.2522 0.2314 
0.2671 0.2517 0.2486 0.2327 
0.2814 0.1924 0.3034 0.2229 
0.2458 0.2170 0.3226 0.2146 
0.2136 0.1377 0.2924 0.3563 
0.5631 0.1514 0.2634 0.0221 
0.0193 0.0112 0.0133 0.9561 
0.0158 0.0221 0.1700 0.7921 
0.2833 0.0106 0.5338 0.1722 
0.0347 0.7887 0.0348 0.1418 
0.1304 0.0291 0.8123 0.0282 
0.1475 0.5650 0.0132 0.2743 
0.7521 0.2075 0.0162 0.0241 
0.9705 0.0082 0.0125 0.0088 
0.0309 0.2863 0.1411 0.5417 
0.3768 0.3070 0.1297 0.1864 
0.2111 0.2848 0.2719 0.2322 
0.2243 0.3037 0.1906 0.2814 

MOTIF filter11 
letter-probability matrix: alength= 4 w= 19 nsites= 19 
0.2831 0.0842 0.4348 0.1979 
0.1654 0.1523 0.4430 0.2393 
0.1097 0.0167 0.6361 0.2375 
0.1034 0.0137 0.8715 0.0113 
0.2049 0.0617 0.6553 0.0781 
0.0476 0.0238 0.7106 0.2181 
0.0842 0.2039 0.5422 0.1697 
0.0789 0.0193 0.8840 0.0178 
0.3409 0.0379 0.4253 0.1959 
0.1717 0.0259 0.7105 0.0919 
0.1659 0.1162 0.6947 0.0233 
0.0985 0.4235 0.3327 0.1453 
0.2080 0.1688 0.1472 0.4760 
0.4594 0.0847 0.1665 0.2894 
0.2996 0.0794 0.4085 0.2124 
0.1176 0.1820 0.3243 0.3761 
0.1532 0.2255 0.2950 0.3263 
0.5861 0.1712 0.1450 0.0977 
0.1888 0.4714 0.2752 0.0646 

MOTIF filter12 
letter-probability matrix: alength= 4 w= 19 nsites= 19 
0.3530 0.1558 0.1941 0.2971 
0.4808 0.0839 0.1295 0.3058 
0.4120 0.0408 0.0873 0.4598 
0.4431 0.0399 0.0788 0.4383 
0.3045 0.1414 0.1800 0.3741 
0.0798 0.2303 0.0197 0.6702 
0.0189 0.0254 0.9480 0.0078 
0.1020 0.8606 0.0057 0.0317 
0.0130 0.3614 0.0177 0.6079 
0.0466 0.0150 0.8361 0.1023 
0.9167 0.0278 0.0183 0.0372 
0.0571 0.5740 0.2043 0.1646 
0.1475 0.2021 0.2164 0.4340 
0.1776 0.3647 0.1454 0.3123 
0.3248 0.1879 0.3141 0.1733 
0.1974 0.0806 0.5477 0.1742 
0.1012 0.5206 0.2598 0.1183 
0.3855 0.2738 0.1925 0.1482 
0.3947 0.1176 0.1777 0.3101 

MOTIF filter13 
letter-probability matrix: alength= 4 w= 19 nsites= 19 
0.1986 0.2464 0.2118 0.3432 
0.3219 0.1976 0.2542 0.2263 
0.2485 0.2419 0.2472 0.2624 
0.2632 0.3025 0.2625 0.1718 
0.2686 0.2895 0.1545 0.2874 
0.2505 0.2623 0.2129 0.2744 
0.2053 0.3553 0.2182 0.2212 
0.3483 0.1735 0.1527 0.3256 
0.3744 0.1169 0.3045 0.2042 
0.4520 0.0597 0.2456 0.2427 
0.3477 0.0530 0.4780 0.1213 
0.0211 0.3256 0.0184 0.6349 
0.5659 0.2415 0.0311 0.1615 
0.8202 0.1427 0.0116 0.0255 
0.8755 0.0391 0.0309 0.0545 
0.0099 0.3785 0.0157 0.5960 
0.8374 0.0612 0.0301 0.0712 
0.3255 0.1865 0.2084 0.2797 
0.3183 0.1351 0.2041 0.3425 

MOTIF filter14 
letter-probability matrix: alength= 4 w= 19 nsites= 19 
0.2340 0.2593 0.2591 0.2476 
0.2327 0.2720 0.2770 0.2184 
0.2699 0.2263 0.3082 0.1957 
0.2091 0.2036 0.3426 0.2448 
0.2306 0.3845 0.2124 0.1725 
0.1921 0.4297 0.2224 0.1558 
0.3967 0.0558 0.4234 0.1241 
0.4062 0.4311 0.0444 0.1183 
0.2382 0.4350 0.2172 0.1096 
0.9736 0.0078 0.0097 0.0089 
0.0183 0.0153 0.0190 0.9474 
0.0993 0.1795 0.4702 0.2509 
0.1312 0.0471 0.4628 0.3590 
0.0979 0.4330 0.0311 0.4380 
0.1226 0.1927 0.4740 0.2107 
0.1645 0.2072 0.4325 0.1958 
0.2917 0.3497 0.1385 0.2201 
0.2409 0.3021 0.2111 0.2459 
0.2117 0.2417 0.3045 0.2420 

MOTIF filter15 
letter-probability matrix: alength= 4 w= 19 nsites= 19 
0.2175 0.3547 0.3178 0.1100 
0.0180 0.6646 0.0645 0.2529 
0.6258 0.1791 0.1346 0.0605 
0.4159 0.0804 0.2952 0.2085 
0.5478 0.1470 0.1111 0.1940 
0.0088 0.0184 0.9671 0.0057 
0.0247 0.0459 0.3412 0.5883 
0.0827 0.2285 0.3209 0.3679 
0.0374 0.6780 0.1217 0.1629 
0.7069 0.1445 0.1020 0.0466 
0.2132 0.4378 0.1753 0.1737 
0.3221 0.1174 0.2767 0.2838 
0.1742 0.2534 0.2398 0.3325 
0.2895 0.1059 0.2584 0.3462 
0.1547 0.3162 0.2939 0.2353 
0.2918 0.2243 0.2783 0.2057 
0.2226 0.2610 0.2220 0.2944 
0.2287 0.3453 0.2353 0.1908 
0.2438 0.2890 0.2514 0.2157 

MOTIF filter16 
letter-probability matrix: alength= 4 w= 19 nsites= 19 
0.3050 0.1257 0.2760 0.2932 
0.1712 0.0743 0.3527 0.4019 
0.1415 0.6252 0.0914 0.1419 
0.1264 0.0841 0.0724 0.7171 
0.8690 0.0357 0.0214 0.0739 
0.3692 0.0330 0.0700 0.5278 
0.4588 0.0177 0.0242 0.4993 
0.5845 0.0482 0.0088 0.3585 
0.5970 0.0529 0.0045 0.3456 
0.0420 0.0169 0.0214 0.9197 
0.7382 0.0383 0.0439 0.1796 
0.3057 0.0546 0.5176 0.1221 
0.5009 0.2765 0.0733 0.1493 
0.1975 0.2699 0.1062 0.4264 
0.1948 0.3171 0.1727 0.3154 
0.2711 0.2514 0.2446 0.2328 
0.2333 0.1674 0.2315 0.3678 
0.2116 0.1995 0.2807 0.3082 
0.2746 0.2530 0.2553 0.2171 

MOTIF filter17 
letter-probability matrix: alength= 4 w= 19 nsites= 19 
0.4119 0.2354 0.2112 0.1414 
0.8695 0.0203 0.0666 0.0436 
0.7525 0.0257 0.0592 0.1626 
0.1174 0.3538 0.1860 0.3429 
0.0715 0.6083 0.3131 0.0071 
0.0036 0.2336 0.7484 0.0145 
0.1118 0.5340 0.3327 0.0216 
0.1523 0.0849 0.5926 0.1702 
0.1019 0.2675 0.0850 0.5456 
0.1724 0.3197 0.0478 0.4601 
0.0896 0.6728 0.1950 0.0426 
0.0257 0.4564 0.4866 0.0313 
0.0770 0.2481 0.5759 0.0990 
0.3511 0.1897 0.3773 0.0819 
0.5170 0.1622 0.1881 0.1328 
0.1851 0.2749 0.2010 0.3390 
0.0684 0.1953 0.5413 0.1950 
0.0719 0.3319 0.2553 0.3409 
0.1562 0.2901 0.3508 0.2028 

MOTIF filter18 
letter-probability matrix: alength= 4 w= 19 nsites= 19 
0.2380 0.2118 0.2664 0.2838 
0.1591 0.2397 0.3201 0.2810 
0.3675 0.2279 0.1264 0.2782 
0.4969 0.0830 0.1100 0.3101 
0.2759 0.0993 0.0962 0.5286 
0.0471 0.0384 0.0312 0.8833 
0.6951 0.0049 0.2966 0.0034 
0.0436 0.0163 0.0047 0.9354 
0.0200 0.0069 0.0422 0.9309 
0.1252 0.0082 0.3256 0.5410 
0.6747 0.0243 0.2872 0.0138 
0.1628 0.4836 0.0268 0.3269 
0.1462 0.3226 0.0891 0.4422 
0.1760 0.2816 0.1739 0.3685 
0.4065 0.0841 0.2247 0.2847 
0.2883 0.2352 0.2750 0.2015 
0.1719 0.3537 0.2817 0.1927 
0.2287 0.1862 0.3208 0.2643 
0.1989 0.1958 0.2541 0.3512 

MOTIF filter19 
letter-probability matrix: alength= 4 w= 19 nsites= 19 
0.2407 0.2980 0.2323 0.2290 
0.2258 0.3911 0.1975 0.1856 
0.2663 0.2326 0.2181 0.2830 
0.2418 0.3107 0.2363 0.2112 
0.2511 0.1451 0.4228 0.1811 
0.1393 0.0374 0.7433 0.0800 
0.4131 0.0531 0.2737 0.2601 
0.0567 0.1401 0.0650 0.7381 
0.0066 0.7486 0.0354 0.2095 
0.7009 0.0165 0.2413 0.0413 
0.8274 0.0282 0.0565 0.0879 
0.5685 0.0583 0.0897 0.2835 
0.1241 0.3005 0.4412 0.1342 
0.2879 0.1242 0.2263 0.3616 
0.1869 0.2440 0.1546 0.4144 
0.1376 0.4283 0.1099 0.3243 
0.4105 0.1798 0.2225 0.1872 
0.3331 0.1581 0.2087 0.3001 
0.1381 0.3736 0.2351 0.2533 

MOTIF filter20 
letter-probability matrix: alength= 4 w= 19 nsites= 19 
0.2317 0.2564 0.2683 0.2436 
0.2314 0.2414 0.2507 0.2765 
0.2722 0.2869 0.2390 0.2019 
0.1991 0.3055 0.2699 0.2255 
0.3102 0.2870 0.2264 0.1763 
0.2120 0.2241 0.2308 0.3330 
0.2700 0.2952 0.2612 0.1735 
0.3334 0.0942 0.4401 0.1322 
0.2339 0.3608 0.2082 0.1971 
0.0289 0.8873 0.0416 0.0422 
0.8462 0.0208 0.0944 0.0386 
0.0037 0.8535 0.0034 0.1394 
0.1676 0.0050 0.8152 0.0122 
0.0520 0.0411 0.0082 0.8987 
0.0283 0.0221 0.9360 0.0136 
0.1591 0.2289 0.4111 0.2009 
0.1144 0.3561 0.1754 0.3541 
0.2240 0.2920 0.1933 0.2907 
0.2122 0.2848 0.2623 0.2407 

MOTIF filter21 
letter-probability matrix: alength= 4 w= 19 nsites= 19 
0.2433 0.2270 0.2932 0.2364 
0.1538 0.2746 0.3830 0.1885 
0.1703 0.1738 0.4250 0.2309 
0.4687 0.1324 0.3127 0.0862 
0.0294 0.0290 0.0055 0.9361 
0.0437 0.0069 0.7665 0.1829 
0.9067 0.0597 0.0192 0.0144 
0.1032 0.4181 0.3973 0.0814 
0.0227 0.0254 0.0373 0.9145 
0.1116 0.8381 0.0058 0.0444 
0.9104 0.0063 0.0529 0.0304 
0.0882 0.3407 0.1314 0.4396 
0.2151 0.3265 0.2029 0.2555 
0.1957 0.2845 0.3292 0.1906 
0.1904 0.3200 0.2791 0.2105 
0.2380 0.2466 0.2377 0.2777 
0.2148 0.2594 0.3262 0.1996 
0.2656 0.2629 0.2815 0.1900 
0.2611 0.2432 0.2392 0.2565 

MOTIF filter22 
letter-probability matrix: alength= 4 w= 19 nsites= 19 
0.1147 0.5403 0.1302 0.2149 
0.0756 0.8613 0.0310 0.0322 
0.0273 0.6984 0.0314 0.2429 
0.1266 0.4405 0.1035 0.3294 
0.2583 0.2986 0.1689 0.2742 
0.1908 0.3080 0.3588 0.1424 
0.1385 0.2528 0.1412 0.4676 
0.2962 0.2677 0.0229 0.4132 
0.3520 0.2514 0.0948 0.3018 
0.1216 0.3549 0.3302 0.1934 
0.0841 0.4240 0.3625 0.1295 
0.1831 0.3254 0.1506 0.3409 
0.4870 0.1173 0.2135 0.1821 
0.2736 0.2562 0.3995 0.0707 
0.2719 0.0552 0.5697 0.1032 
0.1593 0.3059 0.4912 0.0436 
0.4570 0.3291 0.2041 0.0097 
0.2586 0.2408 0.2006 0.3000 
0.0888 0.3860 0.1732 0.3521 

MOTIF filter23 
letter-probability matrix: alength= 4 w= 19 nsites= 19 
0.3082 0.2697 0.2365 0.1857 
0.2109 0.2383 0.2518 0.2990 
0.1302 0.3638 0.2425 0.2636 
0.2982 0.1293 0.5093 0.0632 
0.4338 0.0798 0.3453 0.1411 
0.0223 0.9492 0.0168 0.0117 
0.0567 0.8677 0.0549 0.0207 
0.7933 0.0182 0.0757 0.1128 
0.8343 0.0438 0.1021 0.0197 
0.0398 0.1309 0.0340 0.7953 
0.2092 0.4152 0.2821 0.0934 
0.5304 0.1900 0.2038 0.0758 
0.2660 0.2284 0.3449 0.1607 
0.3332 0.2324 0.3282 0.1062 
0.3433 0.1234 0.2950 0.2383 
0.2013 0.2703 0.2471 0.2813 
0.1524 0.3283 0.2738 0.2456 
0.3007 0.2529 0.2705 0.1758 
0.3363 0.2128 0.2133 0.2375 

MOTIF filter24 
letter-probability matrix: alength= 4 w= 19 nsites= 19 
0.0909 0.3040 0.0924 0.5127 
0.0605 0.7558 0.0697 0.1140 
0.0061 0.7808 0.1293 0.0838 
0.0383 0.4144 0.4996 0.0477 
0.0956 0.4889 0.3208 0.0948 
0.0900 0.4223 0.2445 0.2432 
0.0176 0.5425 0.2924 0.1475 
0.0751 0.4578 0.4392 0.0279 
0.0908 0.4517 0.4132 0.0444 
0.4420 0.2394 0.0721 0.2466 
0.0675 0.2211 0.0358 0.6756 
0.0797 0.3264 0.2556 0.3383 
0.0609 0.2746 0.1700 0.4945 
0.1110 0.4442 0.1167 0.3282 
0.7203 0.0254 0.0350 0.2192 
0.1437 0.0409 0.0071 0.8083 
0.2721 0.0357 0.0370 0.6552 
0.0079 0.2568 0.6044 0.1309 
0.1131 0.0975 0.7294 0.0600 

MOTIF filter25 
letter-probability matrix: alength= 4 w= 19 nsites= 19 
0.1879 0.2912 0.2962 0.2247 
0.2576 0.1785 0.3848 0.1790 
0.3031 0.2417 0.2085 0.2466 
0.2493 0.2959 0.1454 0.3095 
0.1124 0.2721 0.2089 0.4066 
0.2575 0.3396 0.1974 0.2055 
0.0861 0.2590 0.1926 0.4623 
0.0692 0.2399 0.4819 0.2090 
0.8075 0.0153 0.1401 0.0371 
0.0157 0.0790 0.0489 0.8565 
0.1617 0.0260 0.0167 0.7956 
0.0151 0.0317 0.9322 0.0210 
0.0102 0.0262 0.9495 0.0141 
0.1246 0.2887 0.1149 0.4718 
0.0803 0.4029 0.1789 0.3379 
0.1721 0.2742 0.4020 0.1517 
0.3501 0.1732 0.3552 0.1215 
0.2401 0.2487 0.2135 0.2977 
0.2857 0.2268 0.2271 0.2604 

MOTIF filter26 
letter-probability matrix: alength= 4 w= 19 nsites= 19 
0.4153 0.1783 0.3465 0.0599 
0.0141 0.0523 0.0074 0.9263 
0.0338 0.0275 0.8755 0.0632 
0.9573 0.0115 0.0104 0.0209 
0.0315 0.4715 0.4537 0.0433 
0.0301 0.0149 0.0061 0.9489 
0.0570 0.8938 0.0162 0.0330 
0.9558 0.0060 0.0319 0.0063 
0.0348 0.3801 0.1611 0.4240 
0.2282 0.3330 0.2017 0.2371 
0.2745 0.3168 0.2294 0.1794 
0.2387 0.2900 0.2063 0.2651 
0.1758 0.2793 0.2736 0.2713 
0.1882 0.3038 0.3245 0.1835 
0.2355 0.2595 0.2619 0.2430 
0.2249 0.2935 0.2695 0.2120 
0.2043 0.3009 0.2847 0.2101 
0.2998 0.2635 0.2278 0.2089 
0.2528 0.2310 0.2857 0.2305 

MOTIF filter27 
letter-probability matrix: alength= 4 w= 19 nsites= 19 
0.4216 0.0773 0.1846 0.3164 
0.4209 0.0729 0.0789 0.4272 
0.3315 0.1253 0.1021 0.4412 
0.2703 0.2095 0.1367 0.3834 
0.1692 0.2092 0.3075 0.3140 
0.0883 0.2384 0.5867 0.0866 
0.1450 0.6060 0.0793 0.1697 
0.1752 0.3088 0.1653 0.3506 
0.2729 0.1050 0.3923 0.2298 
0.4516 0.2115 0.1522 0.1847 
0.1567 0.2475 0.5459 0.0499 
0.0508 0.0315 0.0154 0.9022 
0.0994 0.8452 0.0185 0.0369 
0.7258 0.0213 0.2056 0.0473 
0.0237 0.0045 0.8583 0.1135 
0.0058 0.9590 0.0226 0.0125 
0.6169 0.0107 0.2996 0.0727 
0.3791 0.1619 0.1250 0.3339 
0.4500 0.0631 0.0361 0.4509 

MOTIF filter28 
letter-probability matrix: alength= 4 w= 19 nsites= 19 
0.2589 0.2335 0.2819 0.2257 
0.2338 0.2007 0.2584 0.3071 
0.2217 0.2458 0.2171 0.3155 
0.0932 0.2089 0.0859 0.6119 
0.1283 0.0406 0.7307 0.1004 
0.4493 0.0437 0.4435 0.0635 
0.6679 0.1973 0.0779 0.0569 
0.0153 0.9620 0.0090 0.0138 
0.2754 0.1542 0.0173 0.5531 
0.0568 0.0659 0.0320 0.8453 
0.0243 0.1818 0.0218 0.7721 
0.0786 0.0151 0.8943 0.0119 
0.6172 0.1175 0.1930 0.0723 
0.3443 0.2417 0.0635 0.3505 
0.0830 0.7578 0.0899 0.0694 
0.1139 0.4281 0.0517 0.4062 
0.1605 0.3523 0.2073 0.2800 
0.1926 0.1943 0.3058 0.3073 
0.2118 0.2776 0.2971 0.2136 

MOTIF filter29 
letter-probability matrix: alength= 4 w= 19 nsites= 19 
0.1835 0.1531 0.4308 0.2326 
0.3275 0.0771 0.4432 0.1522 
0.0864 0.3600 0.3226 0.2309 
0.0472 0.7787 0.1036 0.0704 
0.0103 0.0029 0.9543 0.0324 
0.1173 0.7494 0.0293 0.1040 
0.0424 0.8273 0.0828 0.0475 
0.4075 0.0684 0.4814 0.0427 
0.1070 0.1854 0.0201 0.6874 
0.3744 0.2695 0.1373 0.2187 
0.1449 0.0993 0.0842 0.6716 
0.3624 0.0839 0.2118 0.3419 
0.3560 0.2117 0.3038 0.1285 
0.1876 0.2903 0.1301 0.3921 
0.1889 0.1315 0.5872 0.0924 
0.1808 0.2118 0.4033 0.2041 
0.1423 0.4735 0.1583 0.2259 
0.1989 0.3282 0.3213 0.1516 
0.2437 0.2120 0.2662 0.2781 

