MEME version 4

ALPHABET= ACGT

Background letter frequencies:
A 0.2500 C 0.2500 G 0.2500 T 0.2500 

MOTIF filter0 
letter-probability matrix: alength= 4 w= 19 nsites= 19 
0.1883 0.2610 0.3213 0.2294 
0.2751 0.2566 0.2594 0.2089 
0.2327 0.3176 0.2130 0.2367 
0.2381 0.3789 0.2228 0.1601 
0.3542 0.1943 0.2307 0.2207 
0.2819 0.2735 0.2632 0.1815 
0.2210 0.1853 0.1574 0.4363 
0.3869 0.2243 0.1226 0.2663 
0.2700 0.1569 0.2909 0.2823 
0.4140 0.1534 0.2790 0.1537 
0.1268 0.3742 0.2812 0.2178 
0.1529 0.2728 0.4331 0.1412 
0.1065 0.1835 0.6183 0.0916 
0.0352 0.9411 0.0046 0.0191 
0.0257 0.0066 0.9607 0.0071 
0.0877 0.7456 0.1212 0.0455 
0.1343 0.3187 0.3527 0.1943 
0.2961 0.2881 0.2586 0.1572 
0.2003 0.2807 0.1857 0.3333 

MOTIF filter1 
letter-probability matrix: alength= 4 w= 19 nsites= 19 
0.4994 0.0646 0.1555 0.2805 
0.5103 0.0459 0.0752 0.3686 
0.3889 0.1174 0.0814 0.4123 
0.2091 0.2063 0.1369 0.4478 
0.1169 0.1587 0.3639 0.3604 
0.0930 0.1983 0.6297 0.0790 
0.0969 0.5973 0.0837 0.2222 
0.2596 0.2715 0.2062 0.2627 
0.3563 0.1886 0.2328 0.2224 
0.2737 0.3242 0.2141 0.1880 
0.1139 0.1500 0.6982 0.0380 
0.0132 0.0174 0.0105 0.9589 
0.0740 0.9025 0.0057 0.0178 
0.8481 0.0134 0.1281 0.0103 
0.0083 0.0191 0.8176 0.1551 
0.0067 0.9452 0.0313 0.0169 
0.6249 0.0251 0.2784 0.0716 
0.3522 0.1513 0.1573 0.3392 
0.4190 0.0780 0.0929 0.4101 

MOTIF filter2 
letter-probability matrix: alength= 4 w= 19 nsites= 19 
0.2230 0.2790 0.2492 0.2487 
0.2670 0.2080 0.2530 0.2720 
0.2385 0.2523 0.2308 0.2784 
0.2912 0.1651 0.3579 0.1859 
0.2797 0.1202 0.5093 0.0908 
0.1285 0.2330 0.1606 0.4779 
0.0091 0.9568 0.0083 0.0258 
0.9428 0.0085 0.0415 0.0073 
0.0124 0.7570 0.0210 0.2097 
0.2120 0.0223 0.7522 0.0135 
0.0465 0.0482 0.0088 0.8965 
0.0244 0.0086 0.9573 0.0097 
0.4183 0.1674 0.2715 0.1428 
0.1183 0.4807 0.1290 0.2720 
0.1304 0.4207 0.2023 0.2466 
0.2713 0.2606 0.2469 0.2213 
0.2780 0.2793 0.2187 0.2240 
0.2009 0.2481 0.3109 0.2400 
0.1637 0.3427 0.2167 0.2769 

MOTIF filter3 
letter-probability matrix: alength= 4 w= 19 nsites= 19 
0.2130 0.3183 0.2233 0.2454 
0.2028 0.3053 0.2619 0.2300 
0.2150 0.2727 0.2804 0.2320 
0.2224 0.2894 0.2474 0.2408 
0.2527 0.2904 0.2634 0.1935 
0.2496 0.2598 0.2794 0.2113 
0.2608 0.2552 0.2870 0.1969 
0.2594 0.2346 0.3014 0.2045 
0.2676 0.2722 0.2761 0.1841 
0.2612 0.2489 0.3898 0.1000 
0.1026 0.7966 0.0440 0.0569 
0.9555 0.0139 0.0163 0.0143 
0.0419 0.6159 0.0413 0.3010 
0.1677 0.0375 0.7546 0.0402 
0.1181 0.5237 0.0628 0.2954 
0.1102 0.1311 0.5481 0.2106 
0.1898 0.2614 0.3235 0.2254 
0.1658 0.2779 0.2645 0.2918 
0.2589 0.2873 0.2438 0.2099 

MOTIF filter4 
letter-probability matrix: alength= 4 w= 19 nsites= 19 
0.1239 0.2815 0.1280 0.4666 
0.1390 0.1382 0.6504 0.0725 
0.3466 0.5072 0.1158 0.0304 
0.0342 0.2557 0.0067 0.7034 
0.0517 0.0215 0.8389 0.0880 
0.9170 0.0191 0.0263 0.0377 
0.0615 0.6192 0.2126 0.1067 
0.1628 0.1180 0.1348 0.5844 
0.1684 0.5550 0.0821 0.1945 
0.4518 0.0678 0.3094 0.1711 
0.0562 0.0025 0.9085 0.0328 
0.0035 0.9501 0.0275 0.0189 
0.6734 0.0200 0.2214 0.0852 
0.3719 0.1543 0.2122 0.2616 
0.4172 0.0675 0.0749 0.4403 
0.3640 0.0585 0.0392 0.5383 
0.2375 0.1458 0.0601 0.5566 
0.2131 0.2138 0.1441 0.4290 
0.2082 0.2577 0.2490 0.2851 

MOTIF filter5 
letter-probability matrix: alength= 4 w= 19 nsites= 19 
0.2710 0.1690 0.2174 0.3427 
0.3142 0.1515 0.1673 0.3670 
0.3354 0.1476 0.1545 0.3624 
0.2878 0.1663 0.1538 0.3920 
0.3063 0.2404 0.1614 0.2918 
0.3182 0.1740 0.2051 0.3027 
0.3205 0.1575 0.1952 0.3268 
0.3889 0.1523 0.1527 0.3061 
0.3450 0.1039 0.1366 0.4145 
0.4497 0.1458 0.1402 0.2642 
0.3895 0.0874 0.1058 0.4173 
0.6377 0.0408 0.0144 0.3071 
0.4538 0.0070 0.0205 0.5188 
0.1100 0.0426 0.0246 0.8227 
0.5744 0.0286 0.0608 0.3362 
0.8218 0.0134 0.0756 0.0892 
0.1087 0.0185 0.0586 0.8141 
0.5829 0.0137 0.0530 0.3504 
0.2030 0.2268 0.1410 0.4292 

MOTIF filter6 
letter-probability matrix: alength= 4 w= 19 nsites= 19 
0.2400 0.2832 0.2569 0.2199 
0.2361 0.2760 0.2486 0.2393 
0.2597 0.2402 0.2752 0.2250 
0.2690 0.2312 0.2999 0.1999 
0.2320 0.2578 0.2706 0.2396 
0.1964 0.1743 0.3070 0.3223 
0.4417 0.1666 0.3446 0.0472 
0.0125 0.0252 0.0124 0.9499 
0.0123 0.0138 0.1613 0.8126 
0.3159 0.0131 0.5213 0.1497 
0.0552 0.7510 0.0513 0.1424 
0.0825 0.0388 0.8401 0.0386 
0.0983 0.6985 0.0116 0.1916 
0.9308 0.0494 0.0105 0.0093 
0.9737 0.0057 0.0146 0.0060 
0.0413 0.3134 0.1635 0.4818 
0.3415 0.2965 0.1761 0.1858 
0.2444 0.2894 0.2498 0.2164 
0.2020 0.2947 0.2399 0.2634 

MOTIF filter7 
letter-probability matrix: alength= 4 w= 19 nsites= 19 
0.2474 0.2971 0.2358 0.2197 
0.2334 0.2909 0.2699 0.2058 
0.2738 0.2215 0.2309 0.2739 
0.2497 0.2324 0.2413 0.2766 
0.2150 0.3358 0.2223 0.2270 
0.2243 0.3488 0.1811 0.2458 
0.6101 0.0668 0.2102 0.1129 
0.5202 0.1858 0.0820 0.2120 
0.4325 0.1709 0.2123 0.1843 
0.9552 0.0076 0.0222 0.0150 
0.0085 0.0182 0.0151 0.9582 
0.0149 0.0287 0.9408 0.0157 
0.0305 0.0247 0.8764 0.0685 
0.1289 0.7460 0.0325 0.0925 
0.0748 0.2172 0.5367 0.1713 
0.1569 0.1507 0.5254 0.1669 
0.1993 0.5048 0.1193 0.1766 
0.1609 0.4377 0.2148 0.1865 
0.2022 0.2630 0.3009 0.2339 

MOTIF filter8 
letter-probability matrix: alength= 4 w= 19 nsites= 19 
0.3176 0.1550 0.3012 0.2262 
0.1386 0.2822 0.3133 0.2659 
0.0964 0.4705 0.1601 0.2730 
0.2082 0.0429 0.6093 0.1395 
0.1062 0.7919 0.0358 0.0661 
0.0176 0.9665 0.0079 0.0081 
0.4905 0.2669 0.1885 0.0541 
0.0520 0.5585 0.1254 0.2641 
0.0815 0.6237 0.0517 0.2431 
0.4223 0.0626 0.0542 0.4609 
0.2679 0.0409 0.6060 0.0853 
0.2117 0.1671 0.5693 0.0518 
0.0602 0.1877 0.2591 0.4929 
0.0081 0.0117 0.9612 0.0190 
0.0781 0.0351 0.7756 0.1112 
0.1640 0.5657 0.0593 0.2109 
0.2991 0.1831 0.4059 0.1119 
0.2892 0.2655 0.2929 0.1524 
0.2143 0.3029 0.1475 0.3354 

MOTIF filter9 
letter-probability matrix: alength= 4 w= 19 nsites= 19 
0.2257 0.2750 0.2741 0.2253 
0.1580 0.3692 0.2095 0.2632 
0.2403 0.1872 0.3799 0.1926 
0.1725 0.3001 0.2890 0.2384 
0.1628 0.2444 0.4949 0.0979 
0.1409 0.6164 0.0430 0.1997 
0.0841 0.5978 0.2089 0.1092 
0.0878 0.0094 0.6321 0.2706 
0.0399 0.3640 0.4549 0.1413 
0.0122 0.9191 0.0172 0.0514 
0.0401 0.1560 0.7179 0.0861 
0.0853 0.1319 0.6924 0.0904 
0.1510 0.4296 0.0712 0.3482 
0.1189 0.1536 0.3261 0.4013 
0.4788 0.1016 0.2225 0.1971 
0.2768 0.1949 0.2958 0.2325 
0.2209 0.3982 0.2259 0.1550 
0.1932 0.3217 0.2577 0.2275 
0.2546 0.1125 0.5349 0.0980 

MOTIF filter10 
letter-probability matrix: alength= 4 w= 19 nsites= 19 
0.2184 0.3298 0.2647 0.1871 
0.1579 0.5318 0.1881 0.1223 
0.2525 0.2795 0.2817 0.1862 
0.2271 0.3495 0.2427 0.1807 
0.2315 0.2790 0.1762 0.3133 
0.2190 0.2528 0.3145 0.2137 
0.2601 0.2379 0.2930 0.2089 
0.2735 0.2840 0.2432 0.1993 
0.2458 0.3410 0.1493 0.2639 
0.1536 0.2312 0.2192 0.3960 
0.1498 0.4227 0.2171 0.2104 
0.0213 0.3997 0.1046 0.4744 
0.0943 0.2019 0.5618 0.1420 
0.9634 0.0035 0.0273 0.0058 
0.0162 0.0395 0.0129 0.9314 
0.0940 0.0123 0.0125 0.8812 
0.0102 0.0360 0.9337 0.0201 
0.0326 0.0084 0.9466 0.0123 
0.1587 0.3883 0.0799 0.3731 

MOTIF filter11 
letter-probability matrix: alength= 4 w= 19 nsites= 19 
0.2696 0.1921 0.3048 0.2336 
0.0456 0.5641 0.2220 0.1683 
0.2185 0.0871 0.5031 0.1913 
0.1385 0.0688 0.5095 0.2832 
0.1776 0.1977 0.6018 0.0229 
0.1116 0.1408 0.5131 0.2345 
0.0221 0.2594 0.3857 0.3329 
0.2378 0.0855 0.6386 0.0381 
0.0077 0.3736 0.3800 0.2387 
0.0301 0.1624 0.3610 0.4465 
0.2628 0.2021 0.3720 0.1631 
0.2946 0.1525 0.4957 0.0572 
0.0630 0.2014 0.0948 0.6408 
0.0296 0.0783 0.2860 0.6061 
0.0794 0.1178 0.6998 0.1030 
0.1380 0.1432 0.6514 0.0674 
0.3168 0.1252 0.2265 0.3315 
0.0251 0.4775 0.3324 0.1650 
0.0580 0.5930 0.1697 0.1793 

MOTIF filter12 
letter-probability matrix: alength= 4 w= 19 nsites= 19 
0.2207 0.2703 0.2782 0.2308 
0.2042 0.2990 0.3003 0.1965 
0.2024 0.2391 0.3937 0.1648 
0.1677 0.1145 0.5284 0.1893 
0.1603 0.5300 0.1631 0.1467 
0.1711 0.5262 0.2248 0.0778 
0.1048 0.0278 0.7408 0.1266 
0.0704 0.8771 0.0244 0.0280 
0.0207 0.9354 0.0301 0.0138 
0.9605 0.0133 0.0189 0.0073 
0.0118 0.0256 0.0072 0.9554 
0.1914 0.2336 0.1772 0.3978 
0.1988 0.0982 0.1761 0.5269 
0.1099 0.2395 0.0658 0.5849 
0.2115 0.1852 0.3686 0.2346 
0.2172 0.2172 0.3534 0.2122 
0.2563 0.2524 0.2389 0.2524 
0.2525 0.2422 0.2256 0.2797 
0.2368 0.2336 0.2876 0.2420 

MOTIF filter13 
letter-probability matrix: alength= 4 w= 19 nsites= 19 
0.0323 0.0276 0.0206 0.9194 
0.0151 0.0236 0.1067 0.8546 
0.2407 0.0072 0.6018 0.1503 
0.0106 0.9674 0.0044 0.0176 
0.3621 0.0425 0.5398 0.0556 
0.3296 0.0095 0.0330 0.6280 
0.0311 0.8760 0.0410 0.0519 
0.8997 0.0159 0.0711 0.0133 
0.0287 0.3499 0.1769 0.4444 
0.2705 0.3211 0.1635 0.2449 
0.2151 0.3124 0.2614 0.2111 
0.2219 0.2965 0.2155 0.2660 
0.2536 0.2523 0.2427 0.2513 
0.2055 0.2929 0.2781 0.2235 
0.2268 0.2468 0.2806 0.2457 
0.2206 0.2846 0.2833 0.2115 
0.2437 0.2685 0.2739 0.2140 
0.2562 0.2885 0.2457 0.2096 
0.2167 0.2581 0.2955 0.2297 

MOTIF filter14 
letter-probability matrix: alength= 4 w= 19 nsites= 19 
0.2101 0.3203 0.2830 0.1867 
0.2899 0.1327 0.3714 0.2061 
0.2037 0.3087 0.1724 0.3152 
0.2484 0.4976 0.1540 0.1000 
0.2503 0.0094 0.6002 0.1401 
0.0089 0.8845 0.0118 0.0948 
0.1418 0.0274 0.8066 0.0243 
0.0668 0.2379 0.0090 0.6863 
0.0183 0.1102 0.6890 0.1825 
0.2727 0.2356 0.2853 0.2063 
0.1517 0.4304 0.1251 0.2928 
0.2229 0.2567 0.2595 0.2609 
0.2791 0.2365 0.2365 0.2478 
0.2066 0.2352 0.3207 0.2375 
0.2341 0.3072 0.2476 0.2110 
0.2591 0.2058 0.2974 0.2376 
0.1939 0.3639 0.2237 0.2185 
0.1653 0.2870 0.3508 0.1968 
0.2662 0.1616 0.3643 0.2079 

MOTIF filter15 
letter-probability matrix: alength= 4 w= 19 nsites= 19 
0.1689 0.3731 0.1689 0.2891 
0.0976 0.3523 0.3735 0.1766 
0.4300 0.1544 0.3363 0.0793 
0.5574 0.0995 0.2246 0.1185 
0.0303 0.9460 0.0102 0.0135 
0.0413 0.8825 0.0657 0.0105 
0.8281 0.0281 0.0790 0.0649 
0.9129 0.0219 0.0360 0.0292 
0.0428 0.0982 0.0045 0.8544 
0.0854 0.5790 0.2426 0.0930 
0.7328 0.0941 0.1653 0.0078 
0.0966 0.1911 0.6200 0.0923 
0.3054 0.2643 0.2101 0.2203 
0.2760 0.1090 0.4514 0.1636 
0.1454 0.2973 0.2784 0.2789 
0.1620 0.3359 0.3061 0.1959 
0.2191 0.2892 0.2903 0.2014 
0.3061 0.2086 0.1933 0.2920 
0.0764 0.2319 0.5480 0.1437 

MOTIF filter16 
letter-probability matrix: alength= 4 w= 19 nsites= 19 
0.2338 0.2446 0.2634 0.2582 
0.2363 0.2532 0.2411 0.2694 
0.2511 0.2506 0.2339 0.2644 
0.2898 0.2199 0.2644 0.2259 
0.4129 0.1442 0.2343 0.2086 
0.4530 0.0714 0.1888 0.2868 
0.4917 0.0596 0.0958 0.3529 
0.4113 0.0841 0.0666 0.4379 
0.2831 0.1916 0.1531 0.3721 
0.0939 0.2355 0.0221 0.6485 
0.0138 0.0283 0.9527 0.0051 
0.0823 0.8875 0.0082 0.0220 
0.0550 0.2551 0.0459 0.6440 
0.0687 0.0265 0.7766 0.1281 
0.8512 0.0377 0.0358 0.0753 
0.0668 0.4758 0.3307 0.1266 
0.1500 0.2083 0.2275 0.4141 
0.1636 0.4208 0.1364 0.2792 
0.4017 0.1517 0.2645 0.1822 

MOTIF filter17 
letter-probability matrix: alength= 4 w= 19 nsites= 19 
0.2173 0.3112 0.3860 0.0855 
0.1735 0.3317 0.3713 0.1235 
0.1072 0.6549 0.1290 0.1089 
0.3480 0.3486 0.1632 0.1402 
0.1281 0.0521 0.7405 0.0793 
0.0741 0.8146 0.0954 0.0159 
0.6040 0.0633 0.0092 0.3236 
0.0162 0.0982 0.8058 0.0797 
0.0759 0.5060 0.1838 0.2343 
0.1483 0.2568 0.3623 0.2326 
0.2818 0.0672 0.5072 0.1438 
0.0287 0.6181 0.3149 0.0382 
0.3633 0.0567 0.1784 0.4016 
0.0142 0.2495 0.6450 0.0913 
0.1064 0.4398 0.1754 0.2785 
0.1168 0.2718 0.3882 0.2232 
0.2047 0.2314 0.3976 0.1662 
0.1558 0.2081 0.4291 0.2070 
0.1274 0.2199 0.4953 0.1574 

MOTIF filter18 
letter-probability matrix: alength= 4 w= 19 nsites= 19 
0.0999 0.0109 0.7375 0.1516 
0.0529 0.0237 0.6437 0.2797 
0.1670 0.0191 0.7507 0.0633 
0.6882 0.0646 0.2336 0.0137 
0.1261 0.0996 0.0928 0.6816 
0.0171 0.6917 0.0063 0.2849 
0.2095 0.6936 0.0071 0.0899 
0.0496 0.7196 0.0563 0.1745 
0.4659 0.4140 0.0896 0.0305 
0.0695 0.2931 0.4582 0.1792 
0.1781 0.1976 0.5351 0.0893 
0.2323 0.1678 0.1595 0.4404 
0.4263 0.2119 0.3157 0.0461 
0.0111 0.5469 0.0803 0.3616 
0.0735 0.2111 0.2191 0.4963 
0.2397 0.3384 0.1051 0.3167 
0.2200 0.0572 0.6814 0.0415 
0.0980 0.2845 0.5592 0.0582 
0.0567 0.4474 0.4204 0.0755 

MOTIF filter19 
letter-probability matrix: alength= 4 w= 19 nsites= 19 
0.1095 0.4203 0.3470 0.1231 
0.2290 0.3498 0.2320 0.1892 
0.1192 0.4601 0.3141 0.1066 
0.3402 0.2624 0.2552 0.1423 
0.1919 0.1638 0.3788 0.2654 
0.1039 0.3936 0.4824 0.0200 
0.2116 0.2476 0.2732 0.2676 
0.0482 0.3885 0.4126 0.1507 
0.2344 0.4764 0.0405 0.2487 
0.2187 0.3781 0.3401 0.0631 
0.1491 0.5639 0.1513 0.1356 
0.4149 0.1859 0.2073 0.1919 
0.1346 0.3860 0.4143 0.0652 
0.4144 0.0649 0.3856 0.1351 
0.0322 0.5975 0.3043 0.0659 
0.2072 0.7092 0.0323 0.0513 
0.2622 0.5503 0.0090 0.1785 
0.1246 0.3333 0.3005 0.2416 
0.1704 0.4735 0.2643 0.0919 

MOTIF filter20 
letter-probability matrix: alength= 4 w= 19 nsites= 19 
0.1985 0.3077 0.2787 0.2150 
0.2274 0.2634 0.3034 0.2058 
0.2127 0.2736 0.3045 0.2092 
0.2012 0.2610 0.3358 0.2021 
0.2116 0.1886 0.3396 0.2602 
0.4740 0.0871 0.3860 0.0530 
0.0178 0.0378 0.0132 0.9313 
0.0179 0.0133 0.8615 0.1072 
0.9507 0.0183 0.0074 0.0236 
0.0638 0.4626 0.4033 0.0703 
0.0248 0.0083 0.0321 0.9348 
0.1215 0.8496 0.0138 0.0152 
0.9322 0.0103 0.0393 0.0182 
0.0559 0.3964 0.0904 0.4573 
0.2886 0.3062 0.1777 0.2275 
0.1969 0.3250 0.2683 0.2098 
0.2101 0.2916 0.2647 0.2335 
0.2124 0.3098 0.2543 0.2235 
0.2073 0.2620 0.3220 0.2088 

MOTIF filter21 
letter-probability matrix: alength= 4 w= 19 nsites= 19 
0.3483 0.1551 0.2660 0.2306 
0.2159 0.4104 0.2966 0.0771 
0.0739 0.9084 0.0073 0.0104 
0.7683 0.0177 0.1012 0.1129 
0.0072 0.8944 0.0131 0.0853 
0.1066 0.0126 0.8764 0.0044 
0.0856 0.0371 0.0142 0.8631 
0.0101 0.0047 0.9479 0.0373 
0.0678 0.3133 0.3463 0.2726 
0.2686 0.2550 0.1637 0.3127 
0.1861 0.2976 0.2619 0.2544 
0.2044 0.2679 0.2708 0.2569 
0.2083 0.2709 0.2530 0.2678 
0.1993 0.2900 0.2894 0.2212 
0.2457 0.2263 0.3107 0.2173 
0.2550 0.2395 0.2437 0.2618 
0.2503 0.2559 0.2634 0.2303 
0.2401 0.2753 0.2872 0.1974 
0.2207 0.2485 0.2749 0.2560 

MOTIF filter22 
letter-probability matrix: alength= 4 w= 19 nsites= 19 
0.2637 0.2563 0.2626 0.2174 
0.2388 0.2823 0.2499 0.2290 
0.2419 0.2633 0.2495 0.2453 
0.2463 0.2573 0.2643 0.2320 
0.2619 0.2608 0.2516 0.2257 
0.2361 0.3069 0.2345 0.2225 
0.2160 0.2954 0.2649 0.2237 
0.2057 0.2645 0.2756 0.2543 
0.2175 0.2633 0.2915 0.2278 
0.2888 0.2762 0.2473 0.1876 
0.4898 0.1454 0.2682 0.0965 
0.1113 0.6577 0.1642 0.0668 
0.1136 0.8487 0.0254 0.0123 
0.0118 0.0166 0.9624 0.0093 
0.0155 0.0155 0.9516 0.0174 
0.9517 0.0061 0.0134 0.0288 
0.7682 0.0472 0.0181 0.1666 
0.2264 0.1296 0.6088 0.0352 
0.1020 0.2225 0.1063 0.5693 

MOTIF filter23 
letter-probability matrix: alength= 4 w= 19 nsites= 19 
0.2340 0.2609 0.2307 0.2743 
0.2073 0.3337 0.2229 0.2361 
0.1053 0.3716 0.1772 0.3459 
0.4267 0.1510 0.3617 0.0607 
0.3188 0.0862 0.4069 0.1881 
0.0099 0.9630 0.0108 0.0163 
0.0404 0.8617 0.0693 0.0286 
0.7975 0.0172 0.0164 0.1689 
0.9135 0.0132 0.0586 0.0148 
0.0101 0.0318 0.0115 0.9466 
0.1809 0.4181 0.2471 0.1540 
0.3629 0.0855 0.5391 0.0125 
0.2669 0.1969 0.3669 0.1693 
0.4544 0.2198 0.2140 0.1118 
0.2668 0.1180 0.3073 0.3080 
0.2301 0.2014 0.3500 0.2186 
0.1848 0.2756 0.2700 0.2695 
0.1888 0.3758 0.2600 0.1754 
0.3220 0.1684 0.3085 0.2011 

MOTIF filter24 
letter-probability matrix: alength= 4 w= 19 nsites= 19 
0.2611 0.3098 0.2358 0.1933 
0.1870 0.3162 0.2959 0.2008 
0.1834 0.2858 0.3122 0.2186 
0.2506 0.2943 0.2187 0.2364 
0.2483 0.2510 0.2572 0.2435 
0.2801 0.2217 0.2854 0.2129 
0.2557 0.1809 0.2515 0.3118 
0.1926 0.1717 0.3627 0.2729 
0.2059 0.1616 0.3287 0.3038 
0.0235 0.8971 0.0245 0.0549 
0.0092 0.5443 0.0352 0.4113 
0.7420 0.0628 0.0260 0.1692 
0.3236 0.0184 0.0291 0.6288 
0.7109 0.0135 0.0275 0.2481 
0.2438 0.0236 0.0200 0.7126 
0.6685 0.0274 0.0182 0.2859 
0.1725 0.0195 0.0685 0.7395 
0.4407 0.0440 0.5049 0.0104 
0.0452 0.0363 0.8901 0.0284 

MOTIF filter25 
letter-probability matrix: alength= 4 w= 19 nsites= 19 
0.1737 0.1816 0.5138 0.1309 
0.4400 0.3069 0.2151 0.0380 
0.0194 0.0431 0.0080 0.9295 
0.0171 0.0065 0.8666 0.1098 
0.9316 0.0195 0.0159 0.0330 
0.0504 0.4223 0.4804 0.0469 
0.0253 0.0092 0.0076 0.9579 
0.1003 0.8772 0.0093 0.0132 
0.9509 0.0066 0.0354 0.0071 
0.0302 0.2195 0.2782 0.4721 
0.1444 0.4948 0.1787 0.1821 
0.2944 0.2697 0.2672 0.1688 
0.2316 0.2706 0.2108 0.2869 
0.2338 0.2173 0.2423 0.3066 
0.2515 0.2185 0.2430 0.2870 
0.2699 0.2363 0.2176 0.2762 
0.2610 0.2358 0.2305 0.2728 
0.2447 0.2601 0.2476 0.2476 
0.2193 0.2513 0.2721 0.2573 

MOTIF filter26 
letter-probability matrix: alength= 4 w= 19 nsites= 19 
0.1291 0.1958 0.3947 0.2804 
0.2086 0.3454 0.2447 0.2012 
0.3181 0.2468 0.2209 0.2142 
0.2236 0.2875 0.2344 0.2545 
0.2352 0.2367 0.2498 0.2783 
0.2770 0.2518 0.2423 0.2289 
0.1936 0.2830 0.3578 0.1656 
0.1978 0.3044 0.1673 0.3305 
0.3605 0.1431 0.3008 0.1955 
0.1496 0.2166 0.1168 0.5169 
0.1550 0.2923 0.1786 0.3741 
0.3229 0.1422 0.4167 0.1182 
0.4153 0.0932 0.3342 0.1573 
0.0202 0.6925 0.1283 0.1591 
0.0121 0.9041 0.0564 0.0274 
0.9312 0.0174 0.0246 0.0267 
0.9610 0.0059 0.0260 0.0071 
0.0084 0.0493 0.0068 0.9355 
0.2098 0.5503 0.1836 0.0563 

MOTIF filter27 
letter-probability matrix: alength= 4 w= 19 nsites= 19 
0.2737 0.2330 0.2578 0.2355 
0.2615 0.2398 0.2915 0.2072 
0.2173 0.2413 0.2971 0.2444 
0.1895 0.1729 0.2925 0.3450 
0.5011 0.1506 0.3191 0.0292 
0.0086 0.0140 0.0088 0.9686 
0.0093 0.0085 0.0174 0.9647 
0.1266 0.0111 0.7645 0.0978 
0.0414 0.8312 0.0530 0.0743 
0.2000 0.0779 0.6374 0.0847 
0.1942 0.4036 0.0227 0.3795 
0.6958 0.2645 0.0180 0.0217 
0.9066 0.0242 0.0443 0.0249 
0.0557 0.3449 0.1751 0.4243 
0.3064 0.3029 0.1816 0.2091 
0.2276 0.2717 0.2604 0.2402 
0.2153 0.2687 0.2482 0.2678 
0.2174 0.2910 0.2367 0.2548 
0.2275 0.2649 0.2682 0.2395 

MOTIF filter28 
letter-probability matrix: alength= 4 w= 19 nsites= 19 
0.2145 0.1574 0.3371 0.2910 
0.4315 0.1564 0.3578 0.0542 
0.0254 0.0659 0.0205 0.8881 
0.0412 0.0256 0.6208 0.3125 
0.5106 0.0375 0.1436 0.3083 
0.0708 0.5757 0.0728 0.2806 
0.0612 0.0210 0.8899 0.0279 
0.1064 0.7254 0.0122 0.1560 
0.9441 0.0325 0.0115 0.0119 
0.9630 0.0099 0.0116 0.0154 
0.0347 0.3315 0.1524 0.4814 
0.3510 0.2997 0.1713 0.1780 
0.2444 0.2674 0.2687 0.2195 
0.2134 0.2623 0.2569 0.2674 
0.2351 0.2963 0.2182 0.2504 
0.2349 0.2478 0.2629 0.2543 
0.2443 0.2592 0.2742 0.2224 
0.2267 0.2659 0.2716 0.2358 
0.2365 0.2516 0.2799 0.2320 

MOTIF filter29 
letter-probability matrix: alength= 4 w= 19 nsites= 19 
0.2585 0.2631 0.2353 0.2431 
0.2492 0.2508 0.2735 0.2265 
0.1591 0.3065 0.2231 0.3114 
0.2287 0.3124 0.2028 0.2562 
0.5828 0.1045 0.2302 0.0825 
0.0410 0.5525 0.1476 0.2589 
0.1628 0.0119 0.0454 0.7798 
0.0267 0.0119 0.0067 0.9546 
0.0207 0.9272 0.0261 0.0260 
0.0141 0.9505 0.0158 0.0195 
0.0127 0.0323 0.8511 0.1039 
0.0649 0.1788 0.6298 0.1265 
0.1122 0.2734 0.1497 0.4647 
0.1697 0.2625 0.2970 0.2708 
0.2394 0.2702 0.2580 0.2324 
0.2653 0.2755 0.2617 0.1975 
0.2330 0.2502 0.2864 0.2303 
0.2305 0.2355 0.2774 0.2566 
0.2391 0.2569 0.2522 0.2518 

