MEME version 4

ALPHABET= ACGT

Background letter frequencies:
A 0.2500 C 0.2500 G 0.2500 T 0.2500 

MOTIF filter0 
letter-probability matrix: alength= 4 w= 19 nsites= 19 
0.2203 0.1678 0.0718 0.5401 
0.2108 0.1392 0.3593 0.2906 
0.2988 0.3852 0.1529 0.1630 
0.0349 0.8656 0.0780 0.0215 
0.0477 0.4970 0.3693 0.0860 
0.3326 0.2303 0.1260 0.3111 
0.3679 0.0208 0.0073 0.6040 
0.5264 0.2041 0.1398 0.1296 
0.1095 0.1999 0.1979 0.4927 
0.5045 0.0493 0.0989 0.3472 
0.3744 0.1978 0.2356 0.1922 
0.1410 0.1114 0.7009 0.0466 
0.0326 0.1684 0.5899 0.2092 
0.1813 0.4217 0.1750 0.2220 
0.2790 0.1645 0.2969 0.2596 
0.3074 0.2055 0.1765 0.3106 
0.2570 0.2261 0.2524 0.2644 
0.2909 0.3546 0.2046 0.1499 
0.1840 0.2050 0.3393 0.2717 

MOTIF filter1 
letter-probability matrix: alength= 4 w= 19 nsites= 19 
0.3108 0.2504 0.2449 0.1938 
0.1431 0.2297 0.2329 0.3943 
0.1218 0.0892 0.1594 0.6296 
0.1794 0.1027 0.1401 0.5778 
0.4120 0.3347 0.1929 0.0605 
0.0703 0.5335 0.1538 0.2423 
0.1217 0.7566 0.0656 0.0560 
0.1067 0.0369 0.8418 0.0147 
0.0514 0.0151 0.8046 0.1289 
0.9647 0.0096 0.0051 0.0206 
0.8912 0.0360 0.0082 0.0646 
0.4146 0.1086 0.3868 0.0900 
0.1068 0.2819 0.1091 0.5022 
0.2184 0.2706 0.3890 0.1221 
0.2772 0.1968 0.3357 0.1903 
0.2703 0.2555 0.2079 0.2662 
0.3674 0.1949 0.2249 0.2128 
0.2482 0.2366 0.2120 0.3031 
0.2215 0.2559 0.2648 0.2577 

MOTIF filter2 
letter-probability matrix: alength= 4 w= 19 nsites= 19 
0.2199 0.2870 0.2698 0.2233 
0.2837 0.2733 0.2246 0.2184 
0.2845 0.2032 0.2752 0.2371 
0.4097 0.1908 0.2284 0.1712 
0.3801 0.1156 0.3212 0.1831 
0.2478 0.2491 0.2986 0.2045 
0.0183 0.8825 0.0594 0.0398 
0.7183 0.0208 0.1787 0.0823 
0.0035 0.8944 0.0026 0.0995 
0.1911 0.0038 0.7998 0.0054 
0.0416 0.0721 0.0061 0.8801 
0.0634 0.0278 0.9038 0.0050 
0.1834 0.2599 0.3457 0.2110 
0.1220 0.3063 0.1536 0.4181 
0.2527 0.3140 0.1846 0.2488 
0.1869 0.3296 0.2134 0.2701 
0.2806 0.1977 0.2728 0.2489 
0.2320 0.2782 0.2622 0.2276 
0.2838 0.2322 0.2070 0.2770 

MOTIF filter3 
letter-probability matrix: alength= 4 w= 19 nsites= 19 
0.4588 0.0797 0.3910 0.0705 
0.5960 0.2033 0.1539 0.0468 
0.0952 0.5171 0.3513 0.0365 
0.0944 0.0949 0.7561 0.0546 
0.7970 0.1256 0.0511 0.0263 
0.0114 0.8768 0.1019 0.0099 
0.0337 0.2286 0.5491 0.1886 
0.0983 0.3660 0.0792 0.4566 
0.3727 0.1020 0.4850 0.0403 
0.5108 0.3574 0.0498 0.0820 
0.1153 0.2443 0.5994 0.0410 
0.1231 0.1207 0.5411 0.2151 
0.0456 0.2468 0.6043 0.1033 
0.5240 0.0107 0.4069 0.0584 
0.0535 0.9145 0.0036 0.0284 
0.0096 0.0157 0.7007 0.2740 
0.6529 0.0985 0.0421 0.2065 
0.0259 0.3869 0.5765 0.0108 
0.1652 0.1805 0.0788 0.5755 

MOTIF filter4 
letter-probability matrix: alength= 4 w= 19 nsites= 19 
0.1234 0.4006 0.4010 0.0750 
0.5829 0.0747 0.0909 0.2516 
0.5661 0.0224 0.0068 0.4047 
0.0324 0.1369 0.1050 0.7257 
0.0738 0.3620 0.4516 0.1126 
0.0365 0.1442 0.4389 0.3803 
0.3912 0.1011 0.1858 0.3218 
0.3615 0.0891 0.2170 0.3323 
0.1919 0.4527 0.1454 0.2100 
0.0285 0.4116 0.2935 0.2664 
0.0969 0.7902 0.0586 0.0543 
0.1282 0.4301 0.1712 0.2704 
0.0342 0.6914 0.1103 0.1642 
0.0327 0.7129 0.0750 0.1795 
0.0657 0.5016 0.1052 0.3275 
0.0955 0.1246 0.1132 0.6667 
0.0647 0.2481 0.0444 0.6428 
0.1337 0.2887 0.0609 0.5166 
0.1922 0.3493 0.2675 0.1910 

MOTIF filter5 
letter-probability matrix: alength= 4 w= 19 nsites= 19 
0.1933 0.2438 0.2476 0.3154 
0.1692 0.3788 0.1144 0.3376 
0.2367 0.2084 0.2800 0.2749 
0.2741 0.2280 0.2792 0.2186 
0.0309 0.4563 0.1204 0.3924 
0.0467 0.4913 0.3657 0.0963 
0.8983 0.0110 0.0213 0.0694 
0.4175 0.0224 0.0100 0.5501 
0.0401 0.0075 0.0031 0.9493 
0.0484 0.1664 0.7290 0.0562 
0.2346 0.0323 0.6475 0.0856 
0.1570 0.3019 0.1137 0.4274 
0.1835 0.2913 0.2032 0.3220 
0.2696 0.2151 0.3651 0.1502 
0.2985 0.1745 0.3265 0.2005 
0.1602 0.2942 0.2809 0.2647 
0.2808 0.2683 0.2665 0.1844 
0.2523 0.2302 0.2269 0.2906 
0.2508 0.2291 0.2340 0.2861 

MOTIF filter6 
letter-probability matrix: alength= 4 w= 19 nsites= 19 
0.2818 0.2046 0.1972 0.3163 
0.2177 0.2361 0.2549 0.2912 
0.3052 0.2333 0.2607 0.2008 
0.3606 0.1619 0.2862 0.1913 
0.2744 0.1912 0.3214 0.2130 
0.2492 0.1277 0.2979 0.3252 
0.5177 0.1454 0.3036 0.0333 
0.0121 0.0144 0.0047 0.9689 
0.0206 0.0322 0.1752 0.7720 
0.2800 0.0096 0.4870 0.2234 
0.0800 0.5337 0.1091 0.2772 
0.2021 0.0785 0.6508 0.0686 
0.2396 0.4902 0.0100 0.2603 
0.8292 0.1313 0.0086 0.0308 
0.9780 0.0073 0.0050 0.0098 
0.0437 0.3284 0.1357 0.4922 
0.3241 0.3078 0.1609 0.2073 
0.1846 0.2663 0.2896 0.2595 
0.1653 0.3327 0.1905 0.3115 

MOTIF filter7 
letter-probability matrix: alength= 4 w= 19 nsites= 19 
0.0760 0.3748 0.1663 0.3830 
0.2042 0.0346 0.6866 0.0747 
0.3511 0.4597 0.0953 0.0939 
0.1082 0.6601 0.0305 0.2012 
0.4087 0.1590 0.4021 0.0301 
0.0361 0.2204 0.1090 0.6345 
0.0919 0.4085 0.0581 0.4415 
0.2730 0.2947 0.1392 0.2931 
0.3063 0.0220 0.6289 0.0428 
0.6223 0.1189 0.1753 0.0835 
0.0104 0.6704 0.0557 0.2635 
0.0705 0.1961 0.6773 0.0561 
0.1045 0.0876 0.6153 0.1926 
0.0914 0.7449 0.0075 0.1562 
0.2242 0.1620 0.5436 0.0702 
0.1415 0.3634 0.3635 0.1316 
0.2271 0.2313 0.1132 0.4283 
0.3153 0.2925 0.1789 0.2133 
0.1554 0.2447 0.3152 0.2846 

MOTIF filter8 
letter-probability matrix: alength= 4 w= 19 nsites= 19 
0.4947 0.1057 0.1860 0.2136 
0.0607 0.2992 0.3571 0.2830 
0.2082 0.3203 0.1881 0.2833 
0.2438 0.0671 0.5542 0.1349 
0.1024 0.8366 0.0381 0.0228 
0.0137 0.8608 0.0948 0.0307 
0.4312 0.3925 0.0493 0.1269 
0.0424 0.7788 0.1231 0.0557 
0.0387 0.7660 0.0634 0.1319 
0.3675 0.0257 0.0798 0.5271 
0.1568 0.0561 0.7221 0.0649 
0.0627 0.2219 0.7078 0.0076 
0.1641 0.0848 0.2704 0.4806 
0.0168 0.0118 0.9503 0.0212 
0.0366 0.0241 0.8803 0.0590 
0.2274 0.5052 0.1646 0.1028 
0.1944 0.3882 0.3442 0.0732 
0.1827 0.2269 0.2282 0.3623 
0.3780 0.3259 0.1199 0.1762 

MOTIF filter9 
letter-probability matrix: alength= 4 w= 19 nsites= 19 
0.2101 0.2052 0.3388 0.2459 
0.2242 0.1762 0.3710 0.2285 
0.1454 0.3073 0.2699 0.2775 
0.3174 0.2229 0.2416 0.2181 
0.2243 0.3509 0.2064 0.2185 
0.2973 0.1937 0.3863 0.1228 
0.1386 0.2553 0.1409 0.4653 
0.2870 0.1899 0.4620 0.0611 
0.1092 0.3541 0.0841 0.4526 
0.2475 0.3446 0.2152 0.1927 
0.1671 0.1030 0.0879 0.6420 
0.0154 0.0156 0.9558 0.0133 
0.0756 0.0638 0.0722 0.7885 
0.5224 0.2323 0.1012 0.1441 
0.0045 0.9224 0.0433 0.0298 
0.8971 0.0146 0.0194 0.0689 
0.0701 0.5367 0.3094 0.0838 
0.2191 0.1893 0.1917 0.3998 
0.1456 0.3238 0.4584 0.0722 

MOTIF filter10 
letter-probability matrix: alength= 4 w= 19 nsites= 19 
0.1377 0.4454 0.2353 0.1816 
0.2111 0.3497 0.2351 0.2041 
0.2613 0.2586 0.2624 0.2177 
0.1649 0.3278 0.2670 0.2403 
0.1924 0.3177 0.2891 0.2008 
0.1707 0.1377 0.3055 0.3861 
0.5403 0.1092 0.3367 0.0138 
0.0350 0.0337 0.0664 0.8649 
0.0420 0.0124 0.0834 0.8622 
0.2885 0.0571 0.5575 0.0969 
0.0087 0.9695 0.0033 0.0185 
0.0265 0.0050 0.9616 0.0069 
0.0684 0.4318 0.0547 0.4451 
0.6783 0.2544 0.0511 0.0161 
0.8072 0.0447 0.1199 0.0283 
0.0271 0.2156 0.2870 0.4703 
0.2997 0.3292 0.1233 0.2477 
0.1999 0.2526 0.3889 0.1586 
0.2740 0.2978 0.2452 0.1829 

MOTIF filter11 
letter-probability matrix: alength= 4 w= 19 nsites= 19 
0.2279 0.2369 0.2871 0.2481 
0.2300 0.2858 0.2301 0.2541 
0.2976 0.1926 0.2028 0.3069 
0.2853 0.2077 0.2419 0.2652 
0.2858 0.2003 0.2087 0.3052 
0.2808 0.2455 0.2260 0.2478 
0.1597 0.3427 0.1577 0.3399 
0.0819 0.3651 0.2879 0.2651 
0.3174 0.1002 0.5211 0.0613 
0.4567 0.0794 0.2714 0.1926 
0.0092 0.9514 0.0268 0.0126 
0.0403 0.9238 0.0230 0.0130 
0.7606 0.0845 0.0359 0.1189 
0.8165 0.0615 0.0713 0.0506 
0.0313 0.1468 0.0235 0.7983 
0.2806 0.4077 0.1917 0.1200 
0.5952 0.2365 0.0919 0.0764 
0.3345 0.2898 0.2394 0.1363 
0.3980 0.2103 0.3124 0.0793 

MOTIF filter12 
letter-probability matrix: alength= 4 w= 19 nsites= 19 
0.2199 0.1632 0.3586 0.2582 
0.1858 0.4325 0.2360 0.1456 
0.2362 0.3898 0.2478 0.1262 
0.3981 0.0370 0.4293 0.1356 
0.4019 0.4745 0.0331 0.0904 
0.1330 0.5691 0.1998 0.0980 
0.9548 0.0084 0.0179 0.0189 
0.0113 0.0232 0.0097 0.9558 
0.1181 0.2213 0.4672 0.1933 
0.1196 0.0460 0.4471 0.3872 
0.1120 0.4365 0.0331 0.4184 
0.1456 0.2286 0.4322 0.1937 
0.1344 0.1908 0.4776 0.1973 
0.2754 0.3208 0.1565 0.2473 
0.2117 0.2572 0.2099 0.3212 
0.2661 0.2354 0.2579 0.2406 
0.2534 0.2824 0.2490 0.2153 
0.2533 0.2062 0.2743 0.2663 
0.2407 0.2348 0.3042 0.2202 

MOTIF filter13 
letter-probability matrix: alength= 4 w= 19 nsites= 19 
0.1979 0.2576 0.1683 0.3762 
0.1329 0.2209 0.2278 0.4185 
0.0916 0.2254 0.6223 0.0607 
0.1199 0.6789 0.0441 0.1570 
0.1561 0.2834 0.1606 0.4000 
0.2256 0.1197 0.4837 0.1710 
0.5387 0.1977 0.1406 0.1229 
0.1088 0.3911 0.4369 0.0632 
0.0446 0.0365 0.0592 0.8597 
0.0992 0.7707 0.0209 0.1092 
0.4491 0.0753 0.4141 0.0614 
0.0362 0.0058 0.8976 0.0604 
0.0074 0.9407 0.0351 0.0168 
0.5840 0.0364 0.2983 0.0812 
0.3805 0.1477 0.1344 0.3374 
0.4128 0.0618 0.0603 0.4651 
0.3521 0.0664 0.0336 0.5479 
0.2601 0.1538 0.0600 0.5261 
0.1914 0.1844 0.1289 0.4954 

MOTIF filter14 
letter-probability matrix: alength= 4 w= 19 nsites= 19 
0.2793 0.2203 0.2670 0.2334 
0.2689 0.2575 0.2469 0.2268 
0.2170 0.2744 0.2933 0.2152 
0.2270 0.2435 0.3043 0.2252 
0.2611 0.2768 0.2264 0.2358 
0.3419 0.1964 0.2274 0.2342 
0.5510 0.0592 0.1672 0.2226 
0.5018 0.0247 0.0555 0.4179 
0.4749 0.0400 0.0804 0.4048 
0.3316 0.1213 0.1947 0.3524 
0.0639 0.1352 0.0263 0.7746 
0.0231 0.0086 0.9592 0.0092 
0.1089 0.7623 0.0678 0.0610 
0.0224 0.4023 0.0557 0.5196 
0.0749 0.0441 0.7934 0.0876 
0.8480 0.0399 0.0715 0.0407 
0.0595 0.6393 0.1592 0.1420 
0.1679 0.2600 0.3095 0.2625 
0.1951 0.2451 0.2301 0.3297 

MOTIF filter15 
letter-probability matrix: alength= 4 w= 19 nsites= 19 
0.2403 0.3855 0.1109 0.2633 
0.2754 0.3485 0.3399 0.0361 
0.1479 0.5182 0.1511 0.1828 
0.6158 0.0502 0.0510 0.2830 
0.5003 0.1240 0.2787 0.0970 
0.3835 0.0756 0.3159 0.2250 
0.1368 0.0088 0.7855 0.0689 
0.0064 0.1083 0.0042 0.8811 
0.1828 0.7548 0.0184 0.0440 
0.6656 0.3022 0.0238 0.0083 
0.9168 0.0193 0.0529 0.0111 
0.0273 0.7657 0.0160 0.1911 
0.6678 0.0370 0.2241 0.0710 
0.1850 0.1783 0.2801 0.3566 
0.1002 0.2096 0.2499 0.4403 
0.2710 0.2625 0.3234 0.1431 
0.1571 0.2510 0.3556 0.2363 
0.1728 0.4731 0.1986 0.1555 
0.2154 0.3271 0.3572 0.1003 

MOTIF filter16 
letter-probability matrix: alength= 4 w= 19 nsites= 19 
0.4186 0.1192 0.2772 0.1849 
0.2959 0.1110 0.3350 0.2581 
0.0679 0.3678 0.1156 0.4486 
0.4944 0.1580 0.0987 0.2489 
0.7247 0.0915 0.0094 0.1744 
0.7543 0.0314 0.0498 0.1645 
0.0305 0.1334 0.0082 0.8278 
0.8606 0.0382 0.0411 0.0600 
0.4358 0.1400 0.1178 0.3064 
0.4163 0.0791 0.1129 0.3917 
0.3331 0.2023 0.1562 0.3084 
0.3433 0.2656 0.2286 0.1625 
0.2777 0.2515 0.2320 0.2388 
0.3244 0.1978 0.2403 0.2374 
0.2042 0.2095 0.2303 0.3561 
0.2451 0.2195 0.2465 0.2889 
0.2890 0.2831 0.2153 0.2126 
0.2186 0.2089 0.2855 0.2870 
0.2343 0.2799 0.2506 0.2352 

MOTIF filter17 
letter-probability matrix: alength= 4 w= 19 nsites= 19 
0.2097 0.1919 0.2216 0.3768 
0.8937 0.0032 0.0159 0.0872 
0.9498 0.0031 0.0114 0.0356 
0.3035 0.1511 0.0369 0.5085 
0.0524 0.3291 0.5939 0.0246 
0.0414 0.1944 0.7501 0.0140 
0.1427 0.3508 0.4986 0.0078 
0.0410 0.1420 0.7423 0.0747 
0.0769 0.3027 0.3447 0.2756 
0.0804 0.4726 0.1934 0.2536 
0.0889 0.5325 0.2666 0.1121 
0.0726 0.2922 0.5900 0.0452 
0.1042 0.2867 0.4080 0.2011 
0.1679 0.2808 0.3245 0.2268 
0.1963 0.2370 0.3577 0.2090 
0.3027 0.3165 0.1306 0.2502 
0.2644 0.2101 0.3663 0.1593 
0.2005 0.2186 0.2495 0.3314 
0.1134 0.2455 0.2916 0.3496 

MOTIF filter18 
letter-probability matrix: alength= 4 w= 19 nsites= 19 
0.2566 0.1777 0.1603 0.4054 
0.1745 0.1575 0.4421 0.2259 
0.2322 0.0873 0.5905 0.0900 
0.5415 0.2456 0.0596 0.1533 
0.8845 0.0046 0.0178 0.0930 
0.0711 0.0162 0.0055 0.9073 
0.1461 0.0600 0.2381 0.5559 
0.1308 0.6557 0.0198 0.1936 
0.2156 0.4973 0.1515 0.1356 
0.4799 0.1510 0.1270 0.2421 
0.4672 0.1251 0.2243 0.1834 
0.2766 0.1172 0.2673 0.3390 
0.3102 0.1437 0.3030 0.2431 
0.3998 0.1963 0.1944 0.2096 
0.3130 0.1754 0.2663 0.2452 
0.2825 0.2678 0.2307 0.2190 
0.2288 0.2711 0.2017 0.2984 
0.1835 0.2091 0.2974 0.3099 
0.2152 0.2327 0.3091 0.2429 

MOTIF filter19 
letter-probability matrix: alength= 4 w= 19 nsites= 19 
0.2224 0.3134 0.2751 0.1891 
0.2030 0.3363 0.1889 0.2717 
0.2864 0.3496 0.1856 0.1784 
0.1891 0.2844 0.3814 0.1451 
0.2511 0.1428 0.4863 0.1198 
0.1715 0.1228 0.6017 0.1040 
0.3471 0.0615 0.3263 0.2652 
0.1002 0.1628 0.2157 0.5213 
0.0074 0.7202 0.0375 0.2348 
0.5988 0.0391 0.3451 0.0170 
0.7999 0.0761 0.0906 0.0333 
0.7247 0.0716 0.0848 0.1189 
0.0485 0.3674 0.5464 0.0377 
0.1744 0.1715 0.2931 0.3610 
0.1327 0.3142 0.2193 0.3337 
0.0642 0.5343 0.1467 0.2548 
0.4883 0.1466 0.2405 0.1246 
0.2850 0.2609 0.2651 0.1891 
0.2109 0.2593 0.2550 0.2748 

MOTIF filter20 
letter-probability matrix: alength= 4 w= 19 nsites= 19 
0.0467 0.5469 0.1095 0.2969 
0.0701 0.1667 0.5930 0.1703 
0.1831 0.1139 0.2692 0.4338 
0.0158 0.9372 0.0391 0.0079 
0.0706 0.0258 0.8040 0.0996 
0.1170 0.6995 0.0689 0.1146 
0.0684 0.0236 0.8329 0.0751 
0.3217 0.5371 0.0225 0.1187 
0.0835 0.7581 0.0953 0.0631 
0.0122 0.1375 0.7835 0.0667 
0.5787 0.1625 0.1178 0.1410 
0.1250 0.6457 0.0513 0.1780 
0.0893 0.0133 0.6550 0.2423 
0.2409 0.4224 0.1256 0.2112 
0.2348 0.1749 0.5147 0.0757 
0.2129 0.2197 0.4615 0.1058 
0.3224 0.3858 0.1673 0.1245 
0.1848 0.3343 0.3606 0.1202 
0.1168 0.2074 0.6077 0.0680 

MOTIF filter21 
letter-probability matrix: alength= 4 w= 19 nsites= 19 
0.2727 0.2182 0.2767 0.2324 
0.2177 0.2511 0.3214 0.2099 
0.2115 0.1948 0.3278 0.2660 
0.4709 0.1450 0.3289 0.0553 
0.0187 0.0448 0.0079 0.9286 
0.0644 0.0184 0.7976 0.1196 
0.9410 0.0233 0.0126 0.0231 
0.0752 0.4209 0.4545 0.0494 
0.0262 0.0180 0.0146 0.9412 
0.0971 0.8373 0.0175 0.0481 
0.9192 0.0064 0.0538 0.0206 
0.0592 0.3104 0.1284 0.5020 
0.2188 0.3498 0.1775 0.2539 
0.2152 0.2581 0.3246 0.2022 
0.2434 0.3009 0.2159 0.2397 
0.2151 0.2618 0.2467 0.2764 
0.2065 0.2759 0.2864 0.2312 
0.2522 0.2602 0.2626 0.2250 
0.2197 0.2503 0.2439 0.2860 

MOTIF filter22 
letter-probability matrix: alength= 4 w= 19 nsites= 19 
0.3751 0.1991 0.1846 0.2412 
0.0694 0.8366 0.0304 0.0636 
0.0128 0.8967 0.0577 0.0328 
0.4408 0.0310 0.0386 0.4896 
0.1817 0.0717 0.0563 0.6903 
0.7993 0.0132 0.0620 0.1254 
0.0574 0.0220 0.0025 0.9180 
0.8618 0.0201 0.0195 0.0986 
0.4037 0.0262 0.0160 0.5541 
0.0266 0.3233 0.6315 0.0186 
0.0718 0.0100 0.8872 0.0310 
0.2534 0.1044 0.3037 0.3385 
0.2714 0.4868 0.1113 0.1305 
0.4799 0.0768 0.2437 0.1997 
0.2302 0.1605 0.1685 0.4409 
0.2742 0.1623 0.3756 0.1879 
0.2913 0.2152 0.2256 0.2680 
0.2284 0.2922 0.2025 0.2769 
0.1724 0.2490 0.2489 0.3297 

MOTIF filter23 
letter-probability matrix: alength= 4 w= 19 nsites= 19 
0.2815 0.3178 0.1944 0.2063 
0.3222 0.1981 0.3039 0.1758 
0.2636 0.2744 0.2739 0.1881 
0.2536 0.1823 0.2640 0.3001 
0.1244 0.0970 0.4211 0.3576 
0.0479 0.8151 0.0304 0.1066 
0.0117 0.3726 0.0223 0.5934 
0.9033 0.0317 0.0121 0.0529 
0.4026 0.0092 0.0484 0.5398 
0.5724 0.0200 0.0265 0.3811 
0.3841 0.0249 0.0111 0.5799 
0.5644 0.0372 0.0177 0.3806 
0.0617 0.0192 0.0344 0.8848 
0.7221 0.0387 0.2272 0.0120 
0.0919 0.0279 0.8234 0.0569 
0.3287 0.4245 0.1132 0.1336 
0.2180 0.2899 0.2267 0.2655 
0.1838 0.3727 0.1777 0.2659 
0.2933 0.2208 0.2169 0.2690 

MOTIF filter24 
letter-probability matrix: alength= 4 w= 19 nsites= 19 
0.1116 0.2469 0.0746 0.5668 
0.1631 0.5463 0.1963 0.0943 
0.0335 0.4208 0.5203 0.0254 
0.0232 0.6181 0.2784 0.0803 
0.1899 0.2626 0.4078 0.1398 
0.1197 0.5166 0.3041 0.0596 
0.0057 0.7691 0.1746 0.0507 
0.0061 0.0445 0.9175 0.0319 
0.0962 0.5455 0.3103 0.0479 
0.5812 0.0895 0.0825 0.2468 
0.6216 0.1852 0.1625 0.0308 
0.0100 0.5771 0.1215 0.2913 
0.0365 0.1452 0.5140 0.3043 
0.0147 0.2655 0.1383 0.5814 
0.3280 0.1542 0.2545 0.2633 
0.7803 0.0144 0.0908 0.1144 
0.2440 0.0214 0.0515 0.6831 
0.1252 0.1210 0.0332 0.7207 
0.0695 0.4601 0.4400 0.0303 

MOTIF filter25 
letter-probability matrix: alength= 4 w= 19 nsites= 19 
0.2306 0.4105 0.1869 0.1720 
0.1134 0.1155 0.5002 0.2709 
0.3977 0.0629 0.4640 0.0754 
0.1725 0.2804 0.0886 0.4585 
0.0756 0.3564 0.1306 0.4374 
0.0397 0.0237 0.8384 0.0982 
0.0330 0.9338 0.0211 0.0122 
0.6206 0.2633 0.0623 0.0539 
0.7695 0.0427 0.0891 0.0986 
0.0046 0.3240 0.0189 0.6524 
0.5568 0.1455 0.2729 0.0247 
0.1120 0.3402 0.0738 0.4741 
0.2876 0.0715 0.3750 0.2658 
0.1322 0.3212 0.3875 0.1591 
0.2105 0.2725 0.2032 0.3139 
0.2207 0.2104 0.3343 0.2346 
0.2349 0.1855 0.3694 0.2102 
0.1488 0.3263 0.1474 0.3776 
0.3214 0.2622 0.2237 0.1927 

MOTIF filter26 
letter-probability matrix: alength= 4 w= 19 nsites= 19 
0.2478 0.2207 0.2505 0.2810 
0.2598 0.2453 0.3113 0.1836 
0.3482 0.2316 0.2287 0.1914 
0.2085 0.1911 0.2230 0.3774 
0.1046 0.6707 0.1160 0.1086 
0.0781 0.3683 0.1337 0.4199 
0.2737 0.0799 0.4304 0.2160 
0.9045 0.0132 0.0726 0.0097 
0.0040 0.0529 0.0346 0.9085 
0.2600 0.1634 0.0596 0.5170 
0.2219 0.0302 0.7246 0.0233 
0.0575 0.0689 0.8490 0.0246 
0.2427 0.2384 0.2047 0.3142 
0.1205 0.2087 0.1861 0.4847 
0.1920 0.2537 0.2941 0.2602 
0.2760 0.2681 0.2541 0.2017 
0.3389 0.2363 0.2255 0.1993 
0.3038 0.1787 0.2363 0.2811 
0.2142 0.2999 0.2544 0.2316 

MOTIF filter27 
letter-probability matrix: alength= 4 w= 19 nsites= 19 
0.2844 0.1207 0.3348 0.2602 
0.3590 0.1640 0.2364 0.2407 
0.2988 0.1680 0.1790 0.3541 
0.2261 0.2777 0.2408 0.2555 
0.4298 0.1038 0.0550 0.4114 
0.1426 0.1739 0.0623 0.6211 
0.0826 0.2603 0.0158 0.6414 
0.0758 0.0195 0.7525 0.1522 
0.9478 0.0351 0.0029 0.0143 
0.0274 0.0125 0.0221 0.9380 
0.1881 0.4195 0.1128 0.2796 
0.4906 0.1220 0.1073 0.2801 
0.3291 0.1926 0.1777 0.3006 
0.3424 0.1770 0.2142 0.2665 
0.1374 0.2231 0.3432 0.2964 
0.3378 0.1799 0.2162 0.2661 
0.2729 0.2426 0.1699 0.3146 
0.3501 0.2154 0.2186 0.2160 
0.3255 0.2993 0.1634 0.2118 

MOTIF filter28 
letter-probability matrix: alength= 4 w= 19 nsites= 19 
0.2714 0.2610 0.1611 0.3064 
0.0684 0.2132 0.0852 0.6332 
0.4218 0.0782 0.4233 0.0768 
0.0059 0.0212 0.1061 0.8669 
0.0369 0.0117 0.4415 0.5099 
0.1551 0.0097 0.5116 0.3236 
0.8408 0.0199 0.1303 0.0090 
0.0629 0.7415 0.0390 0.1566 
0.1668 0.4066 0.0223 0.4044 
0.1332 0.2802 0.1049 0.4816 
0.2600 0.1119 0.1736 0.4545 
0.1698 0.1049 0.5060 0.2193 
0.1661 0.2700 0.3379 0.2260 
0.2665 0.1873 0.2952 0.2509 
0.2498 0.3952 0.1665 0.1885 
0.1989 0.3712 0.1992 0.2308 
0.1840 0.2404 0.2114 0.3642 
0.2622 0.2391 0.1976 0.3012 
0.2023 0.2802 0.2183 0.2992 

MOTIF filter29 
letter-probability matrix: alength= 4 w= 19 nsites= 19 
0.2431 0.2490 0.2310 0.2769 
0.2965 0.1882 0.2952 0.2201 
0.2095 0.3674 0.2071 0.2159 
0.1857 0.3287 0.2461 0.2395 
0.5055 0.1225 0.2437 0.1283 
0.0763 0.4914 0.1278 0.3044 
0.0859 0.0119 0.0233 0.8789 
0.0238 0.0106 0.0193 0.9463 
0.1415 0.8107 0.0151 0.0327 
0.0151 0.8708 0.0355 0.0786 
0.0690 0.0475 0.7197 0.1638 
0.1675 0.1789 0.5776 0.0759 
0.0575 0.2099 0.2965 0.4361 
0.3800 0.1715 0.1889 0.2597 
0.4099 0.2133 0.1557 0.2210 
0.3288 0.2277 0.2820 0.1614 
0.2283 0.2507 0.3202 0.2008 
0.2418 0.2970 0.2577 0.2035 
0.2335 0.2610 0.2702 0.2353 

