MEME version 4

ALPHABET= ACGT

Background letter frequencies:
A 0.2500 C 0.2500 G 0.2500 T 0.2500 

MOTIF filter0 
letter-probability matrix: alength= 4 w= 17 nsites= 17 
0.3870 0.0966 0.0382 0.4783 
0.1794 0.2891 0.1129 0.4186 
0.1530 0.0953 0.1577 0.5941 
0.0379 0.2067 0.7048 0.0506 
0.0569 0.7854 0.0076 0.1500 
0.2173 0.3845 0.0260 0.3722 
0.2576 0.1716 0.3118 0.2590 
0.4269 0.1065 0.1370 0.3295 
0.0997 0.1914 0.6793 0.0296 
0.0000 0.0000 0.0000 1.0000 
0.0304 0.9696 0.0000 0.0000 
0.9940 0.0008 0.0052 0.0000 
0.0006 0.0543 0.5866 0.3584 
0.0432 0.7081 0.1039 0.1449 
0.4915 0.2386 0.1493 0.1206 
0.2035 0.1742 0.1317 0.4906 
0.2654 0.2167 0.1636 0.3543 

MOTIF filter1 
letter-probability matrix: alength= 4 w= 12 nsites= 12 
0.1476 0.3675 0.2097 0.2752 
0.4384 0.1530 0.2987 0.1099 
0.0197 0.5984 0.1097 0.2722 
0.0664 0.0209 0.0372 0.8755 
0.0018 0.0033 0.0437 0.9512 
0.0078 0.8430 0.1311 0.0182 
0.0015 0.9540 0.0000 0.0445 
0.0070 0.0294 0.5364 0.4272 
0.0101 0.2130 0.6611 0.1158 
0.0878 0.3166 0.2005 0.3952 
0.1580 0.3035 0.2649 0.2736 
0.1969 0.3065 0.2553 0.2412 

MOTIF filter2 
letter-probability matrix: alength= 4 w= 13 nsites= 13 
0.2268 0.2116 0.2622 0.2994 
0.2021 0.1822 0.3899 0.2258 
0.3885 0.3270 0.2692 0.0153 
0.0000 0.0029 0.0000 0.9971 
0.0000 0.0000 0.9013 0.0987 
0.9980 0.0002 0.0000 0.0018 
0.0677 0.4310 0.4222 0.0790 
0.0011 0.0000 0.0002 0.9987 
0.0874 0.9126 0.0000 0.0000 
0.9972 0.0000 0.0028 0.0000 
0.0135 0.2677 0.3122 0.4066 
0.2142 0.4024 0.1691 0.2143 
0.2962 0.2827 0.1851 0.2359 

MOTIF filter3 
letter-probability matrix: alength= 4 w= 11 nsites= 11 
0.5073 0.0908 0.2381 0.1638 
0.4030 0.1533 0.3021 0.1416 
0.4580 0.1028 0.2204 0.2189 
0.7273 0.0083 0.2643 0.0000 
0.0000 0.0000 0.0000 1.0000 
0.0000 0.1095 0.7113 0.1792 
0.5119 0.0000 0.4880 0.0001 
0.0454 0.7868 0.0021 0.1657 
0.2759 0.1049 0.2433 0.3759 
0.2101 0.2017 0.3252 0.2629 
0.2571 0.4047 0.1623 0.1759 

MOTIF filter4 
letter-probability matrix: alength= 4 w= 11 nsites= 11 
0.5357 0.0334 0.3301 0.1009 
0.0001 0.6595 0.0000 0.3404 
0.0034 0.6573 0.3390 0.0003 
0.9848 0.0077 0.0000 0.0075 
0.7489 0.0495 0.1382 0.0634 
0.0000 0.0007 0.0000 0.9993 
0.0784 0.5435 0.3574 0.0207 
0.7299 0.0236 0.2463 0.0002 
0.1266 0.1908 0.5166 0.1661 
0.3812 0.3437 0.1201 0.1550 
0.3913 0.1164 0.2985 0.1938 

MOTIF filter5 
letter-probability matrix: alength= 4 w= 12 nsites= 12 
0.5092 0.0213 0.0372 0.4323 
0.4617 0.0330 0.1018 0.4035 
0.1871 0.0447 0.1006 0.6677 
0.0281 0.0104 0.0000 0.9615 
0.0053 0.0006 0.9942 0.0000 
0.0053 0.9352 0.0000 0.0595 
0.2735 0.1573 0.0656 0.5035 
0.2495 0.1682 0.3548 0.2275 
0.7035 0.0760 0.1244 0.0961 
0.2599 0.2304 0.2834 0.2263 
0.1815 0.1854 0.1424 0.4907 
0.2239 0.2728 0.0780 0.4253 

MOTIF filter6 
letter-probability matrix: alength= 4 w= 14 nsites= 14 
0.3119 0.2278 0.2159 0.2444 
0.2541 0.1147 0.2767 0.3545 
0.5633 0.1064 0.3133 0.0169 
0.0000 0.0013 0.0001 0.9986 
0.0005 0.0000 0.1765 0.8231 
0.2241 0.0013 0.6032 0.1714 
0.0574 0.6302 0.0764 0.2359 
0.2306 0.0752 0.6345 0.0597 
0.1667 0.6024 0.0010 0.2299 
0.8237 0.1758 0.0000 0.0005 
0.9979 0.0002 0.0018 0.0001 
0.0169 0.3154 0.1111 0.5566 
0.3531 0.2899 0.1025 0.2545 
0.2449 0.2217 0.2253 0.3080 

MOTIF filter7 
letter-probability matrix: alength= 4 w= 13 nsites= 13 
0.0912 0.7270 0.0476 0.1342 
0.0953 0.3428 0.0194 0.5425 
0.6588 0.1581 0.0576 0.1255 
0.4047 0.0688 0.0771 0.4494 
0.5445 0.0359 0.0483 0.3713 
0.4952 0.0573 0.1326 0.3149 
0.6707 0.0188 0.0261 0.2844 
0.0403 0.0003 0.0533 0.9061 
0.4790 0.0002 0.5208 0.0000 
0.0299 0.0038 0.9532 0.0131 
0.2905 0.5418 0.0866 0.0811 
0.2338 0.3241 0.1764 0.2657 
0.2472 0.2600 0.2703 0.2225 

MOTIF filter8 
letter-probability matrix: alength= 4 w= 8 nsites= 8 
0.1619 0.4014 0.1270 0.3097 
0.1840 0.1311 0.0109 0.6741 
0.1631 0.0002 0.3229 0.5138 
1.0000 0.0000 0.0000 0.0000 
0.0000 0.0000 0.0000 1.0000 
0.2942 0.4618 0.0036 0.2404 
0.5335 0.0090 0.0687 0.3888 
0.2711 0.1741 0.3519 0.2028 

MOTIF filter9 
letter-probability matrix: alength= 4 w= 9 nsites= 9 
0.0490 0.4567 0.4592 0.0351 
0.1618 0.2728 0.1033 0.4622 
0.0514 0.3947 0.3475 0.2063 
0.0644 0.0000 0.0072 0.9284 
0.0000 0.0000 1.0000 0.0000 
0.0000 0.7405 0.1547 0.1047 
0.2747 0.1205 0.1495 0.4553 
0.0834 0.2206 0.3236 0.3724 
0.3238 0.1432 0.3516 0.1814 

MOTIF filter10 
letter-probability matrix: alength= 4 w= 13 nsites= 13 
0.2290 0.2491 0.3061 0.2157 
0.2238 0.1308 0.3315 0.3140 
0.4818 0.1629 0.3540 0.0013 
0.0000 0.0000 0.0000 1.0000 
0.0000 0.0000 0.6756 0.3244 
0.8181 0.0000 0.1475 0.0344 
0.0371 0.5190 0.2522 0.1917 
0.0196 0.0000 0.3865 0.5939 
0.0234 0.9712 0.0000 0.0054 
0.9996 0.0000 0.0004 0.0000 
0.4346 0.1515 0.1393 0.2746 
0.1473 0.3501 0.1528 0.3497 
0.2629 0.3569 0.1678 0.2124 

MOTIF filter11 
letter-probability matrix: alength= 4 w= 10 nsites= 10 
0.1940 0.3714 0.1527 0.2819 
0.2409 0.4526 0.2694 0.0371 
0.4881 0.0472 0.0189 0.4457 
0.0572 0.0165 0.0035 0.9228 
0.1571 0.0133 0.7536 0.0760 
0.1109 0.7879 0.0000 0.1012 
0.9522 0.0046 0.0008 0.0424 
0.4763 0.0000 0.0367 0.4870 
0.0000 0.2248 0.5669 0.2083 
0.3554 0.0360 0.5334 0.0752 

MOTIF filter12 
letter-probability matrix: alength= 4 w= 14 nsites= 14 
0.4821 0.1676 0.1974 0.1528 
0.1884 0.5087 0.2595 0.0435 
0.0325 0.3209 0.0273 0.6193 
0.2004 0.7656 0.0061 0.0279 
0.6887 0.0040 0.2936 0.0137 
0.0295 0.0000 0.7287 0.2418 
0.0072 0.9204 0.0695 0.0029 
0.9636 0.0000 0.0201 0.0163 
0.0808 0.5765 0.1343 0.2084 
0.2877 0.0301 0.0682 0.6141 
0.1970 0.1028 0.0143 0.6859 
0.1462 0.1764 0.0974 0.5800 
0.1350 0.1897 0.3399 0.3353 
0.0926 0.3692 0.3125 0.2257 

MOTIF filter13 
letter-probability matrix: alength= 4 w= 15 nsites= 15 
0.2676 0.3106 0.2471 0.1748 
0.1554 0.2459 0.1944 0.4043 
0.0874 0.2148 0.4306 0.2673 
0.8077 0.0236 0.1687 0.0000 
0.0000 0.0000 0.0000 1.0000 
0.0024 0.0011 0.0000 0.9965 
0.0000 0.0001 0.9988 0.0012 
0.0088 0.6398 0.3400 0.0114 
0.4376 0.2320 0.1378 0.1927 
0.1260 0.3352 0.0500 0.4888 
0.4472 0.3671 0.1399 0.0458 
0.7992 0.0557 0.1001 0.0450 
0.1678 0.2942 0.1863 0.3517 
0.2877 0.2121 0.2216 0.2787 
0.1711 0.3223 0.2122 0.2944 

MOTIF filter14 
letter-probability matrix: alength= 4 w= 8 nsites= 8 
0.1341 0.3803 0.2335 0.2521 
0.1838 0.5571 0.1548 0.1043 
0.4523 0.0013 0.4961 0.0503 
0.0001 0.9086 0.0000 0.0913 
0.0632 0.0000 0.9368 0.0001 
0.0753 0.4339 0.0055 0.4853 
0.1313 0.1797 0.4689 0.2200 
0.2564 0.2556 0.2866 0.2014 

MOTIF filter15 
letter-probability matrix: alength= 4 w= 8 nsites= 8 
0.2064 0.4327 0.2413 0.1196 
0.4626 0.2207 0.1570 0.1597 
0.2962 0.2142 0.4862 0.0034 
0.0001 0.9999 0.0000 0.0000 
0.9874 0.0119 0.0001 0.0006 
0.0495 0.4615 0.3798 0.1092 
0.2008 0.3791 0.2895 0.1307 
0.1485 0.4563 0.1117 0.2835 

MOTIF filter16 
letter-probability matrix: alength= 4 w= 14 nsites= 14 
0.3840 0.2515 0.1862 0.1783 
0.2388 0.2219 0.2045 0.3348 
0.4170 0.0434 0.3477 0.1918 
0.7524 0.0459 0.1468 0.0549 
0.2653 0.3204 0.2460 0.1683 
0.2627 0.0986 0.1307 0.5080 
0.2452 0.3689 0.1175 0.2683 
0.4124 0.0305 0.1348 0.4222 
0.0000 0.0000 1.0000 0.0000 
0.0000 1.0000 0.0000 0.0000 
0.7140 0.0000 0.2038 0.0822 
0.4153 0.0446 0.4536 0.0866 
0.3833 0.1259 0.0852 0.4055 
0.3572 0.1263 0.1261 0.3904 

MOTIF filter17 
letter-probability matrix: alength= 4 w= 11 nsites= 11 
0.3686 0.2576 0.1901 0.1838 
0.3477 0.1618 0.3230 0.1676 
0.4573 0.0813 0.3624 0.0990 
0.1230 0.7010 0.1041 0.0719 
0.0100 0.3737 0.0270 0.5893 
0.0000 0.0000 1.0000 0.0000 
0.1984 0.7079 0.0016 0.0922 
0.0040 0.7805 0.0000 0.2155 
0.5191 0.0075 0.4411 0.0324 
0.2272 0.2624 0.2950 0.2154 
0.1265 0.5180 0.2465 0.1090 

MOTIF filter18 
letter-probability matrix: alength= 4 w= 14 nsites= 14 
0.3283 0.2183 0.2517 0.2017 
0.2306 0.1109 0.3308 0.3277 
0.5237 0.1594 0.2912 0.0257 
0.0013 0.0076 0.0096 0.9815 
0.0012 0.0000 0.1409 0.8579 
0.1817 0.0094 0.5199 0.2890 
0.0814 0.6629 0.0574 0.1983 
0.2275 0.0949 0.6584 0.0191 
0.1880 0.4514 0.0013 0.3593 
0.6641 0.3358 0.0000 0.0002 
1.0000 0.0000 0.0000 0.0000 
0.0019 0.3381 0.1158 0.5442 
0.3516 0.2929 0.0741 0.2814 
0.2321 0.2291 0.2313 0.3075 

MOTIF filter19 
letter-probability matrix: alength= 4 w= 10 nsites= 10 
0.4221 0.1404 0.3701 0.0674 
0.3459 0.1066 0.2832 0.2643 
0.0103 0.6077 0.3815 0.0004 
0.0011 0.9984 0.0000 0.0005 
0.9943 0.0000 0.0000 0.0057 
1.0000 0.0000 0.0000 0.0000 
0.0001 0.1462 0.0138 0.8400 
0.2462 0.4379 0.2155 0.1004 
0.4806 0.1606 0.2378 0.1210 
0.2262 0.2410 0.3596 0.1732 

MOTIF filter20 
letter-probability matrix: alength= 4 w= 12 nsites= 12 
0.1751 0.4918 0.2401 0.0930 
0.2560 0.3237 0.2476 0.1727 
0.0507 0.5593 0.2702 0.1197 
0.0001 0.7068 0.1403 0.1528 
0.9380 0.0038 0.0440 0.0142 
0.0015 0.1672 0.5584 0.2728 
0.1392 0.0064 0.6712 0.1833 
0.0360 0.0123 0.7118 0.2399 
0.0000 0.0000 0.9986 0.0013 
0.0682 0.1662 0.6126 0.1529 
0.0877 0.4619 0.2134 0.2370 
0.2194 0.2316 0.4636 0.0854 

MOTIF filter21 
letter-probability matrix: alength= 4 w= 11 nsites= 11 
0.2703 0.1876 0.3556 0.1865 
0.1903 0.3855 0.2372 0.1871 
0.0347 0.9567 0.0009 0.0077 
0.8067 0.0099 0.0747 0.1087 
0.0014 0.7357 0.0068 0.2561 
0.2343 0.0074 0.7584 0.0000 
0.0688 0.0431 0.0004 0.8876 
0.0007 0.0000 0.9910 0.0082 
0.1779 0.2655 0.3618 0.1948 
0.1900 0.3402 0.1926 0.2772 
0.1892 0.3090 0.2171 0.2847 

MOTIF filter22 
letter-probability matrix: alength= 4 w= 10 nsites= 10 
0.4618 0.1583 0.3092 0.0706 
0.1430 0.5878 0.2432 0.0260 
0.4741 0.4453 0.0510 0.0296 
0.0679 0.0051 0.9174 0.0096 
0.0510 0.0049 0.9416 0.0024 
0.9983 0.0001 0.0013 0.0003 
0.9236 0.0080 0.0047 0.0637 
0.3165 0.0832 0.5874 0.0129 
0.1180 0.2509 0.1356 0.4954 
0.2508 0.1773 0.4093 0.1627 

MOTIF filter23 
letter-probability matrix: alength= 4 w= 19 nsites= 19 
0.0716 0.6657 0.1187 0.1440 
0.3863 0.2309 0.1201 0.2627 
0.1681 0.5726 0.1440 0.1153 
0.4406 0.1732 0.1017 0.2846 
0.1779 0.1799 0.4433 0.1988 
0.3719 0.2498 0.2405 0.1378 
0.2492 0.3233 0.2549 0.1726 
0.2785 0.2004 0.0842 0.4369 
0.1017 0.2320 0.2860 0.3803 
0.0398 0.6708 0.0874 0.2020 
0.0054 0.2112 0.0201 0.7633 
0.1654 0.1635 0.5811 0.0900 
0.8992 0.0002 0.1001 0.0005 
0.0003 0.2484 0.0878 0.6635 
0.0424 0.0163 0.0009 0.9404 
0.1749 0.1681 0.6530 0.0039 
0.3015 0.0005 0.6954 0.0027 
0.0630 0.3801 0.0022 0.5547 
0.0683 0.2672 0.1817 0.4828 

MOTIF filter24 
letter-probability matrix: alength= 4 w= 12 nsites= 12 
0.1617 0.3192 0.3956 0.1235 
0.0726 0.4036 0.4462 0.0775 
0.0868 0.4846 0.3872 0.0414 
0.0416 0.3072 0.5859 0.0653 
0.0168 0.5008 0.4816 0.0008 
0.0004 0.4585 0.5408 0.0003 
0.0264 0.6215 0.3382 0.0140 
0.0198 0.3860 0.5013 0.0929 
0.0045 0.6051 0.3547 0.0357 
0.0790 0.3677 0.3066 0.2467 
0.2410 0.2924 0.3867 0.0799 
0.0841 0.3350 0.4499 0.1310 

MOTIF filter25 
letter-probability matrix: alength= 4 w= 12 nsites= 12 
0.5530 0.0399 0.0507 0.3563 
0.4404 0.0756 0.0574 0.4267 
0.2849 0.1569 0.1705 0.3877 
0.0640 0.0916 0.0052 0.8392 
0.0006 0.0337 0.9654 0.0003 
0.1201 0.8773 0.0000 0.0026 
0.0000 0.0226 0.0000 0.9774 
0.0000 0.0000 0.9173 0.0827 
1.0000 0.0000 0.0000 0.0000 
0.0209 0.6099 0.2446 0.1245 
0.2311 0.1909 0.1202 0.4578 
0.1705 0.2418 0.1414 0.4464 

MOTIF filter26 
letter-probability matrix: alength= 4 w= 9 nsites= 9 
0.2340 0.2184 0.4047 0.1429 
0.6226 0.1610 0.0375 0.1789 
0.0000 0.0952 0.9034 0.0013 
0.3632 0.0019 0.0000 0.6349 
0.0000 0.2403 0.0000 0.7597 
0.9253 0.0000 0.0708 0.0038 
0.5958 0.0791 0.1335 0.1916 
0.0730 0.5448 0.3335 0.0487 
0.2700 0.1789 0.2858 0.2653 

MOTIF filter27 
letter-probability matrix: alength= 4 w= 13 nsites= 13 
0.3924 0.0844 0.0735 0.4497 
0.4695 0.0682 0.0799 0.3824 
0.4581 0.0149 0.0903 0.4367 
0.5892 0.0036 0.0376 0.3696 
0.4975 0.0006 0.0210 0.4808 
0.3791 0.0021 0.0004 0.6184 
0.3825 0.0035 0.0112 0.6029 
0.4002 0.1622 0.0097 0.4279 
0.4277 0.0434 0.0169 0.5120 
0.5944 0.0720 0.0099 0.3237 
0.3217 0.1094 0.0915 0.4774 
0.3382 0.0783 0.1164 0.4670 
0.4287 0.0814 0.0697 0.4203 

MOTIF filter28 
letter-probability matrix: alength= 4 w= 10 nsites= 10 
0.2850 0.3402 0.2016 0.1731 
0.1874 0.3848 0.1688 0.2590 
0.3122 0.1219 0.4178 0.1481 
0.1542 0.1574 0.0202 0.6682 
0.0004 0.5242 0.4754 0.0000 
0.7735 0.1064 0.0000 0.1200 
0.0067 0.0000 0.0778 0.9154 
0.0000 0.4197 0.5803 0.0000 
0.4091 0.0888 0.3027 0.1994 
0.3453 0.2421 0.1240 0.2886 

MOTIF filter29 
letter-probability matrix: alength= 4 w= 12 nsites= 12 
0.1701 0.1575 0.3232 0.3491 
0.1730 0.3992 0.1447 0.2831 
0.4223 0.1434 0.2698 0.1645 
0.0881 0.0357 0.6908 0.1854 
0.0028 0.9956 0.0003 0.0013 
0.2771 0.5212 0.0090 0.1927 
0.9794 0.0012 0.0081 0.0113 
0.3889 0.0001 0.0003 0.6107 
0.3685 0.0234 0.0162 0.5919 
0.1938 0.0216 0.0160 0.7685 
0.1119 0.0987 0.0223 0.7671 
0.2499 0.1234 0.1964 0.4303 

