MEME version 4

ALPHABET= ACGT

Background letter frequencies:
A 0.2500 C 0.2500 G 0.2500 T 0.2500 

MOTIF filter0 
letter-probability matrix: alength= 4 w= 10 nsites= 10 
0.3061 0.2443 0.2617 0.1879 
0.2500 0.1241 0.3023 0.3236 
0.0936 0.5061 0.1169 0.2834 
0.0357 0.5934 0.1311 0.2398 
0.6403 0.0698 0.1801 0.1099 
0.9083 0.0124 0.0347 0.0445 
0.0060 0.0239 0.0074 0.9626 
0.1127 0.3238 0.1258 0.4376 
0.3488 0.1281 0.4723 0.0508 
0.3193 0.1260 0.4163 0.1383 

MOTIF filter1 
letter-probability matrix: alength= 4 w= 12 nsites= 12 
0.2401 0.2434 0.2677 0.2488 
0.2759 0.2395 0.2838 0.2008 
0.4889 0.1449 0.2669 0.0993 
0.1155 0.6593 0.1636 0.0617 
0.1076 0.8530 0.0292 0.0102 
0.0161 0.0127 0.9580 0.0132 
0.0105 0.0202 0.9470 0.0223 
0.9501 0.0072 0.0122 0.0305 
0.7959 0.0446 0.0092 0.1503 
0.2829 0.1331 0.5531 0.0309 
0.0736 0.2320 0.0967 0.5978 
0.2924 0.1970 0.3093 0.2013 

MOTIF filter2 
letter-probability matrix: alength= 4 w= 10 nsites= 10 
0.2749 0.1964 0.2290 0.2997 
0.2799 0.1938 0.3459 0.1805 
0.3271 0.1504 0.5087 0.0138 
0.0351 0.1051 0.0645 0.7953 
0.0095 0.4514 0.5128 0.0263 
0.9566 0.0062 0.0079 0.0293 
0.0213 0.6349 0.0343 0.3095 
0.2279 0.0874 0.5383 0.1463 
0.0903 0.2921 0.1048 0.5128 
0.2450 0.2646 0.2741 0.2163 

MOTIF filter3 
letter-probability matrix: alength= 4 w= 13 nsites= 13 
0.2937 0.2502 0.2906 0.1654 
0.1507 0.3361 0.1932 0.3200 
0.1288 0.1960 0.5690 0.1062 
0.1038 0.0855 0.6814 0.1293 
0.0697 0.7258 0.1211 0.0834 
0.1377 0.4913 0.2999 0.0710 
0.1004 0.0389 0.7730 0.0878 
0.0363 0.9461 0.0101 0.0074 
0.0238 0.9225 0.0491 0.0046 
0.9274 0.0263 0.0386 0.0077 
0.0276 0.0696 0.0399 0.8628 
0.1702 0.2194 0.2605 0.3499 
0.1981 0.0973 0.1979 0.5066 

MOTIF filter4 
letter-probability matrix: alength= 4 w= 12 nsites= 12 
0.1715 0.2484 0.3624 0.2177 
0.2268 0.1690 0.3429 0.2613 
0.5158 0.1142 0.3267 0.0432 
0.0120 0.0322 0.0074 0.9484 
0.0127 0.0094 0.8752 0.1027 
0.9589 0.0159 0.0054 0.0199 
0.0640 0.4468 0.4277 0.0615 
0.0275 0.0075 0.0150 0.9501 
0.1146 0.8639 0.0070 0.0145 
0.9543 0.0059 0.0260 0.0138 
0.0439 0.3315 0.1084 0.5161 
0.2837 0.3207 0.1580 0.2375 

MOTIF filter5 
letter-probability matrix: alength= 4 w= 9 nsites= 9 
0.3364 0.1500 0.0916 0.4220 
0.2253 0.1605 0.1511 0.4630 
0.4362 0.0942 0.0843 0.3853 
0.7832 0.0069 0.0980 0.1118 
0.2630 0.0561 0.0852 0.5957 
0.4734 0.0110 0.0670 0.4486 
0.3261 0.2137 0.1950 0.2652 
0.3290 0.1272 0.1485 0.3952 
0.3198 0.1949 0.1046 0.3806 

MOTIF filter6 
letter-probability matrix: alength= 4 w= 14 nsites= 14 
0.2173 0.2536 0.2971 0.2320 
0.2047 0.1524 0.3234 0.3195 
0.4675 0.1522 0.3291 0.0512 
0.0177 0.0229 0.0223 0.9371 
0.0158 0.0091 0.2762 0.6989 
0.3742 0.0123 0.4006 0.2129 
0.0670 0.6733 0.1083 0.1515 
0.1340 0.1009 0.6963 0.0688 
0.2630 0.3528 0.0177 0.3664 
0.6670 0.2997 0.0121 0.0212 
0.9143 0.0377 0.0337 0.0143 
0.0598 0.2724 0.1688 0.4990 
0.3173 0.3243 0.1521 0.2063 
0.2551 0.2747 0.2492 0.2211 

MOTIF filter7 
letter-probability matrix: alength= 4 w= 13 nsites= 13 
0.4861 0.0408 0.1308 0.3424 
0.4938 0.0145 0.0329 0.4588 
0.4518 0.0502 0.0237 0.4744 
0.2821 0.1771 0.1181 0.4227 
0.0783 0.3662 0.0298 0.5256 
0.0230 0.0215 0.9529 0.0025 
0.0699 0.8149 0.0083 0.1069 
0.1382 0.3235 0.0740 0.4643 
0.2805 0.0427 0.4348 0.2419 
0.6431 0.0552 0.2408 0.0608 
0.0445 0.5837 0.2269 0.1450 
0.1238 0.2952 0.3243 0.2567 
0.2094 0.3155 0.1563 0.3188 

MOTIF filter8 
letter-probability matrix: alength= 4 w= 11 nsites= 11 
0.0688 0.3377 0.3421 0.2514 
0.0863 0.2674 0.3749 0.2714 
0.0955 0.1887 0.4826 0.2332 
0.4653 0.0533 0.4355 0.0459 
0.0488 0.1324 0.2142 0.6046 
0.1408 0.0082 0.3803 0.4708 
0.0772 0.0919 0.7534 0.0775 
0.0287 0.0158 0.9215 0.0340 
0.0879 0.3300 0.1374 0.4447 
0.0539 0.2987 0.3373 0.3100 
0.2147 0.2315 0.3858 0.1680 

MOTIF filter9 
letter-probability matrix: alength= 4 w= 9 nsites= 9 
0.1948 0.2405 0.1391 0.4257 
0.2066 0.4433 0.1538 0.1963 
0.4103 0.0998 0.0579 0.4320 
0.0163 0.0044 0.9613 0.0181 
0.0195 0.9650 0.0052 0.0102 
0.5575 0.0222 0.1022 0.3181 
0.2042 0.2239 0.3433 0.2286 
0.4263 0.1320 0.2176 0.2241 
0.1925 0.2668 0.1817 0.3590 

MOTIF filter10 
letter-probability matrix: alength= 4 w= 11 nsites= 11 
0.1623 0.3441 0.2287 0.2649 
0.0735 0.3710 0.1445 0.4110 
0.0303 0.2032 0.4911 0.2754 
0.9295 0.0122 0.0442 0.0141 
0.0096 0.0310 0.0043 0.9551 
0.0665 0.0068 0.0026 0.9241 
0.0099 0.0671 0.8848 0.0382 
0.0203 0.0772 0.8949 0.0077 
0.2323 0.3444 0.1033 0.3200 
0.0449 0.4127 0.0742 0.4682 
0.3748 0.2112 0.3348 0.0792 

MOTIF filter11 
letter-probability matrix: alength= 4 w= 11 nsites= 11 
0.0767 0.3746 0.2462 0.3025 
0.4865 0.1289 0.3346 0.0499 
0.4345 0.0872 0.3283 0.1501 
0.0074 0.9607 0.0215 0.0104 
0.0189 0.9345 0.0403 0.0062 
0.9201 0.0061 0.0088 0.0650 
0.9473 0.0079 0.0337 0.0111 
0.0086 0.0474 0.0036 0.9404 
0.2167 0.5262 0.2060 0.0511 
0.5082 0.1076 0.3567 0.0275 
0.2038 0.2497 0.3776 0.1689 

MOTIF filter12 
letter-probability matrix: alength= 4 w= 13 nsites= 13 
0.2023 0.2633 0.2827 0.2517 
0.1983 0.1717 0.4099 0.2201 
0.5059 0.2000 0.2464 0.0477 
0.0142 0.0500 0.0076 0.9282 
0.0106 0.0060 0.8470 0.1365 
0.9541 0.0092 0.0096 0.0271 
0.0511 0.4307 0.4533 0.0648 
0.0198 0.0071 0.0097 0.9634 
0.1254 0.8608 0.0058 0.0080 
0.9434 0.0059 0.0421 0.0086 
0.0411 0.2429 0.1802 0.5357 
0.1654 0.4618 0.1664 0.2064 
0.2309 0.3028 0.2820 0.1843 

MOTIF filter13 
letter-probability matrix: alength= 4 w= 7 nsites= 7 
0.2909 0.1135 0.1785 0.4170 
0.0894 0.3444 0.1359 0.4303 
0.2373 0.0857 0.4917 0.1853 
0.0230 0.8392 0.0413 0.0966 
0.5134 0.0697 0.2838 0.1332 
0.5328 0.0133 0.1729 0.2810 
0.0086 0.4483 0.2287 0.3144 

MOTIF filter14 
letter-probability matrix: alength= 4 w= 14 nsites= 14 
0.2496 0.2305 0.2721 0.2478 
0.2379 0.1869 0.2666 0.3086 
0.4486 0.1725 0.3307 0.0482 
0.0125 0.0238 0.0130 0.9507 
0.0123 0.0167 0.0081 0.9630 
0.1036 0.0155 0.8150 0.0660 
0.0506 0.8162 0.0461 0.0871 
0.2032 0.0978 0.5960 0.1030 
0.2244 0.3524 0.0232 0.4000 
0.6475 0.3187 0.0137 0.0202 
0.9010 0.0311 0.0404 0.0276 
0.0568 0.3507 0.1711 0.4214 
0.3141 0.2736 0.1783 0.2341 
0.2446 0.2564 0.2531 0.2459 

MOTIF filter15 
letter-probability matrix: alength= 4 w= 11 nsites= 11 
0.3775 0.1212 0.3349 0.1664 
0.1935 0.3662 0.2940 0.1463 
0.0203 0.9612 0.0051 0.0133 
0.8792 0.0116 0.0354 0.0738 
0.0077 0.8284 0.0179 0.1460 
0.1236 0.0226 0.8473 0.0065 
0.1032 0.0976 0.0232 0.7760 
0.0182 0.0085 0.9611 0.0121 
0.1654 0.2330 0.3982 0.2033 
0.1729 0.3495 0.1571 0.3205 
0.1843 0.3206 0.2628 0.2323 

MOTIF filter16 
letter-probability matrix: alength= 4 w= 13 nsites= 13 
0.0409 0.8313 0.0523 0.0755 
0.0359 0.3573 0.0456 0.5611 
0.8563 0.0457 0.0107 0.0873 
0.3855 0.0079 0.0107 0.5959 
0.5742 0.0086 0.0079 0.4092 
0.4082 0.0115 0.0072 0.5731 
0.6406 0.0071 0.0140 0.3383 
0.0948 0.0131 0.0590 0.8331 
0.6199 0.0296 0.3286 0.0220 
0.0734 0.0489 0.8415 0.0362 
0.3080 0.4025 0.1173 0.1722 
0.3065 0.2834 0.1543 0.2558 
0.2446 0.2935 0.1865 0.2754 

MOTIF filter17 
letter-probability matrix: alength= 4 w= 8 nsites= 8 
0.1234 0.5738 0.2297 0.0730 
0.1653 0.3999 0.4101 0.0247 
0.2774 0.3304 0.3410 0.0513 
0.0738 0.8751 0.0045 0.0466 
0.0098 0.8382 0.1365 0.0155 
0.5695 0.2118 0.0779 0.1408 
0.5206 0.3165 0.1434 0.0194 
0.2440 0.2715 0.0643 0.4201 

MOTIF filter18 
letter-probability matrix: alength= 4 w= 14 nsites= 14 
0.2465 0.2522 0.2575 0.2438 
0.2530 0.1971 0.2916 0.2583 
0.3232 0.1890 0.3399 0.1479 
0.0721 0.0825 0.0589 0.7865 
0.0795 0.0445 0.3027 0.5734 
0.4560 0.0764 0.3555 0.1121 
0.1240 0.4777 0.0821 0.3163 
0.0405 0.0204 0.9005 0.0386 
0.0638 0.8623 0.0113 0.0626 
0.9405 0.0057 0.0404 0.0134 
0.9508 0.0113 0.0260 0.0118 
0.0667 0.2677 0.1648 0.5007 
0.2816 0.2920 0.2070 0.2195 
0.2512 0.2647 0.2837 0.2004 

MOTIF filter19 
letter-probability matrix: alength= 4 w= 14 nsites= 14 
0.3764 0.1748 0.2615 0.1872 
0.2506 0.3489 0.2327 0.1678 
0.1612 0.2112 0.5722 0.0554 
0.0426 0.0329 0.0268 0.8977 
0.1379 0.8073 0.0077 0.0471 
0.6192 0.0562 0.2999 0.0247 
0.0695 0.0103 0.7981 0.1221 
0.0024 0.9373 0.0452 0.0151 
0.5906 0.0303 0.3092 0.0700 
0.4570 0.1433 0.1732 0.2264 
0.4570 0.0509 0.0672 0.4249 
0.4540 0.0388 0.0400 0.4672 
0.3477 0.1502 0.0418 0.4604 
0.2107 0.2607 0.1353 0.3933 

MOTIF filter20 
letter-probability matrix: alength= 4 w= 10 nsites= 10 
0.2599 0.3223 0.2489 0.1690 
0.1584 0.6711 0.0846 0.0859 
0.4850 0.0397 0.3816 0.0937 
0.0078 0.8357 0.0095 0.1469 
0.2150 0.0157 0.7604 0.0089 
0.0865 0.2448 0.0094 0.6592 
0.0212 0.0671 0.7566 0.1551 
0.1726 0.2953 0.3062 0.2259 
0.2054 0.2826 0.1957 0.3163 
0.2411 0.2561 0.2193 0.2835 

MOTIF filter21 
letter-probability matrix: alength= 4 w= 14 nsites= 14 
0.2336 0.2531 0.2984 0.2149 
0.2116 0.1668 0.3181 0.3034 
0.4381 0.1584 0.3618 0.0417 
0.0232 0.0619 0.0233 0.8916 
0.0324 0.0149 0.5391 0.4135 
0.4612 0.0333 0.2029 0.3026 
0.1065 0.5595 0.0885 0.2456 
0.0618 0.0373 0.8683 0.0326 
0.1163 0.6932 0.0122 0.1783 
0.9471 0.0216 0.0159 0.0154 
0.9680 0.0131 0.0099 0.0090 
0.0393 0.2815 0.1517 0.5275 
0.3020 0.3229 0.1740 0.2011 
0.2587 0.2670 0.2496 0.2247 

MOTIF filter22 
letter-probability matrix: alength= 4 w= 15 nsites= 15 
0.1744 0.3273 0.1977 0.3005 
0.1758 0.2648 0.4542 0.1052 
0.4851 0.3444 0.1612 0.0093 
0.0087 0.1534 0.0232 0.8147 
0.0115 0.0058 0.8934 0.0892 
0.9503 0.0101 0.0172 0.0224 
0.0585 0.6037 0.1762 0.1616 
0.2081 0.1474 0.1525 0.4920 
0.3037 0.3099 0.1896 0.1968 
0.2938 0.0721 0.4541 0.1800 
0.1127 0.0099 0.8017 0.0756 
0.0175 0.8040 0.1075 0.0711 
0.5639 0.0433 0.2772 0.1155 
0.3255 0.1738 0.2327 0.2679 
0.3460 0.0730 0.1215 0.4595 

MOTIF filter23 
letter-probability matrix: alength= 4 w= 19 nsites= 19 
0.0247 0.9191 0.0473 0.0089 
0.4006 0.2517 0.2243 0.1234 
0.3085 0.3280 0.1772 0.1863 
0.1815 0.1938 0.1279 0.4967 
0.1773 0.3013 0.3518 0.1696 
0.4114 0.1501 0.3661 0.0724 
0.3183 0.2744 0.2110 0.1963 
0.2639 0.4023 0.0710 0.2628 
0.1990 0.2139 0.1393 0.4478 
0.2865 0.3776 0.2512 0.0847 
0.0221 0.1995 0.0385 0.7400 
0.0671 0.4500 0.4221 0.0608 
0.9622 0.0073 0.0192 0.0112 
0.0284 0.0867 0.0760 0.8089 
0.1049 0.1038 0.0098 0.7815 
0.0091 0.0439 0.9402 0.0068 
0.0860 0.0949 0.7345 0.0846 
0.1305 0.3117 0.1012 0.4566 
0.1960 0.4109 0.1392 0.2538 

MOTIF filter24 
letter-probability matrix: alength= 4 w= 7 nsites= 7 
0.2634 0.1254 0.4402 0.1710 
0.1530 0.2701 0.4546 0.1224 
0.0218 0.9303 0.0211 0.0269 
0.0101 0.0098 0.9648 0.0152 
0.1182 0.4930 0.2503 0.1385 
0.1564 0.4908 0.1257 0.2271 
0.3234 0.2445 0.2514 0.1807 

MOTIF filter25 
letter-probability matrix: alength= 4 w= 15 nsites= 15 
0.4342 0.0938 0.0620 0.4099 
0.2570 0.2018 0.2083 0.3329 
0.1337 0.2587 0.0496 0.5580 
0.0840 0.0969 0.7894 0.0296 
0.0601 0.8116 0.0156 0.1127 
0.1779 0.4055 0.0838 0.3329 
0.2277 0.1798 0.3074 0.2850 
0.4457 0.2209 0.1144 0.2191 
0.1256 0.1119 0.7228 0.0397 
0.0153 0.0174 0.0068 0.9605 
0.0699 0.9077 0.0102 0.0121 
0.8746 0.0104 0.1089 0.0062 
0.0203 0.1487 0.3779 0.4531 
0.0867 0.5130 0.1919 0.2085 
0.3923 0.1741 0.3024 0.1313 

MOTIF filter26 
letter-probability matrix: alength= 4 w= 9 nsites= 9 
0.1720 0.3974 0.2347 0.1959 
0.3150 0.1252 0.0476 0.5122 
0.1149 0.0324 0.3035 0.5492 
0.9655 0.0102 0.0080 0.0164 
0.0150 0.0109 0.0113 0.9628 
0.5730 0.2796 0.0249 0.1226 
0.5297 0.0424 0.1222 0.3056 
0.1969 0.2410 0.3868 0.1753 
0.2642 0.2109 0.3033 0.2216 

MOTIF filter27 
letter-probability matrix: alength= 4 w= 14 nsites= 14 
0.2175 0.2743 0.2710 0.2372 
0.1857 0.1780 0.2779 0.3584 
0.4982 0.1855 0.2898 0.0265 
0.0088 0.0242 0.0137 0.9534 
0.0147 0.0430 0.0037 0.9386 
0.1041 0.0140 0.7724 0.1095 
0.0427 0.9001 0.0189 0.0384 
0.4351 0.0935 0.3723 0.0990 
0.1337 0.2590 0.0907 0.5166 
0.4306 0.4117 0.0460 0.1116 
0.6902 0.0919 0.1275 0.0903 
0.1590 0.3544 0.1967 0.2899 
0.2464 0.2783 0.2166 0.2587 
0.2328 0.3155 0.2259 0.2258 

MOTIF filter28 
letter-probability matrix: alength= 4 w= 12 nsites= 12 
0.3782 0.1321 0.1452 0.3445 
0.3675 0.1426 0.1932 0.2966 
0.2691 0.1405 0.2426 0.3478 
0.0660 0.2708 0.0217 0.6415 
0.0169 0.0516 0.9228 0.0088 
0.1698 0.6174 0.0084 0.2044 
0.0129 0.2642 0.0522 0.6708 
0.0155 0.0126 0.8784 0.0935 
0.6778 0.2187 0.0093 0.0942 
0.2105 0.2975 0.3479 0.1441 
0.3431 0.2000 0.2191 0.2378 
0.1786 0.2876 0.2368 0.2970 

MOTIF filter29 
letter-probability matrix: alength= 4 w= 11 nsites= 11 
0.2139 0.3178 0.2185 0.2497 
0.5537 0.1114 0.2442 0.0908 
0.0357 0.5230 0.1427 0.2986 
0.1713 0.0170 0.0548 0.7568 
0.0240 0.0131 0.0085 0.9544 
0.0298 0.9170 0.0311 0.0221 
0.0157 0.9410 0.0218 0.0215 
0.0181 0.0413 0.7909 0.1497 
0.0655 0.1826 0.6013 0.1506 
0.0919 0.2449 0.1574 0.5057 
0.2084 0.2523 0.2741 0.2653 

