MEME version 4

ALPHABET= ACGT

Background letter frequencies:
A 0.2500 C 0.2500 G 0.2500 T 0.2500 

MOTIF filter0 
letter-probability matrix: alength= 4 w= 8 nsites= 8 
0.1779 0.3558 0.2634 0.2029 
0.3165 0.1520 0.0666 0.4649 
0.1305 0.0372 0.3017 0.5306 
0.9405 0.0125 0.0148 0.0321 
0.0194 0.0114 0.0101 0.9592 
0.5037 0.3286 0.0422 0.1255 
0.4857 0.0677 0.1526 0.2940 
0.2163 0.2679 0.3391 0.1767 

MOTIF filter1 
letter-probability matrix: alength= 4 w= 13 nsites= 13 
0.2765 0.2450 0.2422 0.2363 
0.2805 0.2497 0.2629 0.2069 
0.5296 0.1356 0.2356 0.0992 
0.1333 0.6530 0.1540 0.0597 
0.1204 0.8368 0.0306 0.0122 
0.0180 0.0125 0.9594 0.0101 
0.0233 0.0204 0.9376 0.0188 
0.9488 0.0140 0.0138 0.0234 
0.7796 0.0461 0.0126 0.1618 
0.2641 0.1294 0.5777 0.0288 
0.0899 0.2225 0.0965 0.5911 
0.2748 0.2059 0.3092 0.2101 
0.3009 0.2514 0.2956 0.1521 

MOTIF filter2 
letter-probability matrix: alength= 4 w= 12 nsites= 12 
0.2708 0.2236 0.2944 0.2112 
0.3072 0.1716 0.3420 0.1792 
0.2170 0.2780 0.2997 0.2053 
0.0275 0.9595 0.0058 0.0072 
0.9425 0.0071 0.0148 0.0355 
0.0068 0.7630 0.0243 0.2058 
0.1307 0.0108 0.8434 0.0151 
0.0901 0.3030 0.0213 0.5856 
0.0537 0.0538 0.7456 0.1468 
0.2565 0.2070 0.3363 0.2001 
0.1537 0.3796 0.1458 0.3208 
0.1888 0.3291 0.2292 0.2529 

MOTIF filter3 
letter-probability matrix: alength= 4 w= 10 nsites= 10 
0.2645 0.1473 0.4379 0.1503 
0.1812 0.2013 0.3497 0.2678 
0.1205 0.5917 0.2253 0.0624 
0.1021 0.0062 0.8883 0.0033 
0.0248 0.9542 0.0035 0.0176 
0.0347 0.0279 0.9281 0.0093 
0.0490 0.7353 0.0254 0.1903 
0.1246 0.1551 0.3949 0.3254 
0.3188 0.3398 0.2116 0.1298 
0.1162 0.1952 0.2165 0.4721 

MOTIF filter4 
letter-probability matrix: alength= 4 w= 12 nsites= 12 
0.1916 0.2551 0.3312 0.2221 
0.2208 0.1767 0.3151 0.2874 
0.5234 0.0927 0.3331 0.0508 
0.0127 0.0290 0.0072 0.9511 
0.0137 0.0094 0.8675 0.1095 
0.9591 0.0159 0.0069 0.0181 
0.0608 0.4488 0.4232 0.0671 
0.0197 0.0073 0.0180 0.9550 
0.1081 0.8707 0.0076 0.0136 
0.9370 0.0088 0.0364 0.0178 
0.0523 0.3580 0.0933 0.4964 
0.2855 0.3265 0.1562 0.2318 

MOTIF filter5 
letter-probability matrix: alength= 4 w= 10 nsites= 10 
0.1550 0.4685 0.1499 0.2266 
0.1776 0.4332 0.1183 0.2709 
0.4172 0.1302 0.0987 0.3540 
0.3411 0.0405 0.0078 0.6105 
0.7156 0.0260 0.0443 0.2140 
0.2140 0.0573 0.0387 0.6900 
0.5853 0.0093 0.0439 0.3616 
0.3601 0.0942 0.1360 0.4097 
0.2692 0.1241 0.4399 0.1668 
0.1884 0.1428 0.4792 0.1896 

MOTIF filter6 
letter-probability matrix: alength= 4 w= 14 nsites= 14 
0.2352 0.2533 0.2866 0.2249 
0.2083 0.1649 0.2879 0.3388 
0.4217 0.1570 0.3636 0.0578 
0.0192 0.0347 0.0205 0.9256 
0.0132 0.0153 0.2042 0.7673 
0.3695 0.0144 0.4579 0.1581 
0.0640 0.7033 0.0647 0.1680 
0.0578 0.0323 0.8737 0.0362 
0.0956 0.7517 0.0076 0.1452 
0.9618 0.0210 0.0100 0.0072 
0.9751 0.0047 0.0139 0.0062 
0.0387 0.3278 0.1543 0.4792 
0.3587 0.2859 0.1666 0.1888 
0.2329 0.2730 0.2676 0.2264 

MOTIF filter7 
letter-probability matrix: alength= 4 w= 19 nsites= 19 
0.3421 0.2367 0.2178 0.2034 
0.2449 0.0975 0.3040 0.3536 
0.0411 0.6363 0.0472 0.2753 
0.0184 0.7109 0.0256 0.2451 
0.6024 0.0720 0.2062 0.1193 
0.9655 0.0041 0.0236 0.0068 
0.0036 0.0267 0.0030 0.9667 
0.1403 0.2332 0.0939 0.5325 
0.3812 0.0727 0.5339 0.0123 
0.1777 0.1283 0.5926 0.1014 
0.3179 0.2655 0.2223 0.1943 
0.1783 0.2856 0.2494 0.2867 
0.2378 0.2116 0.3299 0.2206 
0.2772 0.2301 0.2893 0.2035 
0.2949 0.2366 0.2632 0.2053 
0.3088 0.2142 0.2089 0.2681 
0.1315 0.2795 0.4221 0.1670 
0.1951 0.2032 0.3623 0.2393 
0.0823 0.1374 0.6967 0.0835 

MOTIF filter8 
letter-probability matrix: alength= 4 w= 10 nsites= 10 
0.2041 0.3331 0.1858 0.2770 
0.5927 0.1005 0.2112 0.0956 
0.0370 0.5618 0.1343 0.2669 
0.1750 0.0164 0.0473 0.7613 
0.0267 0.0104 0.0115 0.9513 
0.0223 0.9231 0.0328 0.0218 
0.0132 0.9524 0.0166 0.0179 
0.0156 0.0329 0.8154 0.1361 
0.0718 0.1672 0.6115 0.1496 
0.0961 0.2505 0.1486 0.5048 

MOTIF filter9 
letter-probability matrix: alength= 4 w= 12 nsites= 12 
0.2410 0.2533 0.3079 0.1978 
0.3347 0.1634 0.3025 0.1994 
0.2188 0.3783 0.2203 0.1827 
0.1401 0.7206 0.0656 0.0737 
0.5383 0.0308 0.2944 0.1365 
0.0175 0.8580 0.0082 0.1163 
0.1697 0.0210 0.8001 0.0092 
0.0697 0.0148 0.0057 0.9098 
0.0085 0.0081 0.9550 0.0284 
0.1306 0.3393 0.2699 0.2602 
0.2148 0.2842 0.1945 0.3065 
0.2192 0.2744 0.2457 0.2607 

MOTIF filter10 
letter-probability matrix: alength= 4 w= 19 nsites= 19 
0.1468 0.5055 0.2155 0.1322 
0.0205 0.8665 0.0931 0.0199 
0.3922 0.2999 0.1925 0.1153 
0.3237 0.3057 0.2183 0.1522 
0.2282 0.2032 0.1801 0.3885 
0.1608 0.2538 0.2937 0.2918 
0.3493 0.2369 0.2940 0.1198 
0.2417 0.2896 0.3080 0.1607 
0.3285 0.3050 0.1328 0.2337 
0.1313 0.2194 0.2464 0.4029 
0.1406 0.4112 0.2842 0.1640 
0.0531 0.2478 0.0934 0.6057 
0.0738 0.2239 0.5604 0.1419 
0.9403 0.0103 0.0288 0.0206 
0.0201 0.0451 0.0439 0.8909 
0.0548 0.0134 0.0181 0.9136 
0.0077 0.0203 0.9493 0.0227 
0.0415 0.0296 0.9189 0.0099 
0.1091 0.3500 0.0547 0.4861 

MOTIF filter11 
letter-probability matrix: alength= 4 w= 12 nsites= 12 
0.5073 0.0518 0.0690 0.3719 
0.4311 0.0966 0.0719 0.4004 
0.2783 0.1892 0.1614 0.3712 
0.1131 0.2365 0.0347 0.6157 
0.0174 0.0256 0.9508 0.0062 
0.1212 0.8122 0.0135 0.0531 
0.0500 0.2327 0.0582 0.6591 
0.0887 0.0192 0.7267 0.1654 
0.8283 0.0721 0.0326 0.0670 
0.0713 0.5063 0.2568 0.1656 
0.1560 0.2232 0.3630 0.2578 
0.1745 0.2899 0.1948 0.3408 

MOTIF filter12 
letter-probability matrix: alength= 4 w= 9 nsites= 9 
0.0614 0.0257 0.0444 0.8684 
0.1257 0.8194 0.0146 0.0404 
0.6964 0.0727 0.2016 0.0293 
0.0221 0.0166 0.8877 0.0736 
0.0099 0.9655 0.0131 0.0115 
0.6595 0.0319 0.2248 0.0837 
0.3894 0.1688 0.1734 0.2683 
0.3819 0.0882 0.1152 0.4147 
0.3812 0.0825 0.0627 0.4737 

MOTIF filter13 
letter-probability matrix: alength= 4 w= 11 nsites= 11 
0.1501 0.0838 0.0840 0.6821 
0.0808 0.2031 0.2831 0.4330 
0.5481 0.0106 0.2844 0.1570 
0.0364 0.7713 0.0390 0.1532 
0.3224 0.0417 0.5818 0.0541 
0.3974 0.0066 0.0420 0.5540 
0.0094 0.6865 0.1774 0.1268 
0.6676 0.0197 0.2558 0.0569 
0.1077 0.3506 0.1517 0.3900 
0.2501 0.3129 0.1710 0.2659 
0.2574 0.2779 0.2479 0.2169 

MOTIF filter14 
letter-probability matrix: alength= 4 w= 8 nsites= 8 
0.1955 0.3171 0.2594 0.2280 
0.2159 0.2267 0.3174 0.2400 
0.1330 0.3563 0.3632 0.1475 
0.0130 0.9432 0.0140 0.0299 
0.0068 0.0069 0.9648 0.0215 
0.1389 0.4132 0.3091 0.1388 
0.3254 0.3000 0.1733 0.2013 
0.3041 0.2334 0.2805 0.1819 

MOTIF filter15 
letter-probability matrix: alength= 4 w= 11 nsites= 11 
0.6023 0.0633 0.2112 0.1232 
0.4680 0.2016 0.0813 0.2491 
0.3976 0.2059 0.2125 0.1841 
0.9389 0.0101 0.0239 0.0270 
0.0081 0.0183 0.0126 0.9610 
0.0165 0.0439 0.9139 0.0257 
0.0253 0.0321 0.8688 0.0738 
0.1229 0.7244 0.0460 0.1066 
0.0879 0.2097 0.5276 0.1748 
0.1610 0.1949 0.4652 0.1789 
0.2118 0.4955 0.1184 0.1742 

MOTIF filter16 
letter-probability matrix: alength= 4 w= 14 nsites= 14 
0.2243 0.2588 0.2595 0.2573 
0.1738 0.1634 0.2922 0.3707 
0.5237 0.1430 0.3009 0.0324 
0.0070 0.0149 0.0077 0.9704 
0.0080 0.0111 0.0221 0.9587 
0.1598 0.0110 0.7282 0.1010 
0.0368 0.8532 0.0420 0.0679 
0.1743 0.0922 0.6647 0.0687 
0.1984 0.4324 0.0141 0.3551 
0.7660 0.2098 0.0119 0.0123 
0.9319 0.0228 0.0276 0.0177 
0.0494 0.3186 0.1602 0.4719 
0.3141 0.3068 0.1696 0.2094 
0.2469 0.2523 0.2702 0.2306 

MOTIF filter17 
letter-probability matrix: alength= 4 w= 7 nsites= 7 
0.3113 0.4512 0.2175 0.0199 
0.2018 0.3010 0.0120 0.4852 
0.1353 0.2454 0.4950 0.1243 
0.0281 0.3328 0.5461 0.0931 
0.1599 0.2851 0.3504 0.2046 
0.1796 0.3492 0.3463 0.1249 
0.2043 0.2780 0.3088 0.2089 

MOTIF filter18 
letter-probability matrix: alength= 4 w= 14 nsites= 14 
0.2425 0.2490 0.2815 0.2270 
0.2252 0.1649 0.3112 0.2986 
0.4320 0.1718 0.3261 0.0700 
0.0351 0.0710 0.0240 0.8699 
0.0607 0.0271 0.6726 0.2397 
0.4928 0.0536 0.1303 0.3232 
0.0972 0.4820 0.0945 0.3264 
0.0583 0.0344 0.8722 0.0351 
0.1394 0.6761 0.0174 0.1671 
0.8960 0.0618 0.0240 0.0183 
0.9555 0.0128 0.0168 0.0150 
0.0382 0.3175 0.1611 0.4832 
0.3352 0.2953 0.1692 0.2003 
0.2432 0.2684 0.2687 0.2198 

MOTIF filter19 
letter-probability matrix: alength= 4 w= 9 nsites= 9 
0.3451 0.1257 0.1226 0.4065 
0.3885 0.0567 0.2611 0.2937 
0.4574 0.0546 0.2127 0.2753 
0.6698 0.0081 0.0797 0.2424 
0.2816 0.1081 0.0277 0.5826 
0.0170 0.2151 0.0059 0.7620 
0.3368 0.4466 0.0428 0.1738 
0.4160 0.2154 0.1387 0.2299 
0.5442 0.1149 0.1192 0.2217 

MOTIF filter20 
letter-probability matrix: alength= 4 w= 11 nsites= 11 
0.1960 0.3353 0.2126 0.2561 
0.0231 0.3556 0.1380 0.4833 
0.1094 0.2157 0.4779 0.1970 
0.9409 0.0067 0.0465 0.0058 
0.0173 0.0370 0.0126 0.9331 
0.1129 0.0120 0.0071 0.8680 
0.0140 0.0774 0.8785 0.0302 
0.0107 0.0057 0.9654 0.0183 
0.1817 0.3061 0.0958 0.4163 
0.0456 0.3863 0.1137 0.4544 
0.2755 0.2206 0.4153 0.0886 

MOTIF filter21 
letter-probability matrix: alength= 4 w= 12 nsites= 12 
0.1732 0.2721 0.2713 0.2833 
0.2179 0.1834 0.4261 0.1726 
0.4220 0.2365 0.2961 0.0453 
0.0215 0.0512 0.0097 0.9176 
0.0160 0.0161 0.8486 0.1193 
0.9166 0.0245 0.0166 0.0423 
0.0625 0.4495 0.4232 0.0648 
0.0395 0.0155 0.0229 0.9221 
0.1355 0.8411 0.0100 0.0134 
0.9331 0.0083 0.0465 0.0121 
0.0557 0.2756 0.1999 0.4687 
0.1744 0.4072 0.2037 0.2148 

MOTIF filter22 
letter-probability matrix: alength= 4 w= 17 nsites= 17 
0.1606 0.2479 0.3217 0.2697 
0.1208 0.4055 0.1455 0.3281 
0.2245 0.0548 0.5724 0.1483 
0.1186 0.7933 0.0278 0.0602 
0.0171 0.9602 0.0106 0.0121 
0.5148 0.2604 0.1578 0.0671 
0.0653 0.5588 0.1367 0.2391 
0.1087 0.5874 0.0411 0.2628 
0.4695 0.0455 0.0385 0.4466 
0.2663 0.0537 0.5718 0.1082 
0.2462 0.1561 0.5429 0.0548 
0.0744 0.1592 0.2624 0.5039 
0.0117 0.0137 0.9415 0.0331 
0.0614 0.0419 0.7590 0.1377 
0.1672 0.5190 0.0543 0.2594 
0.3066 0.2056 0.3699 0.1179 
0.2778 0.3061 0.2606 0.1555 

MOTIF filter23 
letter-probability matrix: alength= 4 w= 13 nsites= 13 
0.0955 0.3563 0.3090 0.2392 
0.3659 0.1708 0.4014 0.0619 
0.4739 0.0884 0.3014 0.1363 
0.0342 0.9489 0.0073 0.0096 
0.0472 0.8299 0.1070 0.0158 
0.8635 0.0103 0.0179 0.1084 
0.8646 0.0274 0.0758 0.0322 
0.0205 0.0677 0.0127 0.8991 
0.1371 0.5359 0.2557 0.0714 
0.5919 0.1047 0.2885 0.0149 
0.2437 0.2092 0.3777 0.1694 
0.4029 0.2214 0.2378 0.1379 
0.3512 0.0754 0.3867 0.1866 

MOTIF filter24 
letter-probability matrix: alength= 4 w= 9 nsites= 9 
0.3230 0.0372 0.2219 0.4179 
0.3823 0.1586 0.3496 0.1095 
0.0998 0.6298 0.0597 0.2107 
0.1227 0.1845 0.6436 0.0492 
0.1030 0.0490 0.8116 0.0364 
0.0079 0.7358 0.0643 0.1920 
0.0300 0.3705 0.2656 0.3339 
0.2798 0.1013 0.4335 0.1854 
0.1895 0.2969 0.2506 0.2630 

MOTIF filter25 
letter-probability matrix: alength= 4 w= 18 nsites= 18 
0.5014 0.0546 0.1079 0.3362 
0.4628 0.0788 0.0617 0.3967 
0.2833 0.1930 0.1458 0.3779 
0.1170 0.1982 0.0425 0.6422 
0.0280 0.0560 0.9033 0.0127 
0.0353 0.9054 0.0039 0.0555 
0.2273 0.3566 0.0597 0.3564 
0.2621 0.1129 0.4360 0.1890 
0.5051 0.1759 0.1297 0.1894 
0.0833 0.1378 0.7557 0.0232 
0.0197 0.0189 0.0072 0.9542 
0.0926 0.8787 0.0074 0.0213 
0.8011 0.0091 0.1761 0.0136 
0.0158 0.1406 0.4561 0.3876 
0.0549 0.6544 0.1548 0.1359 
0.4306 0.1183 0.3162 0.1349 
0.2510 0.2634 0.1781 0.3074 
0.3333 0.1460 0.1710 0.3497 

MOTIF filter26 
letter-probability matrix: alength= 4 w= 11 nsites= 11 
0.2362 0.2208 0.2247 0.3183 
0.1651 0.2322 0.1544 0.4483 
0.0811 0.3833 0.1657 0.3699 
0.5085 0.0552 0.3834 0.0529 
0.4073 0.1213 0.3547 0.1168 
0.0176 0.8360 0.0802 0.0663 
0.0100 0.9364 0.0434 0.0102 
0.8551 0.0054 0.0115 0.1279 
0.9387 0.0099 0.0289 0.0225 
0.0393 0.0704 0.0145 0.8758 
0.1955 0.5551 0.2254 0.0240 

MOTIF filter27 
letter-probability matrix: alength= 4 w= 14 nsites= 14 
0.2374 0.2638 0.2743 0.2246 
0.1778 0.1687 0.2825 0.3711 
0.5170 0.1618 0.2831 0.0381 
0.0120 0.0125 0.0162 0.9592 
0.0142 0.0225 0.0104 0.9529 
0.0955 0.0208 0.7718 0.1118 
0.0464 0.8591 0.0391 0.0554 
0.3000 0.0991 0.4813 0.1196 
0.2029 0.2980 0.0616 0.4375 
0.5071 0.4211 0.0225 0.0493 
0.8269 0.0506 0.0753 0.0472 
0.0979 0.3468 0.1985 0.3568 
0.2721 0.2935 0.1992 0.2352 
0.2343 0.2852 0.2540 0.2266 

MOTIF filter28 
letter-probability matrix: alength= 4 w= 16 nsites= 16 
0.1185 0.2875 0.1938 0.4002 
0.1470 0.1905 0.6029 0.0596 
0.4128 0.4534 0.1189 0.0149 
0.0083 0.1502 0.0065 0.8350 
0.0099 0.0044 0.9442 0.0415 
0.9608 0.0071 0.0111 0.0211 
0.0341 0.7489 0.1409 0.0761 
0.2037 0.1312 0.1578 0.5074 
0.2256 0.4815 0.1058 0.1871 
0.3599 0.0584 0.3620 0.2198 
0.0598 0.0035 0.9002 0.0365 
0.0075 0.9378 0.0272 0.0276 
0.6713 0.0140 0.2286 0.0861 
0.3936 0.1576 0.1890 0.2597 
0.3990 0.0569 0.0714 0.4726 
0.3603 0.0855 0.0410 0.5132 

MOTIF filter29 
letter-probability matrix: alength= 4 w= 11 nsites= 11 
0.1758 0.1206 0.4998 0.2038 
0.1740 0.5026 0.1745 0.1489 
0.1805 0.5081 0.2267 0.0847 
0.1060 0.0320 0.7298 0.1322 
0.0628 0.8792 0.0334 0.0246 
0.0137 0.9386 0.0339 0.0138 
0.9651 0.0085 0.0187 0.0076 
0.0137 0.0258 0.0120 0.9486 
0.1838 0.1952 0.1966 0.4244 
0.2188 0.0938 0.1930 0.4945 
0.1173 0.2375 0.0719 0.5732 

