MEME version 4

ALPHABET= ACGT

Background letter frequencies:
A 0.2500 C 0.2500 G 0.2500 T 0.2500 

MOTIF filter0 
letter-probability matrix: alength= 4 w= 11 nsites= 11 
0.2104 0.2886 0.2888 0.2122 
0.4090 0.2154 0.1650 0.2106 
0.1911 0.3753 0.2837 0.1499 
0.1072 0.1562 0.7126 0.0241 
0.0103 0.0184 0.0139 0.9573 
0.1283 0.8440 0.0058 0.0219 
0.8424 0.0151 0.1232 0.0193 
0.0221 0.0100 0.8146 0.1533 
0.0027 0.9551 0.0305 0.0118 
0.5667 0.0221 0.2835 0.1277 
0.3299 0.1903 0.1852 0.2945 

MOTIF filter1 
letter-probability matrix: alength= 4 w= 12 nsites= 12 
0.2103 0.3342 0.1945 0.2610 
0.5795 0.1089 0.2175 0.0941 
0.0400 0.5592 0.1115 0.2893 
0.1855 0.0155 0.0503 0.7487 
0.0288 0.0134 0.0097 0.9481 
0.0163 0.9372 0.0318 0.0148 
0.0185 0.9519 0.0166 0.0130 
0.0087 0.0378 0.8167 0.1369 
0.0608 0.1629 0.6520 0.1243 
0.0896 0.2640 0.1596 0.4868 
0.1957 0.2439 0.2547 0.3056 
0.2271 0.2526 0.2580 0.2623 

MOTIF filter2 
letter-probability matrix: alength= 4 w= 12 nsites= 12 
0.2780 0.2318 0.2875 0.2027 
0.3348 0.1833 0.2927 0.1892 
0.2186 0.3274 0.2960 0.1580 
0.0671 0.9029 0.0199 0.0102 
0.7755 0.0143 0.1279 0.0823 
0.0067 0.7957 0.0151 0.1826 
0.1653 0.0149 0.8127 0.0071 
0.0781 0.1423 0.0206 0.7590 
0.0189 0.0151 0.8849 0.0810 
0.1740 0.2655 0.3333 0.2272 
0.1915 0.3160 0.1771 0.3154 
0.2250 0.2887 0.2245 0.2618 

MOTIF filter3 
letter-probability matrix: alength= 4 w= 9 nsites= 9 
0.1371 0.3056 0.0908 0.4664 
0.3980 0.0478 0.4063 0.1479 
0.4669 0.0220 0.4000 0.1111 
0.0074 0.9611 0.0209 0.0106 
0.1940 0.2037 0.3961 0.2061 
0.1042 0.0508 0.7134 0.1316 
0.1251 0.4282 0.0467 0.4000 
0.1899 0.3069 0.1072 0.3960 
0.2322 0.1683 0.3279 0.2716 

MOTIF filter4 
letter-probability matrix: alength= 4 w= 11 nsites= 11 
0.1223 0.3894 0.1593 0.3290 
0.0272 0.3837 0.1186 0.4705 
0.1928 0.2110 0.4272 0.1689 
0.9587 0.0060 0.0138 0.0215 
0.0254 0.0604 0.0065 0.9076 
0.0457 0.0098 0.0050 0.9394 
0.0444 0.1698 0.7512 0.0346 
0.0543 0.0028 0.9010 0.0419 
0.3016 0.2306 0.0606 0.4072 
0.1628 0.4108 0.1747 0.2517 
0.1671 0.2014 0.5013 0.1301 

MOTIF filter5 
letter-probability matrix: alength= 4 w= 15 nsites= 15 
0.2962 0.2103 0.2814 0.2121 
0.4474 0.1046 0.2335 0.2144 
0.4904 0.0381 0.1545 0.3171 
0.5167 0.0421 0.0557 0.3855 
0.4711 0.0691 0.0601 0.3997 
0.2817 0.1711 0.1588 0.3884 
0.0876 0.2604 0.0621 0.5898 
0.0091 0.0290 0.9593 0.0025 
0.1209 0.8580 0.0084 0.0127 
0.0106 0.1498 0.0245 0.8151 
0.0150 0.0042 0.8723 0.1085 
0.9445 0.0110 0.0164 0.0281 
0.0375 0.6668 0.1688 0.1269 
0.2058 0.2738 0.2761 0.2443 
0.1962 0.2805 0.2154 0.3079 

MOTIF filter6 
letter-probability matrix: alength= 4 w= 14 nsites= 14 
0.2370 0.2535 0.2734 0.2362 
0.2253 0.1553 0.3006 0.3187 
0.4390 0.2048 0.2631 0.0930 
0.0313 0.0903 0.0261 0.8522 
0.0413 0.0234 0.2744 0.6609 
0.3287 0.0336 0.2595 0.3782 
0.1334 0.5868 0.1485 0.1314 
0.2157 0.1844 0.4611 0.1388 
0.2764 0.3253 0.0354 0.3629 
0.5973 0.3729 0.0127 0.0170 
0.8507 0.0377 0.0857 0.0258 
0.0798 0.2877 0.1912 0.4414 
0.3297 0.2682 0.1780 0.2241 
0.2446 0.2654 0.2619 0.2281 

MOTIF filter7 
letter-probability matrix: alength= 4 w= 11 nsites= 11 
0.1790 0.2727 0.2623 0.2861 
0.1528 0.3058 0.2548 0.2867 
0.1157 0.4413 0.2589 0.1841 
0.1063 0.1481 0.0574 0.6882 
0.1808 0.0106 0.0107 0.7979 
0.9664 0.0087 0.0112 0.0138 
0.0214 0.0204 0.0103 0.9479 
0.0108 0.9548 0.0223 0.0122 
0.3154 0.0329 0.2460 0.4057 
0.2590 0.2251 0.2822 0.2337 
0.2212 0.2490 0.2618 0.2681 

MOTIF filter8 
letter-probability matrix: alength= 4 w= 10 nsites= 10 
0.2855 0.2502 0.2576 0.2066 
0.5018 0.1585 0.2636 0.0761 
0.1362 0.6187 0.1851 0.0600 
0.1284 0.8325 0.0258 0.0134 
0.0166 0.0131 0.9524 0.0180 
0.0110 0.0148 0.9580 0.0162 
0.9554 0.0070 0.0137 0.0239 
0.7751 0.0359 0.0127 0.1763 
0.2752 0.1272 0.5730 0.0246 
0.0804 0.1776 0.0932 0.6488 

MOTIF filter9 
letter-probability matrix: alength= 4 w= 19 nsites= 19 
0.4669 0.0771 0.1026 0.3534 
0.4446 0.0600 0.0577 0.4377 
0.2958 0.2315 0.1706 0.3021 
0.0800 0.2400 0.0080 0.6720 
0.0216 0.0081 0.9645 0.0057 
0.0358 0.8972 0.0053 0.0617 
0.1446 0.4170 0.0345 0.4039 
0.1839 0.0817 0.5643 0.1701 
0.5587 0.1073 0.2346 0.0994 
0.1070 0.4038 0.3714 0.1178 
0.1043 0.1984 0.1320 0.5653 
0.1921 0.5009 0.1095 0.1975 
0.3501 0.0480 0.4551 0.1468 
0.0786 0.0106 0.8442 0.0666 
0.0226 0.8759 0.0687 0.0329 
0.4752 0.1562 0.2099 0.1587 
0.4044 0.1329 0.2587 0.2040 
0.4169 0.0432 0.0698 0.4700 
0.3923 0.0691 0.0405 0.4981 

MOTIF filter10 
letter-probability matrix: alength= 4 w= 19 nsites= 19 
0.0973 0.6018 0.1891 0.1118 
0.0144 0.9453 0.0337 0.0066 
0.5355 0.1755 0.1149 0.1741 
0.5327 0.2661 0.1257 0.0755 
0.1989 0.1491 0.0815 0.5706 
0.1367 0.3926 0.2545 0.2161 
0.4134 0.1470 0.3529 0.0867 
0.2808 0.2661 0.3415 0.1116 
0.2686 0.2546 0.2796 0.1972 
0.1892 0.2462 0.2829 0.2817 
0.1664 0.3948 0.2491 0.1897 
0.1201 0.2791 0.1403 0.4605 
0.2212 0.1998 0.4094 0.1697 
0.6249 0.1083 0.1187 0.1481 
0.0991 0.1270 0.1691 0.6048 
0.1620 0.1075 0.1705 0.5600 
0.0041 0.0264 0.9466 0.0229 
0.0877 0.1365 0.6921 0.0836 
0.2157 0.2433 0.2061 0.3349 

MOTIF filter11 
letter-probability matrix: alength= 4 w= 13 nsites= 13 
0.2424 0.2879 0.2703 0.1993 
0.0537 0.3671 0.1536 0.4255 
0.0746 0.1563 0.5354 0.2338 
0.8845 0.0038 0.1026 0.0091 
0.0369 0.0425 0.0490 0.8717 
0.2276 0.0132 0.0206 0.7386 
0.0330 0.0530 0.8891 0.0248 
0.0278 0.0605 0.8957 0.0160 
0.1238 0.3672 0.1423 0.3667 
0.0481 0.2815 0.0783 0.5922 
0.5005 0.1833 0.2207 0.0954 
0.4520 0.1120 0.2572 0.1787 
0.2009 0.3002 0.2512 0.2477 

MOTIF filter12 
letter-probability matrix: alength= 4 w= 12 nsites= 12 
0.2109 0.2696 0.2782 0.2412 
0.2442 0.1702 0.3576 0.2281 
0.4783 0.1429 0.3140 0.0648 
0.0120 0.0380 0.0112 0.9388 
0.0138 0.0098 0.8098 0.1667 
0.9237 0.0283 0.0171 0.0309 
0.0823 0.4427 0.4015 0.0736 
0.0342 0.0143 0.0327 0.9188 
0.1577 0.8214 0.0061 0.0148 
0.9295 0.0085 0.0516 0.0104 
0.0680 0.3201 0.1643 0.4476 
0.2328 0.3580 0.1790 0.2302 

MOTIF filter13 
letter-probability matrix: alength= 4 w= 12 nsites= 12 
0.1498 0.5306 0.0616 0.2579 
0.5182 0.0860 0.2384 0.1574 
0.0998 0.0785 0.6791 0.1427 
0.0224 0.8205 0.0773 0.0799 
0.5169 0.0470 0.3366 0.0994 
0.3469 0.1742 0.2066 0.2723 
0.4087 0.0448 0.0464 0.5001 
0.3696 0.0225 0.0085 0.5993 
0.2643 0.0919 0.0083 0.6355 
0.1680 0.2130 0.0524 0.5667 
0.1788 0.2960 0.1794 0.3459 
0.2399 0.2827 0.2518 0.2256 

MOTIF filter14 
letter-probability matrix: alength= 4 w= 18 nsites= 18 
0.0798 0.3342 0.3872 0.1988 
0.0868 0.3432 0.3798 0.1902 
0.0711 0.2566 0.5297 0.1427 
0.0148 0.8043 0.1530 0.0279 
0.0893 0.5046 0.2959 0.1102 
0.1197 0.1257 0.7013 0.0533 
0.1600 0.2893 0.5310 0.0197 
0.0507 0.4697 0.3983 0.0813 
0.0567 0.7432 0.0423 0.1578 
0.1008 0.6392 0.2023 0.0576 
0.0838 0.2656 0.5681 0.0825 
0.0470 0.1449 0.7145 0.0937 
0.0769 0.5497 0.3101 0.0634 
0.2497 0.3762 0.2943 0.0798 
0.0906 0.3096 0.5043 0.0955 
0.1119 0.3057 0.2955 0.2869 
0.1682 0.2486 0.4431 0.1401 
0.0674 0.2622 0.6643 0.0061 

MOTIF filter15 
letter-probability matrix: alength= 4 w= 14 nsites= 14 
0.2733 0.2424 0.1945 0.2898 
0.2337 0.2366 0.3155 0.2142 
0.2924 0.1315 0.4497 0.1265 
0.1183 0.1050 0.0902 0.6866 
0.0665 0.3233 0.2107 0.3995 
0.5776 0.0366 0.2395 0.1463 
0.0256 0.7678 0.0233 0.1833 
0.3629 0.0379 0.5193 0.0799 
0.3426 0.0070 0.0260 0.6244 
0.0074 0.6310 0.3198 0.0418 
0.7117 0.0689 0.1430 0.0764 
0.0512 0.4458 0.1653 0.3377 
0.2556 0.2749 0.1897 0.2797 
0.2964 0.2408 0.2108 0.2521 

MOTIF filter16 
letter-probability matrix: alength= 4 w= 14 nsites= 14 
0.2448 0.2552 0.2639 0.2362 
0.2016 0.2267 0.2877 0.2840 
0.3232 0.1684 0.3681 0.1403 
0.0863 0.0756 0.0966 0.7415 
0.0882 0.0612 0.2403 0.6103 
0.3908 0.0585 0.3822 0.1685 
0.0905 0.6569 0.0632 0.1895 
0.0499 0.0266 0.8846 0.0390 
0.0349 0.8922 0.0066 0.0664 
0.9158 0.0027 0.0748 0.0068 
0.9575 0.0106 0.0168 0.0151 
0.0401 0.3442 0.1768 0.4389 
0.3103 0.2615 0.2200 0.2082 
0.2270 0.2607 0.2690 0.2432 

MOTIF filter17 
letter-probability matrix: alength= 4 w= 11 nsites= 11 
0.1095 0.3723 0.2022 0.3159 
0.4329 0.1319 0.3562 0.0790 
0.4945 0.0685 0.2706 0.1664 
0.0124 0.9317 0.0198 0.0361 
0.0276 0.8930 0.0585 0.0209 
0.8955 0.0072 0.0109 0.0865 
0.9357 0.0096 0.0332 0.0216 
0.0075 0.0384 0.0051 0.9490 
0.1745 0.5422 0.1792 0.1041 
0.5145 0.1219 0.3325 0.0310 
0.2203 0.1887 0.3947 0.1963 

MOTIF filter18 
letter-probability matrix: alength= 4 w= 15 nsites= 15 
0.1480 0.2646 0.3021 0.2853 
0.1040 0.4111 0.1574 0.3275 
0.2396 0.0546 0.5491 0.1567 
0.0963 0.8240 0.0319 0.0479 
0.0151 0.9581 0.0116 0.0152 
0.5222 0.2798 0.1382 0.0598 
0.0488 0.5897 0.1110 0.2506 
0.0694 0.5901 0.0565 0.2840 
0.4566 0.0560 0.0467 0.4407 
0.2815 0.0504 0.5783 0.0898 
0.2664 0.1548 0.5291 0.0497 
0.0643 0.1769 0.2982 0.4607 
0.0116 0.0141 0.9650 0.0093 
0.0523 0.0341 0.8178 0.0958 
0.1745 0.5335 0.0848 0.2072 

MOTIF filter19 
letter-probability matrix: alength= 4 w= 14 nsites= 14 
0.2269 0.2853 0.2614 0.2264 
0.2005 0.2032 0.2777 0.3185 
0.4484 0.1859 0.3316 0.0341 
0.0104 0.0190 0.0111 0.9595 
0.0083 0.0234 0.0068 0.9614 
0.0544 0.0131 0.8871 0.0454 
0.0518 0.8046 0.0517 0.0919 
0.2814 0.0839 0.5287 0.1060 
0.2319 0.2741 0.0959 0.3981 
0.4872 0.3775 0.0260 0.1093 
0.7432 0.0839 0.0966 0.0764 
0.1370 0.3298 0.1943 0.3389 
0.2741 0.2923 0.2085 0.2251 
0.2283 0.2824 0.2422 0.2472 

MOTIF filter20 
letter-probability matrix: alength= 4 w= 9 nsites= 9 
0.2198 0.3660 0.2702 0.1440 
0.1493 0.3610 0.3240 0.1657 
0.1314 0.0968 0.6295 0.1424 
0.0115 0.9640 0.0170 0.0075 
0.0209 0.0333 0.9356 0.0103 
0.0861 0.6784 0.0888 0.1467 
0.1064 0.3136 0.3807 0.1993 
0.0880 0.2930 0.3884 0.2307 
0.1368 0.2497 0.1999 0.4135 

MOTIF filter21 
letter-probability matrix: alength= 4 w= 15 nsites= 15 
0.3617 0.0811 0.0941 0.4630 
0.0924 0.1552 0.5966 0.1557 
0.1680 0.7402 0.0757 0.0161 
0.4594 0.0092 0.0065 0.5249 
0.0227 0.1446 0.7574 0.0753 
0.2301 0.4052 0.2003 0.1644 
0.3627 0.0994 0.2076 0.3302 
0.1470 0.4950 0.1904 0.1676 
0.3861 0.1409 0.1968 0.2762 
0.0982 0.4390 0.4106 0.0522 
0.4509 0.1041 0.0926 0.3524 
0.0648 0.2679 0.6151 0.0523 
0.2051 0.2106 0.1289 0.4554 
0.1842 0.2824 0.4155 0.1179 
0.2588 0.3005 0.1464 0.2942 

MOTIF filter22 
letter-probability matrix: alength= 4 w= 12 nsites= 12 
0.1899 0.2876 0.2029 0.3196 
0.3113 0.1107 0.3433 0.2347 
0.2844 0.4700 0.1367 0.1089 
0.0466 0.9174 0.0065 0.0295 
0.0283 0.0046 0.9585 0.0086 
0.2836 0.3070 0.1806 0.2289 
0.4726 0.1774 0.0218 0.3282 
0.6719 0.0805 0.0893 0.1583 
0.6202 0.1149 0.2055 0.0594 
0.2196 0.4748 0.2509 0.0548 
0.3514 0.1802 0.4152 0.0531 
0.3254 0.1789 0.3812 0.1145 

MOTIF filter23 
letter-probability matrix: alength= 4 w= 10 nsites= 10 
0.3003 0.2363 0.2379 0.2254 
0.2115 0.2665 0.2275 0.2945 
0.3784 0.2307 0.0531 0.3378 
0.0988 0.0427 0.6595 0.1990 
0.9250 0.0203 0.0299 0.0247 
0.0130 0.0038 0.0225 0.9607 
0.7347 0.0499 0.0118 0.2036 
0.6284 0.0625 0.1595 0.1496 
0.1917 0.2241 0.3891 0.1952 
0.2866 0.2508 0.2971 0.1655 

MOTIF filter24 
letter-probability matrix: alength= 4 w= 17 nsites= 17 
0.3636 0.2028 0.2695 0.1642 
0.1878 0.3447 0.2489 0.2186 
0.2338 0.3533 0.2875 0.1254 
0.6099 0.1575 0.2148 0.0178 
0.0041 0.1068 0.0109 0.8782 
0.0047 0.0048 0.9413 0.0492 
0.9665 0.0069 0.0062 0.0204 
0.0466 0.7100 0.1157 0.1278 
0.1935 0.0783 0.1453 0.5829 
0.2456 0.4246 0.1238 0.2061 
0.3267 0.0738 0.3957 0.2038 
0.0790 0.0032 0.8851 0.0327 
0.0079 0.9086 0.0573 0.0263 
0.6184 0.0368 0.2110 0.1338 
0.3258 0.2002 0.2192 0.2547 
0.3809 0.0966 0.1176 0.4050 
0.3169 0.1448 0.0806 0.4577 

MOTIF filter25 
letter-probability matrix: alength= 4 w= 15 nsites= 15 
0.2756 0.2058 0.2336 0.2850 
0.1539 0.2093 0.0378 0.5990 
0.0378 0.0696 0.8809 0.0117 
0.0367 0.8665 0.0040 0.0927 
0.2399 0.3194 0.0737 0.3670 
0.2105 0.1344 0.3859 0.2692 
0.5878 0.1356 0.0752 0.2014 
0.1322 0.1011 0.7136 0.0531 
0.0194 0.0124 0.0080 0.9602 
0.0615 0.9246 0.0084 0.0055 
0.8961 0.0203 0.0786 0.0049 
0.0126 0.2335 0.1428 0.6111 
0.1482 0.2624 0.3769 0.2125 
0.2018 0.2934 0.3194 0.1854 
0.1827 0.2543 0.2217 0.3413 

MOTIF filter26 
letter-probability matrix: alength= 4 w= 11 nsites= 11 
0.5891 0.0718 0.2052 0.1338 
0.5013 0.1748 0.0792 0.2447 
0.4458 0.1633 0.1923 0.1986 
0.9547 0.0100 0.0170 0.0183 
0.0109 0.0128 0.0139 0.9624 
0.0197 0.0383 0.8979 0.0441 
0.0273 0.0377 0.8466 0.0885 
0.1413 0.6845 0.0398 0.1344 
0.0739 0.2371 0.4973 0.1917 
0.1398 0.1836 0.4970 0.1796 
0.2148 0.4710 0.1369 0.1774 

MOTIF filter27 
letter-probability matrix: alength= 4 w= 19 nsites= 19 
0.4423 0.1286 0.0735 0.3555 
0.4035 0.0951 0.0260 0.4755 
0.3617 0.1307 0.0752 0.4324 
0.4248 0.0623 0.0665 0.4464 
0.7321 0.0512 0.0539 0.1628 
0.2913 0.0334 0.0600 0.6153 
0.2975 0.1157 0.0377 0.5491 
0.4051 0.1422 0.0653 0.3874 
0.3963 0.1427 0.1159 0.3450 
0.4582 0.1547 0.1873 0.1998 
0.2045 0.0075 0.1912 0.5968 
0.7124 0.0113 0.0311 0.2451 
0.6629 0.0243 0.0403 0.2725 
0.1384 0.0203 0.0082 0.8331 
0.4991 0.0279 0.0140 0.4591 
0.5190 0.0500 0.0672 0.3637 
0.4260 0.0115 0.0759 0.4867 
0.5915 0.0474 0.1048 0.2562 
0.2327 0.1559 0.1287 0.4827 

MOTIF filter28 
letter-probability matrix: alength= 4 w= 13 nsites= 13 
0.2166 0.1846 0.3500 0.2488 
0.4612 0.1607 0.3407 0.0374 
0.0142 0.1291 0.0165 0.8402 
0.0200 0.0130 0.8161 0.1509 
0.6660 0.0752 0.1044 0.1544 
0.0892 0.1062 0.1121 0.6924 
0.0118 0.0173 0.9512 0.0197 
0.3056 0.4694 0.0146 0.2104 
0.8787 0.0749 0.0171 0.0293 
0.9349 0.0268 0.0207 0.0176 
0.0560 0.2848 0.2066 0.4526 
0.2838 0.3302 0.1783 0.2077 
0.2661 0.2596 0.2248 0.2494 

MOTIF filter29 
letter-probability matrix: alength= 4 w= 11 nsites= 11 
0.1717 0.1453 0.4798 0.2032 
0.1978 0.4803 0.1909 0.1310 
0.1794 0.5117 0.2353 0.0736 
0.1166 0.0334 0.7176 0.1323 
0.0787 0.8525 0.0388 0.0300 
0.0387 0.8992 0.0375 0.0246 
0.9675 0.0114 0.0129 0.0082 
0.0132 0.0190 0.0096 0.9582 
0.2162 0.1973 0.1757 0.4107 
0.2356 0.0767 0.1562 0.5315 
0.1373 0.2043 0.0767 0.5816 

