MEME version 4

ALPHABET= ACGT

Background letter frequencies:
A 0.2500 C 0.2500 G 0.2500 T 0.2500 

MOTIF filter0 
letter-probability matrix: alength= 4 w= 19 nsites= 19 
0.3089 0.2389 0.1984 0.2537 
0.2358 0.1926 0.3885 0.1831 
0.2934 0.2565 0.2867 0.1634 
0.0887 0.7725 0.1201 0.0187 
0.0212 0.3112 0.6288 0.0388 
0.2719 0.0793 0.3040 0.3448 
0.3455 0.0983 0.0068 0.5495 
0.5288 0.2850 0.0990 0.0872 
0.0789 0.1545 0.3092 0.4574 
0.5483 0.0282 0.0776 0.3458 
0.5185 0.1990 0.0906 0.1920 
0.0428 0.5237 0.4101 0.0235 
0.0357 0.0943 0.7802 0.0898 
0.1976 0.2834 0.2199 0.2991 
0.2252 0.3564 0.2327 0.1856 
0.2345 0.2446 0.2704 0.2504 
0.1296 0.3404 0.2479 0.2821 
0.2658 0.2079 0.3918 0.1344 
0.3546 0.2061 0.2131 0.2261 

MOTIF filter1 
letter-probability matrix: alength= 4 w= 19 nsites= 19 
0.1764 0.2580 0.3894 0.1762 
0.4707 0.1980 0.1968 0.1344 
0.0781 0.3571 0.0913 0.4734 
0.0966 0.0491 0.1796 0.6747 
0.1484 0.0715 0.1515 0.6286 
0.0716 0.8978 0.0104 0.0202 
0.0059 0.8458 0.0615 0.0869 
0.3756 0.1978 0.2266 0.1999 
0.2866 0.0120 0.4232 0.2782 
0.2156 0.0345 0.5321 0.2177 
0.6318 0.0430 0.0100 0.3151 
0.8224 0.0223 0.0137 0.1416 
0.4144 0.2591 0.1848 0.1417 
0.0824 0.3466 0.3752 0.1958 
0.0861 0.1736 0.6901 0.0502 
0.2872 0.1591 0.3358 0.2179 
0.2401 0.2845 0.2490 0.2263 
0.3701 0.1266 0.2728 0.2305 
0.2069 0.2642 0.2108 0.3181 

MOTIF filter2 
letter-probability matrix: alength= 4 w= 19 nsites= 19 
0.2040 0.2245 0.4348 0.1366 
0.1682 0.2260 0.3060 0.2998 
0.5395 0.1331 0.2838 0.0436 
0.0085 0.0391 0.0064 0.9460 
0.0096 0.0053 0.7778 0.2073 
0.9342 0.0298 0.0165 0.0195 
0.0443 0.4970 0.4049 0.0538 
0.0177 0.0060 0.0197 0.9566 
0.1418 0.8293 0.0055 0.0234 
0.9497 0.0146 0.0283 0.0074 
0.0195 0.3980 0.1373 0.4451 
0.2116 0.3727 0.1466 0.2691 
0.2278 0.3280 0.2763 0.1679 
0.1139 0.4405 0.1314 0.3142 
0.1793 0.2711 0.3046 0.2450 
0.2394 0.3244 0.2639 0.1723 
0.2295 0.2298 0.3742 0.1664 
0.2141 0.2712 0.2295 0.2852 
0.2164 0.2874 0.2793 0.2170 

MOTIF filter3 
letter-probability matrix: alength= 4 w= 19 nsites= 19 
0.1786 0.0628 0.6960 0.0625 
0.0875 0.6979 0.0059 0.2087 
0.0900 0.0406 0.8133 0.0562 
0.1355 0.3389 0.3889 0.1367 
0.2604 0.5209 0.0171 0.2016 
0.1672 0.5207 0.2114 0.1007 
0.2224 0.0554 0.4871 0.2351 
0.2247 0.4588 0.0835 0.2330 
0.2327 0.1880 0.3355 0.2438 
0.2049 0.0694 0.4768 0.2489 
0.2533 0.3328 0.2351 0.1789 
0.2251 0.2305 0.3424 0.2020 
0.1396 0.2840 0.4392 0.1372 
0.2448 0.0989 0.4822 0.1741 
0.1974 0.6091 0.0713 0.1222 
0.1950 0.0620 0.6025 0.1405 
0.3406 0.3527 0.0679 0.2388 
0.2455 0.2293 0.3562 0.1691 
0.3505 0.1553 0.2187 0.2755 

MOTIF filter4 
letter-probability matrix: alength= 4 w= 19 nsites= 19 
0.0234 0.8560 0.0362 0.0844 
0.0136 0.4390 0.0187 0.5287 
0.7864 0.0486 0.0259 0.1391 
0.2995 0.0422 0.0277 0.6306 
0.4995 0.0824 0.0653 0.3528 
0.3794 0.0625 0.0295 0.5287 
0.6199 0.0229 0.0282 0.3290 
0.1338 0.0349 0.0483 0.7830 
0.5485 0.0341 0.4073 0.0101 
0.0687 0.0304 0.8486 0.0523 
0.3004 0.4342 0.1064 0.1590 
0.2116 0.3264 0.2280 0.2341 
0.1894 0.3058 0.1691 0.3357 
0.1917 0.2724 0.2228 0.3131 
0.2681 0.2098 0.2962 0.2259 
0.2117 0.2349 0.3154 0.2380 
0.2205 0.2582 0.2732 0.2481 
0.2269 0.3099 0.2751 0.1881 
0.2142 0.3159 0.2215 0.2485 

MOTIF filter5 
letter-probability matrix: alength= 4 w= 19 nsites= 19 
0.2337 0.2187 0.2123 0.3353 
0.2045 0.1970 0.2568 0.3417 
0.3117 0.0638 0.3662 0.2583 
0.5143 0.0814 0.2578 0.1465 
0.0922 0.1792 0.0759 0.6527 
0.0972 0.4656 0.1940 0.2432 
0.8086 0.0163 0.0132 0.1619 
0.1754 0.0242 0.0552 0.7452 
0.0684 0.0110 0.0319 0.8886 
0.3554 0.0044 0.6197 0.0205 
0.4619 0.0905 0.2189 0.2287 
0.1386 0.1252 0.0480 0.6882 
0.0391 0.5972 0.0770 0.2866 
0.3953 0.1248 0.2702 0.2096 
0.3655 0.2097 0.2159 0.2089 
0.2775 0.2103 0.1505 0.3617 
0.1782 0.2010 0.2543 0.3665 
0.2461 0.1861 0.2490 0.3189 
0.2238 0.2785 0.2469 0.2508 

MOTIF filter6 
letter-probability matrix: alength= 4 w= 19 nsites= 19 
0.1352 0.3076 0.0938 0.4635 
0.1359 0.1463 0.5270 0.1907 
0.1069 0.5404 0.2573 0.0954 
0.1324 0.4762 0.1035 0.2878 
0.2161 0.3274 0.3351 0.1214 
0.4048 0.2042 0.1650 0.2261 
0.1829 0.3213 0.3256 0.1702 
0.1445 0.2228 0.5884 0.0443 
0.0400 0.0509 0.0496 0.8595 
0.1426 0.7621 0.0243 0.0710 
0.6131 0.0451 0.2819 0.0599 
0.0320 0.0110 0.8536 0.1034 
0.0060 0.9659 0.0171 0.0109 
0.7529 0.0228 0.1628 0.0615 
0.3194 0.2182 0.1594 0.3029 
0.3256 0.0563 0.0776 0.5405 
0.4015 0.0538 0.0361 0.5086 
0.2191 0.1228 0.0716 0.5865 
0.1938 0.2307 0.1539 0.4217 

MOTIF filter7 
letter-probability matrix: alength= 4 w= 19 nsites= 19 
0.3603 0.2516 0.2476 0.1404 
0.2036 0.2470 0.2360 0.3134 
0.2832 0.3025 0.2584 0.1559 
0.0332 0.4102 0.2725 0.2841 
0.1924 0.3798 0.3260 0.1018 
0.2282 0.0151 0.6609 0.0958 
0.0139 0.9685 0.0130 0.0047 
0.0345 0.6595 0.1483 0.1578 
0.5997 0.0416 0.2996 0.0591 
0.6363 0.1501 0.0964 0.1172 
0.0395 0.3976 0.0512 0.5118 
0.0948 0.3787 0.0837 0.4428 
0.2958 0.0093 0.6447 0.0502 
0.0506 0.1006 0.8138 0.0349 
0.2269 0.3415 0.0775 0.3541 
0.1980 0.2114 0.4822 0.1085 
0.1083 0.1332 0.6118 0.1468 
0.1297 0.5303 0.1351 0.2049 
0.3480 0.2679 0.2094 0.1747 

MOTIF filter8 
letter-probability matrix: alength= 4 w= 19 nsites= 19 
0.2695 0.3144 0.1710 0.2451 
0.1676 0.0764 0.6163 0.1397 
0.0730 0.2000 0.2546 0.4724 
0.4540 0.0852 0.2974 0.1635 
0.6950 0.0949 0.0402 0.1698 
0.0100 0.4269 0.5523 0.0108 
0.4578 0.0227 0.0118 0.5077 
0.0266 0.4192 0.3718 0.1824 
0.4223 0.0974 0.1962 0.2840 
0.1297 0.3441 0.1497 0.3765 
0.3117 0.2327 0.2794 0.1762 
0.1751 0.3686 0.3103 0.1461 
0.2030 0.1529 0.2292 0.4149 
0.1434 0.3591 0.2700 0.2275 
0.1544 0.1714 0.4649 0.2094 
0.2852 0.2476 0.1859 0.2813 
0.2420 0.2473 0.3572 0.1535 
0.2141 0.1560 0.3931 0.2369 
0.1539 0.4032 0.2283 0.2145 

MOTIF filter9 
letter-probability matrix: alength= 4 w= 19 nsites= 19 
0.1098 0.4252 0.2189 0.2460 
0.2505 0.4024 0.2521 0.0950 
0.1544 0.3524 0.2269 0.2663 
0.0774 0.3914 0.2905 0.2407 
0.0682 0.5639 0.2865 0.0814 
0.1757 0.6153 0.1346 0.0744 
0.0337 0.6722 0.1585 0.1356 
0.0963 0.3510 0.1853 0.3675 
0.0282 0.4522 0.1900 0.3296 
0.4695 0.1624 0.3287 0.0394 
0.1857 0.0552 0.1591 0.6001 
0.1248 0.0473 0.1579 0.6699 
0.0461 0.0506 0.6603 0.2431 
0.3894 0.0329 0.4446 0.1331 
0.0058 0.4700 0.4945 0.0297 
0.0742 0.0663 0.0397 0.8198 
0.2057 0.6292 0.0364 0.1288 
0.4507 0.0893 0.0908 0.3693 
0.4370 0.2473 0.0934 0.2223 

MOTIF filter10 
letter-probability matrix: alength= 4 w= 19 nsites= 19 
0.2312 0.2937 0.2118 0.2632 
0.2211 0.2717 0.2677 0.2395 
0.2692 0.2786 0.2430 0.2092 
0.2877 0.2140 0.2481 0.2502 
0.2741 0.2673 0.2664 0.1922 
0.1957 0.1325 0.3278 0.3440 
0.6033 0.1240 0.2517 0.0211 
0.0201 0.0125 0.0143 0.9531 
0.0329 0.0115 0.1646 0.7911 
0.2880 0.0157 0.5359 0.1603 
0.0305 0.8090 0.0254 0.1351 
0.1050 0.0210 0.8545 0.0196 
0.1383 0.5774 0.0199 0.2643 
0.7961 0.1585 0.0195 0.0259 
0.9524 0.0173 0.0182 0.0121 
0.0356 0.2774 0.1309 0.5561 
0.3733 0.2845 0.1422 0.1999 
0.2066 0.2799 0.2615 0.2520 
0.2184 0.2937 0.2142 0.2737 

MOTIF filter11 
letter-probability matrix: alength= 4 w= 19 nsites= 19 
0.1947 0.4281 0.1606 0.2166 
0.2296 0.2449 0.2933 0.2322 
0.2068 0.2442 0.2867 0.2623 
0.1980 0.1986 0.3228 0.2806 
0.2006 0.2439 0.3767 0.1788 
0.2394 0.2242 0.3512 0.1852 
0.1570 0.2985 0.3270 0.2175 
0.1837 0.4513 0.1497 0.2152 
0.1444 0.2043 0.4025 0.2488 
0.2185 0.0950 0.5343 0.1522 
0.0918 0.5991 0.1474 0.1618 
0.0072 0.7408 0.2378 0.0141 
0.9470 0.0086 0.0077 0.0367 
0.5931 0.0039 0.0093 0.3938 
0.0408 0.0041 0.0171 0.9381 
0.0202 0.1467 0.8284 0.0047 
0.1271 0.0800 0.7168 0.0760 
0.1091 0.4881 0.1096 0.2932 
0.2459 0.3251 0.3360 0.0931 

MOTIF filter12 
letter-probability matrix: alength= 4 w= 19 nsites= 19 
0.2776 0.2345 0.2787 0.2092 
0.1586 0.3139 0.2454 0.2821 
0.2694 0.2727 0.1603 0.2975 
0.1495 0.2083 0.2450 0.3971 
0.3023 0.2153 0.2725 0.2099 
0.2432 0.1645 0.2856 0.3067 
0.2339 0.1032 0.4678 0.1952 
0.3642 0.1005 0.3190 0.2162 
0.2652 0.2017 0.2710 0.2620 
0.2186 0.5146 0.0971 0.1697 
0.5234 0.1309 0.0887 0.2570 
0.1773 0.5832 0.1598 0.0798 
0.4435 0.0299 0.0737 0.4529 
0.3040 0.0526 0.6198 0.0236 
0.4130 0.0731 0.2624 0.2515 
0.1503 0.1730 0.5246 0.1521 
0.1849 0.3128 0.0076 0.4946 
0.1751 0.6514 0.0406 0.1328 
0.5399 0.2833 0.1004 0.0764 

MOTIF filter13 
letter-probability matrix: alength= 4 w= 19 nsites= 19 
0.2098 0.4201 0.2482 0.1219 
0.2202 0.3396 0.3179 0.1223 
0.2847 0.0075 0.4659 0.2418 
0.3655 0.4503 0.0229 0.1613 
0.4770 0.3671 0.1042 0.0518 
0.5219 0.1129 0.3496 0.0156 
0.0129 0.1084 0.0078 0.8709 
0.1161 0.1565 0.2692 0.4582 
0.1585 0.1010 0.1782 0.5624 
0.1395 0.4687 0.0848 0.3070 
0.1924 0.2367 0.3406 0.2303 
0.1677 0.3479 0.2182 0.2662 
0.2627 0.3207 0.2666 0.1500 
0.1491 0.2277 0.3012 0.3220 
0.1499 0.3910 0.1940 0.2652 
0.2721 0.3929 0.2060 0.1289 
0.2479 0.2198 0.2315 0.3008 
0.1793 0.2931 0.2056 0.3220 
0.2126 0.3249 0.2170 0.2455 

MOTIF filter14 
letter-probability matrix: alength= 4 w= 19 nsites= 19 
0.2051 0.1398 0.4077 0.2474 
0.2040 0.3628 0.2416 0.1916 
0.1973 0.4625 0.2010 0.1392 
0.3032 0.0555 0.5609 0.0804 
0.2968 0.5167 0.0599 0.1266 
0.0827 0.6097 0.2035 0.1040 
0.9670 0.0043 0.0077 0.0211 
0.0228 0.0123 0.0110 0.9539 
0.0715 0.2175 0.6232 0.0878 
0.1331 0.0387 0.4587 0.3694 
0.0864 0.4510 0.0272 0.4355 
0.1459 0.2118 0.4379 0.2043 
0.1843 0.1785 0.4340 0.2032 
0.2385 0.3648 0.0988 0.2979 
0.1907 0.3623 0.1814 0.2656 
0.2610 0.2104 0.3038 0.2248 
0.2456 0.2469 0.2429 0.2647 
0.2412 0.2102 0.2418 0.3067 
0.2641 0.2176 0.2649 0.2534 

MOTIF filter15 
letter-probability matrix: alength= 4 w= 19 nsites= 19 
0.0394 0.8509 0.0893 0.0203 
0.0132 0.7348 0.1439 0.1081 
0.6245 0.0806 0.1726 0.1224 
0.8666 0.0450 0.0293 0.0591 
0.0112 0.0837 0.0041 0.9010 
0.1067 0.2592 0.0572 0.5768 
0.2180 0.3610 0.4107 0.0102 
0.1064 0.2152 0.6218 0.0565 
0.3449 0.2258 0.2155 0.2138 
0.2366 0.1460 0.0819 0.5355 
0.0880 0.3990 0.2036 0.3095 
0.0990 0.3297 0.3939 0.1775 
0.2052 0.3281 0.2765 0.1903 
0.4139 0.1283 0.2916 0.1662 
0.2540 0.3308 0.2146 0.2005 
0.1565 0.2743 0.2560 0.3132 
0.1154 0.2351 0.5103 0.1392 
0.1807 0.2595 0.3655 0.1943 
0.2028 0.2980 0.2538 0.2454 

MOTIF filter16 
letter-probability matrix: alength= 4 w= 19 nsites= 19 
0.4910 0.0354 0.0742 0.3994 
0.4805 0.0305 0.0491 0.4399 
0.2610 0.2278 0.2234 0.2878 
0.1054 0.1727 0.0215 0.7003 
0.2073 0.0620 0.7067 0.0240 
0.0852 0.7623 0.0068 0.1457 
0.0911 0.3328 0.0399 0.5362 
0.2133 0.0825 0.5646 0.1396 
0.5823 0.0573 0.2065 0.1538 
0.1792 0.4395 0.2316 0.1497 
0.1545 0.2256 0.1565 0.4635 
0.2166 0.3769 0.1633 0.2432 
0.3358 0.1358 0.2855 0.2429 
0.1836 0.0795 0.5950 0.1419 
0.1333 0.5411 0.1925 0.1331 
0.4357 0.1417 0.2403 0.1823 
0.3126 0.1558 0.1739 0.3577 
0.3878 0.0763 0.1165 0.4194 
0.3485 0.1191 0.0725 0.4599 

MOTIF filter17 
letter-probability matrix: alength= 4 w= 19 nsites= 19 
0.1943 0.2718 0.2108 0.3231 
0.1984 0.2089 0.3416 0.2511 
0.5378 0.0985 0.2819 0.0819 
0.3769 0.0431 0.3672 0.2129 
0.0219 0.3629 0.0378 0.5775 
0.2275 0.3624 0.3075 0.1026 
0.8912 0.0846 0.0080 0.0162 
0.7973 0.0612 0.0924 0.0491 
0.0327 0.0234 0.0283 0.9156 
0.2280 0.7264 0.0340 0.0116 
0.7508 0.0874 0.0951 0.0666 
0.2801 0.3417 0.1052 0.2730 
0.3760 0.2471 0.1797 0.1972 
0.1939 0.2560 0.3692 0.1810 
0.2204 0.3112 0.2010 0.2674 
0.2470 0.3378 0.2492 0.1660 
0.2485 0.2807 0.2983 0.1724 
0.2315 0.2380 0.2670 0.2635 
0.1503 0.2215 0.4186 0.2096 

MOTIF filter18 
letter-probability matrix: alength= 4 w= 19 nsites= 19 
0.1416 0.2560 0.2178 0.3846 
0.0609 0.3655 0.0829 0.4907 
0.3299 0.1488 0.4887 0.0326 
0.6190 0.1136 0.1973 0.0701 
0.6573 0.2380 0.0338 0.0709 
0.0057 0.5509 0.4343 0.0091 
0.2334 0.0263 0.2417 0.4985 
0.0291 0.3314 0.0877 0.5517 
0.0139 0.4830 0.1701 0.3329 
0.4713 0.0205 0.4941 0.0141 
0.3191 0.2506 0.2795 0.1508 
0.3387 0.2590 0.2044 0.1979 
0.0944 0.2487 0.4623 0.1945 
0.1679 0.3556 0.2106 0.2659 
0.1942 0.2702 0.3336 0.2020 
0.2910 0.3182 0.1756 0.2152 
0.4112 0.1662 0.2502 0.1724 
0.2600 0.2584 0.2497 0.2318 
0.3148 0.2243 0.1758 0.2851 

MOTIF filter19 
letter-probability matrix: alength= 4 w= 19 nsites= 19 
0.2726 0.2510 0.2634 0.2130 
0.1559 0.2556 0.2220 0.3665 
0.2501 0.2597 0.2533 0.2369 
0.0858 0.1863 0.1024 0.6254 
0.0685 0.2099 0.5049 0.2167 
0.7077 0.0643 0.2121 0.0160 
0.0946 0.1102 0.2286 0.5667 
0.0568 0.3080 0.0628 0.5724 
0.0083 0.5482 0.4151 0.0283 
0.3551 0.0321 0.5736 0.0392 
0.3772 0.2098 0.0954 0.3176 
0.0725 0.3319 0.1749 0.4207 
0.2549 0.2871 0.3419 0.1161 
0.4953 0.1709 0.1726 0.1612 
0.3350 0.2326 0.2420 0.1905 
0.2505 0.2547 0.2623 0.2326 
0.2133 0.2614 0.2333 0.2920 
0.2912 0.2754 0.2095 0.2239 
0.2688 0.2589 0.2114 0.2609 

MOTIF filter20 
letter-probability matrix: alength= 4 w= 19 nsites= 19 
0.1573 0.3190 0.2842 0.2395 
0.1064 0.5351 0.2027 0.1559 
0.6408 0.0601 0.2222 0.0769 
0.0149 0.9326 0.0258 0.0267 
0.0567 0.0198 0.8056 0.1180 
0.1469 0.1225 0.0411 0.6894 
0.0958 0.4419 0.4121 0.0501 
0.4930 0.1667 0.2055 0.1348 
0.2286 0.4067 0.1281 0.2365 
0.0509 0.3361 0.5492 0.0638 
0.3201 0.2795 0.1930 0.2074 
0.0896 0.5814 0.1473 0.1817 
0.2318 0.1255 0.3848 0.2579 
0.0563 0.7776 0.0154 0.1506 
0.1062 0.0401 0.7915 0.0621 
0.1359 0.4098 0.2166 0.2377 
0.1967 0.1362 0.3793 0.2879 
0.2866 0.4293 0.1182 0.1659 
0.1532 0.3854 0.3459 0.1155 

MOTIF filter21 
letter-probability matrix: alength= 4 w= 19 nsites= 19 
0.3462 0.1335 0.3326 0.1876 
0.1043 0.3157 0.1078 0.4722 
0.0314 0.0726 0.8297 0.0663 
0.2184 0.7077 0.0556 0.0183 
0.0292 0.1837 0.0174 0.7697 
0.0212 0.0127 0.8538 0.1123 
0.9334 0.0408 0.0060 0.0198 
0.0567 0.5515 0.3307 0.0610 
0.0749 0.0560 0.0877 0.7814 
0.1252 0.6631 0.0502 0.1616 
0.4611 0.0597 0.3738 0.1055 
0.0655 0.1134 0.6168 0.2043 
0.0715 0.7116 0.1411 0.0758 
0.3861 0.1488 0.2815 0.1835 
0.3141 0.1598 0.2216 0.3045 
0.3327 0.1216 0.1426 0.4030 
0.3652 0.1477 0.1247 0.3623 
0.2874 0.1390 0.1158 0.4578 
0.1966 0.2492 0.1493 0.4049 

MOTIF filter22 
letter-probability matrix: alength= 4 w= 19 nsites= 19 
0.2240 0.4152 0.2421 0.1186 
0.0089 0.8253 0.0706 0.0953 
0.0535 0.7595 0.1382 0.0487 
0.2425 0.0257 0.0368 0.6950 
0.0843 0.0597 0.0073 0.8487 
0.2494 0.0066 0.0158 0.7282 
0.0235 0.2291 0.0047 0.7427 
0.6447 0.2462 0.0539 0.0552 
0.3180 0.2100 0.0188 0.4533 
0.0282 0.2647 0.6921 0.0149 
0.0104 0.0048 0.9764 0.0084 
0.1831 0.0505 0.6168 0.1495 
0.8631 0.0901 0.0349 0.0119 
0.9120 0.0053 0.0600 0.0226 
0.4098 0.0446 0.0980 0.4476 
0.2888 0.3351 0.1699 0.2063 
0.1804 0.5172 0.1889 0.1135 
0.1919 0.4064 0.1813 0.2203 
0.0690 0.2619 0.2604 0.4087 

MOTIF filter23 
letter-probability matrix: alength= 4 w= 19 nsites= 19 
0.1458 0.4381 0.2498 0.1663 
0.2074 0.2330 0.3648 0.1948 
0.2124 0.3049 0.2846 0.1981 
0.1985 0.2256 0.3641 0.2118 
0.2531 0.3544 0.1752 0.2173 
0.2295 0.3509 0.2116 0.2081 
0.2202 0.5134 0.0682 0.1982 
0.6759 0.0621 0.0628 0.1992 
0.8446 0.0068 0.0232 0.1254 
0.6485 0.0048 0.0117 0.3350 
0.3336 0.0071 0.0036 0.6557 
0.1300 0.0299 0.0093 0.8309 
0.3000 0.0274 0.2942 0.3784 
0.0427 0.0070 0.9165 0.0338 
0.1518 0.6198 0.1081 0.1202 
0.1346 0.1355 0.3753 0.3546 
0.1974 0.1534 0.5042 0.1449 
0.4298 0.2078 0.2896 0.0728 
0.0626 0.3008 0.2671 0.3695 

MOTIF filter24 
letter-probability matrix: alength= 4 w= 19 nsites= 19 
0.0906 0.2852 0.2263 0.3979 
0.3330 0.1283 0.3067 0.2320 
0.1944 0.2715 0.4526 0.0816 
0.1581 0.4217 0.3599 0.0603 
0.0646 0.6089 0.1023 0.2242 
0.0303 0.1591 0.7436 0.0671 
0.1533 0.1382 0.2864 0.4221 
0.0520 0.0122 0.6274 0.3084 
0.0083 0.0102 0.2863 0.6952 
0.1229 0.0360 0.7182 0.1229 
0.7816 0.1880 0.0065 0.0240 
0.6381 0.2320 0.0097 0.1202 
0.0194 0.6315 0.0297 0.3194 
0.0952 0.4447 0.2029 0.2572 
0.6589 0.1127 0.0582 0.1702 
0.1014 0.2951 0.5109 0.0927 
0.1950 0.1483 0.4679 0.1887 
0.1566 0.1706 0.5224 0.1504 
0.0636 0.5258 0.2981 0.1125 

MOTIF filter25 
letter-probability matrix: alength= 4 w= 19 nsites= 19 
0.1656 0.3138 0.2657 0.2549 
0.0961 0.1682 0.1858 0.5499 
0.4373 0.0289 0.4853 0.0485 
0.0367 0.1206 0.0344 0.8083 
0.1088 0.3444 0.4616 0.0851 
0.5717 0.1368 0.1546 0.1369 
0.0547 0.3227 0.2569 0.3657 
0.1801 0.4701 0.2066 0.1432 
0.3338 0.1011 0.1071 0.4580 
0.0749 0.2197 0.3163 0.3891 
0.7766 0.0259 0.1733 0.0241 
0.0023 0.1939 0.0177 0.7861 
0.6878 0.1177 0.1187 0.0758 
0.1217 0.2059 0.0733 0.5991 
0.1137 0.1071 0.6476 0.1316 
0.2730 0.0169 0.5617 0.1484 
0.2244 0.2414 0.2893 0.2450 
0.0577 0.6906 0.0934 0.1584 
0.2741 0.1886 0.2339 0.3033 

MOTIF filter26 
letter-probability matrix: alength= 4 w= 19 nsites= 19 
0.2150 0.2197 0.3150 0.2503 
0.5356 0.1709 0.1606 0.1330 
0.0954 0.5789 0.2960 0.0297 
0.1817 0.1642 0.0262 0.6279 
0.0701 0.2252 0.3029 0.4018 
0.9454 0.0185 0.0233 0.0128 
0.0038 0.0303 0.0243 0.9417 
0.5241 0.2743 0.1552 0.0464 
0.6321 0.0192 0.1265 0.2223 
0.0729 0.4542 0.3924 0.0805 
0.1755 0.2089 0.2433 0.3723 
0.1761 0.3532 0.1816 0.2891 
0.2891 0.2347 0.2140 0.2623 
0.2345 0.2330 0.2449 0.2875 
0.2267 0.2509 0.1905 0.3320 
0.2845 0.2335 0.2318 0.2502 
0.1499 0.3629 0.3087 0.1786 
0.1721 0.3746 0.1800 0.2733 
0.3275 0.1959 0.3538 0.1228 

MOTIF filter27 
letter-probability matrix: alength= 4 w= 19 nsites= 19 
0.2587 0.2518 0.2462 0.2433 
0.2067 0.3909 0.1752 0.2273 
0.3604 0.2830 0.0835 0.2731 
0.4530 0.1397 0.2005 0.2068 
0.2952 0.1166 0.0948 0.4934 
0.3368 0.0138 0.6079 0.0416 
0.0080 0.1457 0.0229 0.8233 
0.2991 0.1956 0.1786 0.3268 
0.2257 0.2675 0.3030 0.2039 
0.9161 0.0150 0.0665 0.0024 
0.0854 0.7547 0.0084 0.1516 
0.5783 0.0954 0.0960 0.2303 
0.1767 0.1822 0.1953 0.4458 
0.3388 0.0893 0.1628 0.4091 
0.1425 0.1958 0.4374 0.2243 
0.2875 0.2642 0.2376 0.2107 
0.3197 0.1975 0.2485 0.2343 
0.2196 0.3766 0.1814 0.2224 
0.2434 0.2333 0.2219 0.3014 

MOTIF filter28 
letter-probability matrix: alength= 4 w= 19 nsites= 19 
0.2218 0.2152 0.3159 0.2471 
0.1909 0.3952 0.2037 0.2102 
0.3776 0.1526 0.3209 0.1489 
0.1720 0.1950 0.0775 0.5554 
0.2022 0.0963 0.5000 0.2015 
0.3749 0.1472 0.3777 0.1002 
0.3274 0.1272 0.3766 0.1687 
0.1234 0.3878 0.1726 0.3162 
0.0132 0.9374 0.0053 0.0441 
0.8957 0.0101 0.0653 0.0289 
0.0093 0.7338 0.0115 0.2455 
0.2107 0.0327 0.7165 0.0401 
0.0564 0.2147 0.0385 0.6903 
0.1330 0.0832 0.7582 0.0257 
0.1130 0.2049 0.4198 0.2623 
0.1514 0.2739 0.1777 0.3970 
0.1099 0.4830 0.1073 0.2999 
0.2144 0.1774 0.2537 0.3545 
0.3243 0.2581 0.1923 0.2253 

MOTIF filter29 
letter-probability matrix: alength= 4 w= 19 nsites= 19 
0.2943 0.3242 0.2066 0.1748 
0.2524 0.2130 0.2811 0.2535 
0.2532 0.2203 0.2243 0.3022 
0.2572 0.3121 0.2174 0.2133 
0.3979 0.1703 0.2927 0.1391 
0.1872 0.3827 0.1980 0.2322 
0.1809 0.0503 0.1654 0.6034 
0.2176 0.0279 0.0520 0.7025 
0.0290 0.8619 0.0756 0.0335 
0.0687 0.9122 0.0124 0.0066 
0.0037 0.0033 0.9565 0.0366 
0.0181 0.1336 0.8205 0.0278 
0.6583 0.0606 0.0533 0.2278 
0.5994 0.1354 0.0816 0.1837 
0.2223 0.1603 0.4551 0.1623 
0.1350 0.2606 0.2011 0.4032 
0.2125 0.2283 0.3024 0.2568 
0.2793 0.2628 0.2269 0.2310 
0.1998 0.2971 0.2642 0.2388 

