MEME version 4

ALPHABET= ACGT

Background letter frequencies:
A 0.2500 C 0.2500 G 0.2500 T 0.2500 

MOTIF filter0 
letter-probability matrix: alength= 4 w= 19 nsites= 19 
0.2926 0.1736 0.3153 0.2185 
0.3249 0.2347 0.2671 0.1733 
0.2764 0.2796 0.1886 0.2554 
0.2521 0.2714 0.2125 0.2640 
0.2235 0.2348 0.2408 0.3009 
0.3182 0.2065 0.3177 0.1576 
0.2569 0.1127 0.5394 0.0910 
0.1225 0.2494 0.1548 0.4732 
0.0124 0.9615 0.0105 0.0156 
0.9520 0.0085 0.0179 0.0216 
0.0108 0.7446 0.0310 0.2136 
0.1512 0.0153 0.8245 0.0090 
0.0614 0.3233 0.0166 0.5987 
0.0674 0.0404 0.8119 0.0803 
0.5232 0.1115 0.2451 0.1202 
0.0795 0.5153 0.0969 0.3083 
0.1871 0.3178 0.2420 0.2532 
0.3010 0.2444 0.2655 0.1892 
0.2741 0.2353 0.2466 0.2439 

MOTIF filter1 
letter-probability matrix: alength= 4 w= 19 nsites= 19 
0.2303 0.2245 0.3053 0.2399 
0.2021 0.1713 0.2895 0.3371 
0.4701 0.1525 0.3300 0.0474 
0.0112 0.0168 0.0125 0.9595 
0.0093 0.0186 0.0123 0.9598 
0.1325 0.0138 0.8017 0.0520 
0.0514 0.8255 0.0506 0.0725 
0.1474 0.0723 0.6998 0.0806 
0.2012 0.4596 0.0203 0.3189 
0.7695 0.1858 0.0257 0.0189 
0.9242 0.0233 0.0290 0.0235 
0.0555 0.3384 0.1694 0.4368 
0.3274 0.3027 0.1783 0.1916 
0.2163 0.2623 0.2745 0.2469 
0.2232 0.2827 0.2346 0.2595 
0.2254 0.2849 0.2317 0.2580 
0.2273 0.2674 0.2839 0.2213 
0.2183 0.2441 0.2900 0.2476 
0.2305 0.2726 0.2602 0.2367 

MOTIF filter2 
letter-probability matrix: alength= 4 w= 19 nsites= 19 
0.2236 0.2536 0.2830 0.2399 
0.2300 0.2607 0.2768 0.2324 
0.2516 0.2831 0.2427 0.2226 
0.2370 0.2269 0.3126 0.2235 
0.3378 0.1707 0.3017 0.1898 
0.2211 0.3743 0.2262 0.1783 
0.2048 0.5701 0.1332 0.0919 
0.3612 0.0617 0.4649 0.1122 
0.0263 0.7906 0.0235 0.1596 
0.2961 0.0421 0.6325 0.0293 
0.0088 0.0144 0.0066 0.9702 
0.0196 0.0136 0.9297 0.0371 
0.1480 0.3738 0.2464 0.2318 
0.1951 0.2653 0.2282 0.3114 
0.1926 0.2830 0.2551 0.2693 
0.2188 0.2574 0.2375 0.2863 
0.2213 0.2783 0.2459 0.2545 
0.2026 0.2637 0.2856 0.2481 
0.2521 0.2225 0.2925 0.2328 

MOTIF filter3 
letter-probability matrix: alength= 4 w= 19 nsites= 19 
0.3576 0.1459 0.1500 0.3465 
0.3696 0.2211 0.2289 0.1804 
0.1070 0.1968 0.3136 0.3827 
0.4556 0.0784 0.3384 0.1275 
0.1620 0.2297 0.5138 0.0945 
0.0579 0.5737 0.0629 0.3056 
0.0849 0.0310 0.7888 0.0954 
0.0901 0.8196 0.0418 0.0485 
0.0396 0.8829 0.0532 0.0244 
0.3183 0.4922 0.1445 0.0450 
0.0245 0.5494 0.0184 0.4078 
0.0195 0.9200 0.0308 0.0298 
0.0367 0.0771 0.0505 0.8357 
0.5355 0.0559 0.2067 0.2018 
0.0647 0.1914 0.6187 0.1252 
0.1080 0.2429 0.0334 0.6157 
0.0217 0.0265 0.9080 0.0439 
0.0946 0.0699 0.6164 0.2190 
0.1925 0.3446 0.0771 0.3857 

MOTIF filter4 
letter-probability matrix: alength= 4 w= 19 nsites= 19 
0.2386 0.2598 0.2606 0.2410 
0.2627 0.2486 0.2490 0.2397 
0.2421 0.2593 0.2361 0.2625 
0.2381 0.2753 0.2368 0.2498 
0.2367 0.2781 0.2625 0.2228 
0.2295 0.2572 0.2755 0.2378 
0.2371 0.2323 0.3051 0.2255 
0.1907 0.2711 0.2927 0.2455 
0.2164 0.1659 0.3761 0.2416 
0.4638 0.1284 0.3618 0.0460 
0.0139 0.0316 0.0074 0.9471 
0.0106 0.0112 0.8671 0.1112 
0.9489 0.0148 0.0071 0.0292 
0.0653 0.4356 0.4386 0.0604 
0.0256 0.0049 0.0167 0.9528 
0.1285 0.8439 0.0102 0.0174 
0.9426 0.0080 0.0365 0.0130 
0.0471 0.3334 0.1233 0.4963 
0.2332 0.3421 0.1782 0.2464 

MOTIF filter5 
letter-probability matrix: alength= 4 w= 19 nsites= 19 
0.2472 0.1543 0.3091 0.2895 
0.4142 0.1576 0.3582 0.0700 
0.0288 0.0810 0.0272 0.8630 
0.0433 0.0213 0.6495 0.2860 
0.4844 0.0450 0.1509 0.3197 
0.1033 0.4687 0.1002 0.3278 
0.0640 0.0300 0.8711 0.0349 
0.0966 0.7466 0.0178 0.1389 
0.9448 0.0109 0.0259 0.0183 
0.9558 0.0121 0.0182 0.0138 
0.0377 0.3236 0.1628 0.4760 
0.3142 0.3283 0.1668 0.1907 
0.2556 0.2415 0.2831 0.2197 
0.2326 0.2859 0.2340 0.2475 
0.2463 0.2763 0.2272 0.2502 
0.2392 0.2562 0.2776 0.2271 
0.2155 0.2620 0.2904 0.2321 
0.2327 0.2746 0.2577 0.2350 
0.2510 0.2538 0.2545 0.2406 

MOTIF filter6 
letter-probability matrix: alength= 4 w= 19 nsites= 19 
0.2340 0.2990 0.2511 0.2159 
0.2318 0.2616 0.2658 0.2408 
0.2468 0.2580 0.2769 0.2183 
0.2741 0.2259 0.2994 0.2006 
0.2185 0.2669 0.2738 0.2409 
0.2155 0.1802 0.3036 0.3007 
0.4242 0.1741 0.3371 0.0646 
0.0176 0.0345 0.0155 0.9325 
0.0149 0.0164 0.2631 0.7056 
0.3932 0.0166 0.4273 0.1629 
0.0741 0.6884 0.0689 0.1686 
0.0656 0.0337 0.8624 0.0383 
0.0917 0.7652 0.0100 0.1331 
0.9693 0.0167 0.0080 0.0061 
0.9710 0.0075 0.0151 0.0064 
0.0413 0.3267 0.1814 0.4506 
0.3625 0.2542 0.1837 0.1996 
0.2158 0.2840 0.2642 0.2360 
0.2123 0.2890 0.2222 0.2766 

MOTIF filter7 
letter-probability matrix: alength= 4 w= 19 nsites= 19 
0.1523 0.3106 0.2283 0.3087 
0.2030 0.3442 0.2101 0.2428 
0.5706 0.0943 0.2493 0.0858 
0.0325 0.5476 0.1226 0.2972 
0.1446 0.0129 0.0392 0.8033 
0.0184 0.0126 0.0080 0.9611 
0.0233 0.9290 0.0280 0.0197 
0.0076 0.9618 0.0111 0.0194 
0.0099 0.0277 0.8455 0.1169 
0.0611 0.1686 0.6398 0.1306 
0.0922 0.2733 0.1390 0.4955 
0.2193 0.2436 0.2591 0.2779 
0.2377 0.2538 0.2286 0.2799 
0.2729 0.2475 0.2818 0.1978 
0.2493 0.2587 0.2697 0.2222 
0.2519 0.2566 0.2546 0.2369 
0.2504 0.2446 0.2566 0.2483 
0.2310 0.2725 0.2461 0.2504 
0.2738 0.2451 0.2562 0.2249 

MOTIF filter8 
letter-probability matrix: alength= 4 w= 19 nsites= 19 
0.0105 0.6895 0.2594 0.0406 
0.0883 0.5893 0.2245 0.0979 
0.0165 0.4435 0.4803 0.0598 
0.0478 0.1756 0.7678 0.0088 
0.0199 0.7429 0.1763 0.0609 
0.0817 0.1145 0.7326 0.0712 
0.0058 0.0363 0.9549 0.0030 
0.0432 0.6750 0.1823 0.0995 
0.0290 0.6508 0.1431 0.1771 
0.0813 0.0164 0.8129 0.0894 
0.1900 0.0331 0.6666 0.1103 
0.0280 0.5141 0.4501 0.0079 
0.0243 0.2706 0.2224 0.4826 
0.0446 0.6303 0.2498 0.0752 
0.4303 0.1630 0.3020 0.1047 
0.1169 0.2151 0.6056 0.0624 
0.0233 0.8403 0.0813 0.0552 
0.0835 0.3353 0.5515 0.0297 
0.1233 0.2751 0.4410 0.1607 

MOTIF filter9 
letter-probability matrix: alength= 4 w= 19 nsites= 19 
0.2174 0.2637 0.2747 0.2442 
0.2002 0.3119 0.2076 0.2803 
0.2361 0.2528 0.2818 0.2292 
0.3181 0.2319 0.2568 0.1932 
0.2611 0.2711 0.2598 0.2081 
0.2751 0.2438 0.2698 0.2113 
0.3279 0.1803 0.2577 0.2341 
0.2663 0.3457 0.3205 0.0675 
0.0304 0.9591 0.0043 0.0062 
0.9015 0.0067 0.0306 0.0612 
0.0046 0.8721 0.0126 0.1107 
0.0601 0.0043 0.9284 0.0072 
0.1139 0.1851 0.0142 0.6868 
0.0221 0.0358 0.8313 0.1107 
0.0876 0.2246 0.5037 0.1841 
0.2285 0.2993 0.1381 0.3341 
0.2290 0.2709 0.2818 0.2183 
0.2127 0.2794 0.2682 0.2397 
0.2387 0.2178 0.2708 0.2727 

MOTIF filter10 
letter-probability matrix: alength= 4 w= 19 nsites= 19 
0.1871 0.3988 0.2593 0.1548 
0.0725 0.7424 0.1395 0.0456 
0.3064 0.3419 0.2053 0.1465 
0.2026 0.4292 0.1994 0.1688 
0.2400 0.2447 0.1767 0.3387 
0.1854 0.2691 0.3124 0.2331 
0.2806 0.2512 0.3348 0.1334 
0.2238 0.2898 0.2957 0.1907 
0.2840 0.3057 0.1089 0.3014 
0.1406 0.2201 0.2466 0.3928 
0.1532 0.4898 0.1706 0.1864 
0.0251 0.4113 0.0738 0.4898 
0.0755 0.1986 0.5545 0.1714 
0.9616 0.0042 0.0261 0.0081 
0.0079 0.0337 0.0102 0.9482 
0.0905 0.0125 0.0074 0.8896 
0.0078 0.0178 0.9527 0.0216 
0.0346 0.0050 0.9494 0.0110 
0.1527 0.3595 0.0613 0.4264 

MOTIF filter11 
letter-probability matrix: alength= 4 w= 19 nsites= 19 
0.2795 0.2478 0.2535 0.2192 
0.2758 0.2625 0.2752 0.1864 
0.2430 0.2661 0.2540 0.2369 
0.1737 0.1907 0.2866 0.3490 
0.4791 0.1839 0.3023 0.0347 
0.0129 0.0158 0.0133 0.9580 
0.0197 0.0256 0.0092 0.9455 
0.1160 0.0269 0.7278 0.1293 
0.0518 0.8520 0.0463 0.0498 
0.3293 0.1227 0.4211 0.1270 
0.1984 0.2478 0.0582 0.4956 
0.5018 0.4351 0.0244 0.0387 
0.8161 0.0415 0.0844 0.0579 
0.0900 0.3493 0.1861 0.3746 
0.2747 0.3029 0.2014 0.2210 
0.2535 0.2936 0.2197 0.2332 
0.2420 0.2663 0.2158 0.2759 
0.2149 0.2555 0.2796 0.2500 
0.2144 0.2347 0.2861 0.2648 

MOTIF filter12 
letter-probability matrix: alength= 4 w= 19 nsites= 19 
0.1565 0.1278 0.5127 0.2030 
0.1712 0.4997 0.1818 0.1474 
0.1682 0.5393 0.2187 0.0739 
0.1216 0.0328 0.7204 0.1252 
0.0592 0.8811 0.0265 0.0332 
0.0272 0.9329 0.0267 0.0133 
0.9591 0.0135 0.0189 0.0085 
0.0131 0.0225 0.0114 0.9530 
0.1766 0.2257 0.1851 0.4127 
0.2055 0.0876 0.1990 0.5079 
0.1212 0.2106 0.0657 0.6025 
0.2723 0.1889 0.3222 0.2167 
0.2203 0.2372 0.3159 0.2265 
0.2889 0.2308 0.2345 0.2459 
0.2472 0.2314 0.2311 0.2903 
0.2183 0.2456 0.2701 0.2660 
0.2501 0.2602 0.2720 0.2176 
0.2545 0.2679 0.2596 0.2179 
0.2263 0.2661 0.2767 0.2309 

MOTIF filter13 
letter-probability matrix: alength= 4 w= 19 nsites= 19 
0.2672 0.2603 0.2276 0.2450 
0.2836 0.2278 0.2291 0.2596 
0.2476 0.2393 0.2437 0.2694 
0.2046 0.3624 0.2198 0.2132 
0.2561 0.3271 0.1822 0.2346 
0.6375 0.0573 0.1952 0.1100 
0.5032 0.1775 0.0870 0.2323 
0.3962 0.1875 0.1983 0.2180 
0.9455 0.0105 0.0219 0.0220 
0.0105 0.0186 0.0113 0.9596 
0.0135 0.0279 0.9225 0.0362 
0.0311 0.0307 0.8703 0.0679 
0.1273 0.7265 0.0355 0.1106 
0.0752 0.2388 0.5274 0.1587 
0.1540 0.1531 0.4804 0.2125 
0.2088 0.4903 0.1383 0.1626 
0.1628 0.4031 0.2320 0.2022 
0.2319 0.2537 0.2913 0.2230 
0.2222 0.2955 0.2654 0.2168 

MOTIF filter14 
letter-probability matrix: alength= 4 w= 19 nsites= 19 
0.4756 0.1408 0.2860 0.0976 
0.1104 0.6471 0.1803 0.0622 
0.1050 0.8578 0.0265 0.0107 
0.0174 0.0123 0.9598 0.0105 
0.0232 0.0278 0.9251 0.0239 
0.9495 0.0121 0.0156 0.0228 
0.7809 0.0469 0.0130 0.1591 
0.2905 0.1238 0.5558 0.0299 
0.0842 0.2163 0.0894 0.6101 
0.2626 0.1899 0.3278 0.2196 
0.3097 0.2482 0.2982 0.1439 
0.2340 0.2739 0.2501 0.2420 
0.2539 0.2696 0.2299 0.2466 
0.2162 0.2465 0.2511 0.2862 
0.2360 0.2599 0.2580 0.2461 
0.2494 0.2640 0.2546 0.2320 
0.2222 0.2322 0.2989 0.2467 
0.2574 0.2648 0.2610 0.2168 
0.2403 0.2605 0.2514 0.2477 

MOTIF filter15 
letter-probability matrix: alength= 4 w= 19 nsites= 19 
0.3907 0.1977 0.3122 0.0994 
0.5272 0.0815 0.2617 0.1297 
0.0137 0.9550 0.0101 0.0212 
0.0457 0.8957 0.0498 0.0088 
0.8930 0.0054 0.0219 0.0796 
0.9551 0.0088 0.0279 0.0082 
0.0119 0.0220 0.0034 0.9627 
0.1982 0.5954 0.1278 0.0787 
0.6183 0.0753 0.2970 0.0094 
0.1429 0.2326 0.5379 0.0865 
0.4091 0.2607 0.2024 0.1278 
0.3123 0.0828 0.3439 0.2611 
0.1720 0.2903 0.2496 0.2881 
0.1845 0.3504 0.2446 0.2205 
0.2467 0.3376 0.2674 0.1483 
0.3748 0.1756 0.1606 0.2890 
0.1044 0.1963 0.5469 0.1524 
0.1533 0.2396 0.3306 0.2765 
0.0181 0.0564 0.8997 0.0258 

MOTIF filter16 
letter-probability matrix: alength= 4 w= 19 nsites= 19 
0.2280 0.2982 0.1215 0.3523 
0.3187 0.3089 0.0625 0.3099 
0.2910 0.1164 0.1444 0.4483 
0.5695 0.0828 0.1146 0.2331 
0.4396 0.1569 0.1052 0.2983 
0.4813 0.0313 0.0220 0.4654 
0.4626 0.0852 0.0158 0.4363 
0.0907 0.2487 0.0208 0.6398 
0.3750 0.3161 0.0817 0.2272 
0.3723 0.2346 0.0952 0.2979 
0.4526 0.0530 0.2560 0.2384 
0.2484 0.0286 0.2187 0.5043 
0.4000 0.1283 0.2132 0.2585 
0.4562 0.0559 0.1122 0.3756 
0.3525 0.0900 0.0244 0.5330 
0.3797 0.0116 0.1040 0.5047 
0.2034 0.0741 0.0622 0.6603 
0.3933 0.0389 0.0781 0.4897 
0.4766 0.0425 0.2508 0.2301 

MOTIF filter17 
letter-probability matrix: alength= 4 w= 19 nsites= 19 
0.3340 0.2164 0.2157 0.2339 
0.2395 0.2193 0.2409 0.3003 
0.2291 0.2234 0.3534 0.1941 
0.1737 0.2606 0.3345 0.2312 
0.2424 0.1694 0.3961 0.1921 
0.1853 0.3273 0.3468 0.1406 
0.0218 0.9686 0.0055 0.0041 
0.0061 0.0323 0.9324 0.0292 
0.1249 0.2830 0.3852 0.2070 
0.2815 0.3249 0.1712 0.2224 
0.3289 0.2287 0.2943 0.1481 
0.2136 0.3121 0.1793 0.2950 
0.2985 0.1659 0.1965 0.3391 
0.3270 0.1285 0.1074 0.4371 
0.3636 0.0294 0.1337 0.4733 
0.5026 0.0776 0.1122 0.3077 
0.3554 0.1793 0.1769 0.2883 
0.2343 0.2980 0.2196 0.2480 
0.2349 0.1765 0.3519 0.2367 

MOTIF filter18 
letter-probability matrix: alength= 4 w= 19 nsites= 19 
0.0593 0.3309 0.0190 0.5908 
0.1198 0.0188 0.7715 0.0899 
0.0130 0.8642 0.0120 0.1109 
0.5523 0.0403 0.3234 0.0840 
0.5838 0.0082 0.1043 0.3037 
0.0091 0.6023 0.1069 0.2818 
0.4755 0.0438 0.3394 0.1413 
0.1372 0.3275 0.1823 0.3530 
0.2646 0.2799 0.1758 0.2797 
0.2930 0.2008 0.2446 0.2615 
0.2413 0.2344 0.2805 0.2438 
0.2845 0.2376 0.2109 0.2670 
0.2095 0.2579 0.2989 0.2337 
0.2624 0.2653 0.2088 0.2635 
0.2351 0.1983 0.2792 0.2875 
0.2416 0.2559 0.2573 0.2453 
0.2446 0.2279 0.2676 0.2599 
0.2836 0.2511 0.2395 0.2259 
0.2113 0.3197 0.2166 0.2524 

MOTIF filter19 
letter-probability matrix: alength= 4 w= 19 nsites= 19 
0.4463 0.0847 0.2256 0.2434 
0.4688 0.0539 0.0804 0.3968 
0.4266 0.0925 0.0751 0.4057 
0.3210 0.1785 0.1611 0.3393 
0.0835 0.2631 0.0211 0.6323 
0.0131 0.0294 0.9542 0.0033 
0.0680 0.9029 0.0054 0.0236 
0.0421 0.2383 0.0240 0.6957 
0.0664 0.0357 0.7685 0.1295 
0.8802 0.0253 0.0273 0.0671 
0.0512 0.5278 0.3241 0.0969 
0.1443 0.1724 0.1838 0.4994 
0.1466 0.5352 0.0869 0.2313 
0.4695 0.1284 0.2545 0.1476 
0.1287 0.1345 0.5458 0.1910 
0.0888 0.5727 0.2063 0.1323 
0.3384 0.2914 0.2214 0.1488 
0.3567 0.1942 0.1872 0.2619 
0.3217 0.1483 0.1604 0.3696 

MOTIF filter20 
letter-probability matrix: alength= 4 w= 19 nsites= 19 
0.1921 0.3628 0.2800 0.1650 
0.2160 0.2662 0.2207 0.2971 
0.2424 0.2607 0.3170 0.1799 
0.2175 0.2564 0.2765 0.2497 
0.3203 0.2784 0.1936 0.2077 
0.2523 0.3722 0.1056 0.2699 
0.1940 0.2173 0.1929 0.3958 
0.2148 0.3737 0.2032 0.2083 
0.0188 0.3879 0.1117 0.4817 
0.0993 0.1972 0.5132 0.1903 
0.9404 0.0052 0.0410 0.0135 
0.0222 0.0383 0.0163 0.9232 
0.0580 0.0067 0.0034 0.9319 
0.0177 0.0683 0.8981 0.0159 
0.0215 0.0255 0.9394 0.0136 
0.1848 0.3480 0.1102 0.3570 
0.0248 0.3846 0.0685 0.5221 
0.3139 0.2045 0.4070 0.0746 
0.3939 0.1708 0.3175 0.1177 

MOTIF filter21 
letter-probability matrix: alength= 4 w= 19 nsites= 19 
0.2367 0.2152 0.2221 0.3260 
0.1657 0.2122 0.2867 0.3354 
0.1306 0.2334 0.5478 0.0882 
0.2196 0.4935 0.1405 0.1464 
0.1473 0.2553 0.1383 0.4592 
0.2556 0.0935 0.4968 0.1542 
0.5000 0.1775 0.2005 0.1220 
0.1092 0.3537 0.4776 0.0595 
0.0593 0.0406 0.0225 0.8776 
0.1274 0.7739 0.0329 0.0658 
0.6460 0.0234 0.2839 0.0467 
0.0237 0.0053 0.9019 0.0691 
0.0031 0.9539 0.0334 0.0096 
0.6387 0.0175 0.2532 0.0906 
0.3849 0.1617 0.1702 0.2832 
0.4168 0.0749 0.0978 0.4105 
0.3583 0.0770 0.0588 0.5059 
0.2382 0.1820 0.0768 0.5030 
0.2154 0.2357 0.1370 0.4120 

MOTIF filter22 
letter-probability matrix: alength= 4 w= 19 nsites= 19 
0.3502 0.2420 0.1724 0.2354 
0.2991 0.2028 0.1809 0.3172 
0.1873 0.3033 0.1148 0.3946 
0.2134 0.1734 0.3400 0.2732 
0.4015 0.0593 0.3426 0.1966 
0.1533 0.7012 0.0440 0.1014 
0.0188 0.9514 0.0162 0.0136 
0.6723 0.0198 0.2342 0.0736 
0.0878 0.6494 0.2249 0.0379 
0.1715 0.1885 0.0338 0.6061 
0.8326 0.0470 0.0837 0.0367 
0.0199 0.0227 0.9462 0.0112 
0.3934 0.0307 0.5583 0.0176 
0.0339 0.1242 0.5108 0.3312 
0.0204 0.0524 0.8940 0.0331 
0.0250 0.0351 0.8593 0.0806 
0.0690 0.8569 0.0187 0.0554 
0.2467 0.0455 0.6748 0.0329 
0.1340 0.5009 0.2040 0.1611 

MOTIF filter23 
letter-probability matrix: alength= 4 w= 19 nsites= 19 
0.2879 0.2340 0.2253 0.2528 
0.1516 0.3562 0.1867 0.3055 
0.0660 0.3835 0.2961 0.2543 
0.4323 0.1279 0.3688 0.0710 
0.3918 0.0972 0.3030 0.2080 
0.0187 0.9586 0.0124 0.0102 
0.0284 0.8971 0.0459 0.0286 
0.8869 0.0130 0.0138 0.0863 
0.8618 0.0282 0.0622 0.0478 
0.0107 0.0656 0.0090 0.9146 
0.1499 0.5182 0.1958 0.1362 
0.5234 0.0569 0.4127 0.0070 
0.2521 0.1985 0.3550 0.1943 
0.4534 0.1829 0.2403 0.1233 
0.2573 0.0861 0.3918 0.2648 
0.2003 0.2049 0.3915 0.2033 
0.2143 0.3139 0.2564 0.2154 
0.1612 0.3612 0.2336 0.2440 
0.3348 0.1385 0.2985 0.2282 

MOTIF filter24 
letter-probability matrix: alength= 4 w= 19 nsites= 19 
0.3506 0.2007 0.2100 0.2388 
0.2436 0.3121 0.1714 0.2729 
0.2143 0.3694 0.2915 0.1249 
0.1681 0.1524 0.5440 0.1355 
0.0077 0.9514 0.0048 0.0362 
0.0170 0.0634 0.8316 0.0880 
0.1059 0.5858 0.1799 0.1284 
0.2275 0.3501 0.2017 0.2207 
0.3119 0.2161 0.2682 0.2038 
0.2692 0.2878 0.2057 0.2372 
0.1942 0.3943 0.2163 0.1952 
0.1828 0.2874 0.3321 0.1978 
0.2190 0.3705 0.2991 0.1114 
0.1509 0.3208 0.2851 0.2432 
0.2420 0.2271 0.2579 0.2730 
0.2599 0.2285 0.2615 0.2501 
0.2207 0.3072 0.2463 0.2258 
0.1678 0.3463 0.2598 0.2261 
0.1983 0.2450 0.3425 0.2142 

MOTIF filter25 
letter-probability matrix: alength= 4 w= 19 nsites= 19 
0.2373 0.2382 0.2730 0.2515 
0.2319 0.2515 0.2598 0.2569 
0.2195 0.2806 0.2513 0.2486 
0.2448 0.2640 0.2649 0.2264 
0.1935 0.3330 0.2272 0.2463 
0.1293 0.4746 0.2211 0.1749 
0.3191 0.1009 0.0229 0.5572 
0.0564 0.0179 0.3301 0.5957 
0.9561 0.0137 0.0099 0.0204 
0.0157 0.0081 0.0087 0.9674 
0.5896 0.3343 0.0136 0.0626 
0.6059 0.0220 0.1120 0.2601 
0.1688 0.2560 0.4663 0.1090 
0.2271 0.2257 0.3531 0.1941 
0.2491 0.2977 0.2640 0.1893 
0.2294 0.2566 0.2792 0.2348 
0.2486 0.2892 0.2303 0.2319 
0.2170 0.2900 0.2258 0.2672 
0.2466 0.2651 0.2547 0.2337 

MOTIF filter26 
letter-probability matrix: alength= 4 w= 19 nsites= 19 
0.1760 0.2058 0.3573 0.2609 
0.2159 0.3023 0.3134 0.1684 
0.3590 0.2283 0.2426 0.1702 
0.2072 0.3020 0.2503 0.2405 
0.2675 0.2553 0.2287 0.2485 
0.2709 0.2685 0.2669 0.1938 
0.1911 0.2259 0.4355 0.1475 
0.1347 0.2696 0.1998 0.3959 
0.2489 0.1867 0.3013 0.2631 
0.1448 0.2102 0.1583 0.4868 
0.1135 0.4195 0.1471 0.3200 
0.3819 0.1316 0.3861 0.1004 
0.4202 0.0979 0.3347 0.1472 
0.0118 0.7899 0.0435 0.1548 
0.0092 0.9146 0.0570 0.0191 
0.8985 0.0067 0.0104 0.0844 
0.9700 0.0045 0.0207 0.0049 
0.0069 0.0630 0.0065 0.9236 
0.1654 0.5306 0.2468 0.0573 

MOTIF filter27 
letter-probability matrix: alength= 4 w= 19 nsites= 19 
0.2501 0.2605 0.2795 0.2099 
0.2965 0.2514 0.2897 0.1625 
0.2138 0.2774 0.2653 0.2435 
0.2178 0.1260 0.3568 0.2993 
0.4684 0.1665 0.3026 0.0625 
0.0197 0.0580 0.0280 0.8943 
0.0245 0.0097 0.5120 0.4538 
0.6070 0.0156 0.1405 0.2368 
0.0278 0.7554 0.0477 0.1691 
0.1865 0.0746 0.6955 0.0433 
0.3550 0.0920 0.0149 0.5382 
0.2999 0.6704 0.0101 0.0196 
0.8757 0.0195 0.0925 0.0124 
0.0598 0.3017 0.1692 0.4694 
0.2935 0.3609 0.1407 0.2050 
0.2560 0.3061 0.2490 0.1889 
0.2040 0.3157 0.2174 0.2629 
0.2449 0.2798 0.2265 0.2488 
0.2504 0.2457 0.2624 0.2415 

MOTIF filter28 
letter-probability matrix: alength= 4 w= 19 nsites= 19 
0.4112 0.1489 0.1797 0.2602 
0.2940 0.1167 0.1783 0.4110 
0.2550 0.1914 0.1517 0.4018 
0.2255 0.1658 0.2324 0.3763 
0.2424 0.2155 0.2697 0.2724 
0.2946 0.2610 0.1703 0.2740 
0.2429 0.2521 0.2130 0.2921 
0.2299 0.2042 0.2585 0.3074 
0.3351 0.2067 0.2157 0.2425 
0.2769 0.1853 0.2877 0.2501 
0.3275 0.2141 0.2184 0.2400 
0.3623 0.1243 0.2218 0.2916 
0.5054 0.1089 0.0574 0.3282 
0.3858 0.0962 0.0740 0.4440 
0.1792 0.1141 0.1012 0.6056 
0.4771 0.0492 0.0402 0.4336 
0.8828 0.0049 0.0275 0.0848 
0.1481 0.0194 0.0459 0.7866 
0.4041 0.0171 0.0437 0.5352 

MOTIF filter29 
letter-probability matrix: alength= 4 w= 19 nsites= 19 
0.2616 0.2561 0.2702 0.2120 
0.1868 0.3125 0.2712 0.2296 
0.1938 0.2990 0.2916 0.2157 
0.2280 0.3149 0.2241 0.2330 
0.2408 0.2762 0.2742 0.2088 
0.2483 0.2125 0.2813 0.2580 
0.2548 0.1847 0.2894 0.2712 
0.2599 0.1532 0.3241 0.2628 
0.1736 0.1623 0.3703 0.2938 
0.0332 0.8861 0.0232 0.0574 
0.0084 0.4368 0.0166 0.5383 
0.8214 0.0468 0.0142 0.1176 
0.3403 0.0123 0.0175 0.6299 
0.6258 0.0096 0.0225 0.3421 
0.3440 0.0268 0.0163 0.6130 
0.6586 0.0237 0.0129 0.3048 
0.1121 0.0134 0.0459 0.8285 
0.5712 0.0153 0.4062 0.0074 
0.0668 0.0364 0.8630 0.0338 

