MEME version 4

ALPHABET= ACGT

Background letter frequencies:
A 0.2500 C 0.2500 G 0.2500 T 0.2500 

MOTIF filter0 
letter-probability matrix: alength= 4 w= 19 nsites= 19 
0.1802 0.2341 0.0762 0.5095 
0.1877 0.1698 0.3717 0.2708 
0.3270 0.3005 0.1955 0.1769 
0.0151 0.9340 0.0171 0.0339 
0.0077 0.8714 0.0878 0.0330 
0.4550 0.0436 0.1144 0.3869 
0.2084 0.0272 0.0111 0.7533 
0.8662 0.0223 0.0519 0.0596 
0.0828 0.0416 0.0152 0.8605 
0.7866 0.0070 0.0159 0.1905 
0.4971 0.0644 0.0549 0.3836 
0.0246 0.0845 0.8805 0.0104 
0.0374 0.0094 0.9073 0.0458 
0.2208 0.2103 0.2540 0.3149 
0.2545 0.3994 0.1808 0.1653 
0.4767 0.0954 0.2116 0.2162 
0.2153 0.2040 0.2094 0.3712 
0.2856 0.1824 0.3075 0.2245 
0.2941 0.2245 0.2554 0.2260 

MOTIF filter1 
letter-probability matrix: alength= 4 w= 19 nsites= 19 
0.2672 0.2739 0.2107 0.2481 
0.3307 0.2397 0.2627 0.1669 
0.2582 0.2528 0.2475 0.2414 
0.2462 0.1819 0.2892 0.2827 
0.1419 0.1494 0.3676 0.3411 
0.0398 0.8668 0.0259 0.0675 
0.0141 0.3896 0.0147 0.5816 
0.8018 0.0510 0.0241 0.1231 
0.3559 0.0193 0.0533 0.5715 
0.5746 0.0133 0.0474 0.3648 
0.3799 0.0389 0.0114 0.5699 
0.5671 0.0402 0.0219 0.3708 
0.1528 0.0241 0.0427 0.7804 
0.5751 0.0261 0.3922 0.0066 
0.0677 0.0337 0.8471 0.0515 
0.3181 0.3903 0.1634 0.1282 
0.2838 0.3435 0.1354 0.2373 
0.2265 0.2958 0.1882 0.2896 
0.2183 0.2567 0.2084 0.3166 

MOTIF filter2 
letter-probability matrix: alength= 4 w= 19 nsites= 19 
0.1005 0.4979 0.1536 0.2479 
0.0697 0.3914 0.3643 0.1746 
0.2230 0.3142 0.3060 0.1568 
0.1496 0.4612 0.2409 0.1484 
0.1356 0.4128 0.2554 0.1962 
0.0310 0.4075 0.0525 0.5090 
0.0211 0.3637 0.1764 0.4388 
0.1345 0.0614 0.0646 0.7395 
0.0349 0.6554 0.2612 0.0485 
0.6011 0.0334 0.1035 0.2620 
0.0835 0.1262 0.0169 0.7734 
0.1569 0.0196 0.0137 0.8099 
0.0187 0.2570 0.5101 0.2142 
0.0036 0.0173 0.8912 0.0879 
0.0579 0.4315 0.0491 0.4615 
0.1975 0.3044 0.0813 0.4168 
0.4878 0.2706 0.1874 0.0542 
0.3898 0.1880 0.3128 0.1094 
0.2083 0.1886 0.2270 0.3760 

MOTIF filter3 
letter-probability matrix: alength= 4 w= 19 nsites= 19 
0.4428 0.2107 0.2838 0.0628 
0.3135 0.1713 0.0287 0.4865 
0.1059 0.7165 0.1638 0.0138 
0.1653 0.0592 0.6003 0.1752 
0.1809 0.6804 0.0045 0.1341 
0.0226 0.2283 0.6884 0.0607 
0.2700 0.0270 0.6173 0.0857 
0.0622 0.5460 0.0598 0.3320 
0.1524 0.1242 0.5917 0.1318 
0.2092 0.0670 0.5424 0.1814 
0.0403 0.8384 0.0082 0.1131 
0.1236 0.0678 0.7655 0.0431 
0.3335 0.3610 0.1122 0.1933 
0.1256 0.0601 0.3225 0.4919 
0.1977 0.7076 0.0609 0.0338 
0.0618 0.0690 0.5400 0.3291 
0.3032 0.3167 0.1505 0.2296 
0.2033 0.1921 0.4325 0.1721 
0.3585 0.1959 0.3527 0.0929 

MOTIF filter4 
letter-probability matrix: alength= 4 w= 19 nsites= 19 
0.0092 0.0134 0.0299 0.9475 
0.0164 0.0088 0.8167 0.1581 
0.9322 0.0105 0.0168 0.0404 
0.1059 0.3803 0.3485 0.1653 
0.0106 0.0487 0.0127 0.9280 
0.2004 0.7429 0.0437 0.0129 
0.9004 0.0237 0.0065 0.0694 
0.1930 0.4043 0.1833 0.2194 
0.1073 0.2565 0.1396 0.4965 
0.2660 0.2097 0.3842 0.1402 
0.2258 0.3235 0.1451 0.3056 
0.1746 0.1761 0.3661 0.2831 
0.1805 0.2379 0.3514 0.2303 
0.2866 0.2092 0.2956 0.2085 
0.2567 0.2072 0.2276 0.3085 
0.1806 0.2227 0.4011 0.1956 
0.1850 0.3282 0.2347 0.2522 
0.1688 0.2696 0.3600 0.2016 
0.2813 0.3609 0.1375 0.2203 

MOTIF filter5 
letter-probability matrix: alength= 4 w= 19 nsites= 19 
0.2456 0.3171 0.1952 0.2420 
0.2424 0.3377 0.1159 0.3040 
0.2931 0.2062 0.2140 0.2867 
0.2513 0.1502 0.3219 0.2767 
0.0500 0.5547 0.1200 0.2753 
0.0289 0.5291 0.3643 0.0777 
0.9428 0.0030 0.0102 0.0440 
0.5500 0.0071 0.0113 0.4316 
0.0286 0.0043 0.0036 0.9634 
0.0657 0.3385 0.5641 0.0316 
0.3212 0.1201 0.4888 0.0699 
0.2819 0.2694 0.1457 0.3030 
0.3048 0.1755 0.2254 0.2943 
0.2479 0.1974 0.3124 0.2424 
0.2461 0.1982 0.2633 0.2923 
0.2420 0.3078 0.2383 0.2119 
0.2961 0.1798 0.3036 0.2205 
0.2988 0.2638 0.1878 0.2495 
0.2042 0.2809 0.2648 0.2501 

MOTIF filter6 
letter-probability matrix: alength= 4 w= 19 nsites= 19 
0.2265 0.2885 0.2023 0.2827 
0.2557 0.2664 0.2868 0.1911 
0.1847 0.2591 0.3563 0.2000 
0.2328 0.1908 0.3093 0.2671 
0.2674 0.2368 0.2954 0.2003 
0.1032 0.1915 0.2285 0.4768 
0.4550 0.0663 0.4442 0.0345 
0.1237 0.0075 0.0105 0.8584 
0.0247 0.0537 0.0025 0.9191 
0.0404 0.0221 0.8734 0.0640 
0.0131 0.9154 0.0220 0.0494 
0.4963 0.0365 0.4223 0.0449 
0.4352 0.2460 0.0302 0.2886 
0.3371 0.3497 0.0372 0.2760 
0.8030 0.0699 0.0507 0.0765 
0.1414 0.2950 0.1746 0.3890 
0.3348 0.2799 0.1713 0.2140 
0.1980 0.3392 0.2094 0.2535 
0.2147 0.3151 0.1982 0.2721 

MOTIF filter7 
letter-probability matrix: alength= 4 w= 19 nsites= 19 
0.1152 0.4287 0.2075 0.2486 
0.0652 0.0049 0.9015 0.0283 
0.0393 0.8347 0.0546 0.0714 
0.0200 0.8954 0.0720 0.0125 
0.1912 0.1724 0.6197 0.0166 
0.0385 0.4326 0.0648 0.4641 
0.0458 0.6517 0.0903 0.2121 
0.1142 0.3006 0.2025 0.3827 
0.1988 0.0098 0.7809 0.0104 
0.3958 0.0822 0.4905 0.0315 
0.2445 0.1402 0.1714 0.4439 
0.0050 0.1699 0.8184 0.0066 
0.0254 0.0227 0.8463 0.1056 
0.0844 0.6765 0.0504 0.1886 
0.1477 0.5901 0.1183 0.1439 
0.3648 0.1444 0.4585 0.0323 
0.4025 0.1209 0.1063 0.3703 
0.4338 0.1600 0.1910 0.2152 
0.2271 0.3660 0.1811 0.2258 

MOTIF filter8 
letter-probability matrix: alength= 4 w= 19 nsites= 19 
0.1895 0.3580 0.2283 0.2242 
0.2653 0.3073 0.2010 0.2265 
0.1144 0.3359 0.3607 0.1890 
0.1337 0.1982 0.2749 0.3932 
0.2621 0.1456 0.3788 0.2136 
0.0777 0.3149 0.2208 0.3866 
0.3457 0.0790 0.5218 0.0534 
0.2513 0.2777 0.1931 0.2779 
0.4130 0.3449 0.1749 0.0672 
0.0294 0.9213 0.0245 0.0247 
0.6659 0.0272 0.2471 0.0598 
0.0077 0.8403 0.0438 0.1083 
0.1919 0.0142 0.7129 0.0809 
0.0892 0.1368 0.0262 0.7478 
0.0476 0.0505 0.8980 0.0039 
0.1640 0.3045 0.2195 0.3121 
0.1084 0.1987 0.5091 0.1838 
0.1152 0.2920 0.1995 0.3933 
0.2274 0.1286 0.4946 0.1494 

MOTIF filter9 
letter-probability matrix: alength= 4 w= 19 nsites= 19 
0.2624 0.2145 0.2329 0.2902 
0.3177 0.1994 0.2788 0.2041 
0.4110 0.0900 0.2546 0.2444 
0.5915 0.0300 0.1196 0.2589 
0.4562 0.0143 0.0407 0.4888 
0.5002 0.0221 0.0201 0.4577 
0.3275 0.1613 0.0899 0.4213 
0.0683 0.3786 0.0173 0.5358 
0.0053 0.0117 0.9776 0.0055 
0.0349 0.9352 0.0042 0.0257 
0.0607 0.3188 0.0196 0.6009 
0.1130 0.0080 0.7888 0.0902 
0.8668 0.0289 0.0546 0.0497 
0.0658 0.6539 0.1681 0.1123 
0.1256 0.2001 0.1575 0.5169 
0.2250 0.4082 0.1077 0.2591 
0.3148 0.2015 0.3257 0.1580 
0.1207 0.0252 0.7988 0.0553 
0.0904 0.6415 0.2249 0.0433 

MOTIF filter10 
letter-probability matrix: alength= 4 w= 19 nsites= 19 
0.2949 0.2535 0.2638 0.1878 
0.2242 0.3311 0.2340 0.2107 
0.1809 0.2498 0.3301 0.2392 
0.2353 0.2594 0.2569 0.2484 
0.1956 0.3567 0.2247 0.2229 
0.3805 0.1952 0.2222 0.2021 
0.2181 0.3824 0.2861 0.1134 
0.1593 0.0897 0.2083 0.5426 
0.2549 0.0353 0.1171 0.5927 
0.1314 0.6577 0.1630 0.0479 
0.0317 0.9500 0.0087 0.0095 
0.0147 0.0043 0.9617 0.0193 
0.0236 0.1464 0.6657 0.1643 
0.6891 0.1039 0.0293 0.1778 
0.5784 0.1746 0.0957 0.1513 
0.2092 0.1700 0.4245 0.1963 
0.1543 0.2331 0.1620 0.4506 
0.2862 0.1580 0.3472 0.2086 
0.2669 0.2136 0.2387 0.2808 

MOTIF filter11 
letter-probability matrix: alength= 4 w= 19 nsites= 19 
0.0486 0.2383 0.3819 0.3312 
0.1784 0.1511 0.3339 0.3367 
0.1621 0.0582 0.3415 0.4382 
0.1605 0.0227 0.8036 0.0132 
0.2996 0.0255 0.6468 0.0281 
0.0879 0.0520 0.2910 0.5691 
0.0143 0.1018 0.0986 0.7854 
0.0029 0.0255 0.8367 0.1349 
0.1338 0.0208 0.8384 0.0070 
0.2644 0.0334 0.3040 0.3983 
0.0246 0.9037 0.0596 0.0121 
0.0992 0.8445 0.0091 0.0471 
0.8034 0.0329 0.0255 0.1381 
0.8012 0.0240 0.0493 0.1255 
0.0446 0.2661 0.1970 0.4923 
0.0399 0.6085 0.0975 0.2541 
0.4217 0.3207 0.0979 0.1597 
0.4674 0.3866 0.0991 0.0469 
0.2444 0.5476 0.0924 0.1156 

MOTIF filter12 
letter-probability matrix: alength= 4 w= 19 nsites= 19 
0.2433 0.2702 0.2316 0.2549 
0.2143 0.2776 0.2529 0.2553 
0.2850 0.2593 0.2480 0.2077 
0.2632 0.2078 0.3082 0.2208 
0.2251 0.2796 0.2846 0.2107 
0.2296 0.1188 0.2962 0.3554 
0.5109 0.1527 0.3126 0.0238 
0.0096 0.0212 0.0218 0.9474 
0.0215 0.0249 0.2733 0.6803 
0.3942 0.0093 0.4345 0.1620 
0.0628 0.7078 0.0581 0.1713 
0.0862 0.0404 0.8417 0.0317 
0.1453 0.6342 0.0133 0.2072 
0.8148 0.1539 0.0241 0.0072 
0.9773 0.0051 0.0144 0.0031 
0.0252 0.2795 0.1500 0.5453 
0.3299 0.3397 0.1517 0.1786 
0.1974 0.2294 0.3299 0.2433 
0.2202 0.2759 0.1997 0.3042 

MOTIF filter13 
letter-probability matrix: alength= 4 w= 19 nsites= 19 
0.2168 0.2531 0.2488 0.2813 
0.2323 0.2229 0.3072 0.2377 
0.2509 0.2112 0.2614 0.2765 
0.1966 0.3133 0.2807 0.2093 
0.2254 0.2984 0.1948 0.2814 
0.5656 0.1190 0.1928 0.1226 
0.4820 0.1464 0.1118 0.2599 
0.4190 0.1419 0.2285 0.2107 
0.9172 0.0098 0.0122 0.0608 
0.0086 0.0289 0.0193 0.9432 
0.0268 0.0319 0.8360 0.1053 
0.0289 0.0601 0.8139 0.0971 
0.0921 0.7436 0.0465 0.1179 
0.0564 0.3021 0.4825 0.1590 
0.1356 0.1810 0.4879 0.1955 
0.2556 0.4808 0.1208 0.1427 
0.1693 0.3459 0.2087 0.2761 
0.2009 0.2907 0.3385 0.1699 
0.3140 0.2755 0.2052 0.2053 

MOTIF filter14 
letter-probability matrix: alength= 4 w= 19 nsites= 19 
0.2622 0.2449 0.2230 0.2699 
0.2182 0.2817 0.2483 0.2518 
0.2474 0.2381 0.3442 0.1703 
0.1661 0.1514 0.5149 0.1676 
0.1224 0.5313 0.2214 0.1249 
0.1312 0.6594 0.1587 0.0507 
0.0367 0.0141 0.8754 0.0738 
0.1360 0.8021 0.0205 0.0414 
0.0152 0.9279 0.0192 0.0377 
0.9629 0.0109 0.0185 0.0077 
0.0198 0.0147 0.0066 0.9589 
0.2340 0.2064 0.2001 0.3595 
0.2024 0.0576 0.1622 0.5778 
0.1223 0.1620 0.0711 0.6446 
0.3021 0.2264 0.2441 0.2273 
0.1881 0.2376 0.3151 0.2592 
0.3068 0.1990 0.2030 0.2912 
0.2366 0.2787 0.1863 0.2984 
0.2348 0.2780 0.2611 0.2262 

MOTIF filter15 
letter-probability matrix: alength= 4 w= 19 nsites= 19 
0.4989 0.1502 0.1846 0.1663 
0.0327 0.4569 0.1288 0.3816 
0.0280 0.0052 0.0399 0.9269 
0.0812 0.0184 0.0153 0.8851 
0.1633 0.8137 0.0142 0.0088 
0.0038 0.8760 0.0343 0.0859 
0.0916 0.3205 0.5013 0.0866 
0.0745 0.0633 0.8538 0.0085 
0.0074 0.0824 0.6763 0.2340 
0.8056 0.0463 0.0299 0.1182 
0.8235 0.1093 0.0098 0.0573 
0.4291 0.1570 0.3344 0.0795 
0.1118 0.3115 0.1909 0.3859 
0.1967 0.2803 0.4166 0.1064 
0.2396 0.2129 0.3713 0.1762 
0.1690 0.3128 0.2663 0.2519 
0.2802 0.2551 0.2020 0.2627 
0.2171 0.2583 0.2317 0.2929 
0.1883 0.2705 0.3599 0.1814 

MOTIF filter16 
letter-probability matrix: alength= 4 w= 19 nsites= 19 
0.3946 0.0886 0.1797 0.3371 
0.1892 0.1259 0.2272 0.4577 
0.1373 0.1905 0.1725 0.4998 
0.3099 0.0391 0.5399 0.1111 
0.7996 0.0396 0.0532 0.1077 
0.1989 0.0089 0.0612 0.7309 
0.0365 0.4830 0.0724 0.4081 
0.7067 0.0284 0.0707 0.1942 
0.4287 0.1004 0.1392 0.3317 
0.3049 0.0601 0.1038 0.5312 
0.1840 0.1174 0.3291 0.3695 
0.4190 0.1429 0.1883 0.2498 
0.2153 0.1859 0.2292 0.3696 
0.2241 0.3237 0.1675 0.2847 
0.2633 0.2482 0.2292 0.2594 
0.2740 0.2368 0.1921 0.2971 
0.2495 0.1708 0.2933 0.2864 
0.2571 0.2250 0.1751 0.3428 
0.3081 0.2750 0.1242 0.2928 

MOTIF filter17 
letter-probability matrix: alength= 4 w= 19 nsites= 19 
0.1759 0.2275 0.1940 0.4026 
0.2747 0.1459 0.1397 0.4397 
0.6969 0.0319 0.2013 0.0698 
0.5074 0.0758 0.0977 0.3190 
0.2309 0.2042 0.0092 0.5557 
0.3086 0.3778 0.2052 0.1083 
0.4780 0.2263 0.0871 0.2086 
0.6183 0.0395 0.1339 0.2082 
0.1209 0.1373 0.1079 0.6339 
0.5258 0.1097 0.1830 0.1815 
0.3561 0.2763 0.3019 0.0657 
0.2439 0.5837 0.0558 0.1166 
0.2785 0.4968 0.1148 0.1098 
0.3149 0.2040 0.1993 0.2819 
0.3745 0.1609 0.3058 0.1588 
0.1105 0.1706 0.5850 0.1339 
0.1714 0.1417 0.5513 0.1355 
0.1545 0.2446 0.3308 0.2701 
0.1326 0.4871 0.1048 0.2755 

MOTIF filter18 
letter-probability matrix: alength= 4 w= 19 nsites= 19 
0.2008 0.1996 0.2553 0.3443 
0.0870 0.4479 0.0845 0.3807 
0.2086 0.1881 0.5403 0.0630 
0.5406 0.0386 0.3392 0.0816 
0.6560 0.2109 0.0620 0.0712 
0.0566 0.5930 0.1669 0.1836 
0.2681 0.0312 0.3736 0.3271 
0.0360 0.1082 0.0302 0.8256 
0.0089 0.4741 0.0644 0.4526 
0.1366 0.0368 0.7713 0.0553 
0.6898 0.1239 0.1252 0.0611 
0.2908 0.3915 0.0490 0.2687 
0.0564 0.5564 0.2267 0.1604 
0.1359 0.2516 0.1468 0.4658 
0.2304 0.1925 0.2267 0.3504 
0.2193 0.2937 0.2500 0.2370 
0.2818 0.2253 0.3469 0.1459 
0.2181 0.1599 0.3374 0.2846 
0.2616 0.3087 0.2562 0.1735 

MOTIF filter19 
letter-probability matrix: alength= 4 w= 19 nsites= 19 
0.2403 0.3149 0.2333 0.2115 
0.2978 0.2135 0.1705 0.3183 
0.2587 0.2323 0.2506 0.2584 
0.1986 0.2765 0.2345 0.2904 
0.1716 0.2528 0.3412 0.2343 
0.3856 0.2386 0.2256 0.1502 
0.2733 0.1559 0.2660 0.3048 
0.1147 0.6675 0.1021 0.1157 
0.0174 0.5622 0.1500 0.2705 
0.3120 0.0897 0.3638 0.2344 
0.9714 0.0066 0.0194 0.0025 
0.0045 0.0390 0.0173 0.9392 
0.1239 0.1429 0.0605 0.6727 
0.2074 0.0304 0.7454 0.0168 
0.0494 0.0654 0.8521 0.0331 
0.1926 0.2439 0.1667 0.3967 
0.1095 0.2855 0.1740 0.4310 
0.2385 0.2073 0.3848 0.1694 
0.2159 0.2121 0.3868 0.1851 

MOTIF filter20 
letter-probability matrix: alength= 4 w= 19 nsites= 19 
0.1955 0.3675 0.2795 0.1575 
0.2196 0.3464 0.1775 0.2565 
0.3639 0.2372 0.2395 0.1594 
0.1892 0.3310 0.3162 0.1635 
0.3515 0.1366 0.4181 0.0939 
0.1595 0.3206 0.2111 0.3089 
0.0377 0.6964 0.2030 0.0629 
0.6620 0.0262 0.2595 0.0523 
0.0121 0.5492 0.0042 0.4345 
0.1451 0.0158 0.8235 0.0156 
0.3617 0.0610 0.0129 0.5644 
0.0439 0.2958 0.6326 0.0278 
0.1551 0.1111 0.3578 0.3760 
0.1708 0.4987 0.0709 0.2596 
0.3486 0.2125 0.2737 0.1652 
0.1669 0.4093 0.1397 0.2841 
0.2436 0.1574 0.3798 0.2193 
0.2485 0.2386 0.2703 0.2426 
0.1625 0.3057 0.2830 0.2488 

MOTIF filter21 
letter-probability matrix: alength= 4 w= 19 nsites= 19 
0.2446 0.1893 0.2434 0.3227 
0.3546 0.2197 0.1892 0.2365 
0.3555 0.2052 0.2791 0.1602 
0.2783 0.2214 0.1656 0.3348 
0.2816 0.1689 0.1763 0.3732 
0.2857 0.1397 0.2513 0.3233 
0.2675 0.2371 0.2110 0.2843 
0.2657 0.1758 0.3539 0.2046 
0.1515 0.1095 0.4820 0.2569 
0.3824 0.3039 0.2585 0.0552 
0.2008 0.2200 0.0217 0.5575 
0.1148 0.1095 0.6168 0.1589 
0.7230 0.0309 0.1106 0.1354 
0.0521 0.3975 0.4878 0.0626 
0.1059 0.0085 0.0093 0.8763 
0.0237 0.5020 0.1698 0.3045 
0.9187 0.0042 0.0408 0.0363 
0.0118 0.1034 0.1230 0.7618 
0.3714 0.4843 0.0734 0.0710 

MOTIF filter22 
letter-probability matrix: alength= 4 w= 19 nsites= 19 
0.2673 0.2988 0.2182 0.2157 
0.2152 0.3919 0.1834 0.2095 
0.1264 0.3490 0.3359 0.1887 
0.2024 0.2310 0.2050 0.3616 
0.1012 0.1661 0.5082 0.2245 
0.3252 0.1402 0.2693 0.2653 
0.3435 0.1192 0.0960 0.4413 
0.1631 0.0657 0.0418 0.7294 
0.2064 0.1572 0.0682 0.5683 
0.1167 0.4451 0.1087 0.3295 
0.1130 0.2617 0.3263 0.2990 
0.2342 0.1657 0.2345 0.3655 
0.5168 0.0170 0.4130 0.0532 
0.6324 0.0142 0.3143 0.0391 
0.8723 0.0044 0.1198 0.0035 
0.8521 0.0120 0.0773 0.0586 
0.6114 0.0697 0.1466 0.1722 
0.3071 0.2979 0.1674 0.2277 
0.0286 0.4394 0.3810 0.1511 

MOTIF filter23 
letter-probability matrix: alength= 4 w= 19 nsites= 19 
0.2325 0.2500 0.2494 0.2681 
0.1629 0.3417 0.1658 0.3296 
0.0936 0.3747 0.2148 0.3168 
0.3881 0.1573 0.4081 0.0464 
0.4586 0.0850 0.3608 0.0955 
0.0326 0.9460 0.0077 0.0137 
0.0602 0.8708 0.0506 0.0185 
0.7918 0.0464 0.0554 0.1063 
0.8296 0.0405 0.1152 0.0148 
0.0697 0.1098 0.0329 0.7875 
0.2324 0.4616 0.2213 0.0847 
0.6078 0.1368 0.1680 0.0874 
0.2543 0.2994 0.3133 0.1330 
0.4202 0.1799 0.3129 0.0870 
0.3930 0.1066 0.2674 0.2329 
0.2351 0.2613 0.2517 0.2519 
0.1608 0.3149 0.2470 0.2773 
0.3318 0.2778 0.2627 0.1277 
0.3107 0.1910 0.2564 0.2419 

MOTIF filter24 
letter-probability matrix: alength= 4 w= 19 nsites= 19 
0.1229 0.3689 0.3253 0.1829 
0.0538 0.5061 0.4063 0.0337 
0.0174 0.3259 0.6391 0.0176 
0.2410 0.0570 0.6014 0.1006 
0.7823 0.0214 0.1399 0.0564 
0.2949 0.2462 0.0526 0.4063 
0.0542 0.2648 0.5691 0.1119 
0.0273 0.3416 0.6217 0.0094 
0.0971 0.3437 0.5015 0.0577 
0.4563 0.0272 0.4541 0.0624 
0.2405 0.1894 0.0411 0.5290 
0.0437 0.1837 0.0774 0.6951 
0.0333 0.4548 0.1539 0.3580 
0.1517 0.5840 0.1499 0.1143 
0.0730 0.3047 0.4118 0.2105 
0.1589 0.3782 0.2490 0.2140 
0.2610 0.3726 0.1565 0.2100 
0.1901 0.2362 0.4546 0.1190 
0.1281 0.4411 0.3774 0.0534 

MOTIF filter25 
letter-probability matrix: alength= 4 w= 19 nsites= 19 
0.3131 0.2941 0.1829 0.2099 
0.4018 0.1940 0.2166 0.1876 
0.4088 0.1235 0.1532 0.3145 
0.2832 0.1818 0.1608 0.3742 
0.2762 0.0744 0.4897 0.1597 
0.0370 0.0616 0.0098 0.8917 
0.0255 0.3158 0.6438 0.0149 
0.4126 0.5572 0.0180 0.0122 
0.0074 0.0377 0.4695 0.4854 
0.0111 0.4166 0.5341 0.0382 
0.9616 0.0078 0.0078 0.0229 
0.0907 0.4895 0.1920 0.2278 
0.2426 0.1476 0.2801 0.3298 
0.2018 0.1290 0.0991 0.5700 
0.2677 0.2014 0.2663 0.2647 
0.2489 0.1245 0.2848 0.3418 
0.1610 0.2533 0.2743 0.3114 
0.2931 0.3638 0.1945 0.1486 
0.3793 0.1837 0.2077 0.2292 

MOTIF filter26 
letter-probability matrix: alength= 4 w= 19 nsites= 19 
0.1939 0.2617 0.3324 0.2120 
0.2889 0.2486 0.2710 0.1916 
0.2367 0.2440 0.3147 0.2046 
0.1815 0.3489 0.2895 0.1801 
0.2027 0.1772 0.3657 0.2544 
0.5031 0.1059 0.3352 0.0558 
0.0140 0.0464 0.0054 0.9341 
0.0473 0.0178 0.7973 0.1376 
0.9502 0.0373 0.0062 0.0063 
0.0568 0.4599 0.4468 0.0364 
0.0209 0.0112 0.0180 0.9499 
0.1069 0.8385 0.0072 0.0473 
0.8718 0.0063 0.1096 0.0123 
0.0447 0.3420 0.1169 0.4964 
0.2291 0.3471 0.2088 0.2149 
0.1876 0.2975 0.3190 0.1959 
0.1898 0.2821 0.2411 0.2870 
0.2054 0.3253 0.2604 0.2090 
0.2148 0.2798 0.3166 0.1888 

MOTIF filter27 
letter-probability matrix: alength= 4 w= 19 nsites= 19 
0.3214 0.2498 0.1861 0.2427 
0.2742 0.2052 0.1449 0.3756 
0.3691 0.2036 0.1283 0.2990 
0.3347 0.1525 0.2216 0.2912 
0.2982 0.1612 0.3061 0.2346 
0.3081 0.1465 0.3278 0.2175 
0.3093 0.1132 0.2638 0.3137 
0.2056 0.2739 0.1470 0.3735 
0.3036 0.3535 0.0488 0.2942 
0.5239 0.1044 0.1142 0.2576 
0.5088 0.1266 0.1703 0.1942 
0.2699 0.0452 0.0747 0.6102 
0.5451 0.0068 0.3916 0.0565 
0.0558 0.0522 0.0424 0.8496 
0.2899 0.1564 0.1040 0.4497 
0.2697 0.2086 0.1103 0.4113 
0.7192 0.0627 0.1515 0.0665 
0.2532 0.3432 0.0566 0.3470 
0.4005 0.1771 0.0669 0.3555 

MOTIF filter28 
letter-probability matrix: alength= 4 w= 19 nsites= 19 
0.3740 0.3203 0.1971 0.1086 
0.2331 0.3088 0.1125 0.3456 
0.2389 0.1909 0.4131 0.1571 
0.1768 0.0852 0.2063 0.5317 
0.1036 0.0827 0.7388 0.0749 
0.0691 0.3522 0.1525 0.4262 
0.8369 0.0703 0.0476 0.0452 
0.0044 0.9571 0.0177 0.0208 
0.6202 0.0490 0.2214 0.1094 
0.1173 0.3132 0.2355 0.3340 
0.2672 0.1041 0.3005 0.3281 
0.1513 0.0531 0.7420 0.0536 
0.1315 0.1973 0.0787 0.5925 
0.1615 0.2982 0.2466 0.2937 
0.1802 0.3737 0.2667 0.1794 
0.3588 0.3768 0.1259 0.1385 
0.3003 0.3475 0.1846 0.1676 
0.2420 0.2359 0.2431 0.2789 
0.2388 0.2131 0.2081 0.3401 

MOTIF filter29 
letter-probability matrix: alength= 4 w= 19 nsites= 19 
0.1429 0.1928 0.3067 0.3576 
0.0926 0.2484 0.5870 0.0719 
0.1392 0.5663 0.0732 0.2212 
0.1737 0.3189 0.1786 0.3289 
0.2661 0.1135 0.4699 0.1505 
0.4309 0.2177 0.2039 0.1476 
0.1565 0.3017 0.4943 0.0476 
0.0582 0.0502 0.0528 0.8387 
0.1515 0.7554 0.0107 0.0824 
0.5275 0.0652 0.3477 0.0597 
0.0437 0.0053 0.8997 0.0513 
0.0083 0.9240 0.0328 0.0348 
0.6551 0.0159 0.2656 0.0634 
0.4608 0.1143 0.1298 0.2951 
0.4491 0.0323 0.0443 0.4743 
0.4362 0.0525 0.0347 0.4766 
0.1951 0.1447 0.0618 0.5984 
0.1791 0.2393 0.1060 0.4756 
0.2517 0.2393 0.2176 0.2914 

