MEME version 4

ALPHABET= ACGT

Background letter frequencies:
A 0.2500 C 0.2500 G 0.2500 T 0.2500 

MOTIF filter0 
letter-probability matrix: alength= 4 w= 19 nsites= 19 
0.2397 0.1654 0.2758 0.3191 
0.3732 0.2615 0.2613 0.1040 
0.0206 0.9149 0.0523 0.0121 
0.0132 0.5240 0.3975 0.0653 
0.1653 0.3952 0.1504 0.2891 
0.1915 0.1006 0.0410 0.6669 
0.3612 0.0237 0.0520 0.5631 
0.2621 0.0473 0.0099 0.6807 
0.2688 0.0443 0.1372 0.5496 
0.3757 0.1390 0.1380 0.3472 
0.0519 0.4211 0.5238 0.0033 
0.0062 0.0211 0.9256 0.0471 
0.0949 0.4457 0.1381 0.3213 
0.1791 0.4198 0.3262 0.0749 
0.0758 0.2550 0.3399 0.3294 
0.1787 0.4990 0.0962 0.2260 
0.2845 0.3495 0.2131 0.1529 
0.1473 0.4754 0.2426 0.1348 
0.1235 0.3224 0.3785 0.1756 

MOTIF filter1 
letter-probability matrix: alength= 4 w= 19 nsites= 19 
0.2350 0.0879 0.3553 0.3218 
0.5586 0.1925 0.0688 0.1802 
0.1024 0.0654 0.6225 0.2096 
0.2085 0.1440 0.3581 0.2893 
0.2599 0.1515 0.3956 0.1930 
0.0243 0.7908 0.1315 0.0534 
0.0075 0.9611 0.0279 0.0034 
0.4054 0.0046 0.5647 0.0253 
0.2716 0.0167 0.0159 0.6959 
0.7719 0.0540 0.0190 0.1551 
0.1706 0.0241 0.0682 0.7370 
0.5680 0.0844 0.0137 0.3339 
0.1317 0.1025 0.4059 0.3600 
0.0048 0.2660 0.6851 0.0441 
0.0653 0.0499 0.8524 0.0325 
0.2273 0.4784 0.1278 0.1664 
0.0572 0.2002 0.1980 0.5446 
0.5562 0.0824 0.2046 0.1568 
0.1460 0.3202 0.0597 0.4740 

MOTIF filter2 
letter-probability matrix: alength= 4 w= 19 nsites= 19 
0.1179 0.3626 0.2288 0.2907 
0.2171 0.1427 0.3213 0.3188 
0.2200 0.2908 0.1150 0.3742 
0.1325 0.1939 0.2473 0.4263 
0.1569 0.2171 0.5549 0.0711 
0.3352 0.2974 0.0376 0.3299 
0.0151 0.5957 0.3466 0.0426 
0.5358 0.0450 0.0261 0.3931 
0.0462 0.3303 0.2133 0.4102 
0.7839 0.0962 0.1150 0.0049 
0.0215 0.0941 0.0082 0.8762 
0.1157 0.1594 0.6291 0.0959 
0.7653 0.0311 0.1417 0.0619 
0.0087 0.1700 0.3646 0.4566 
0.1156 0.1657 0.3432 0.3755 
0.2626 0.1042 0.0970 0.5362 
0.1415 0.2250 0.4615 0.1721 
0.2726 0.1613 0.2169 0.3493 
0.1788 0.4006 0.1757 0.2449 

MOTIF filter3 
letter-probability matrix: alength= 4 w= 19 nsites= 19 
0.5004 0.1026 0.2185 0.1785 
0.4961 0.3286 0.0822 0.0930 
0.0772 0.4140 0.4890 0.0197 
0.3766 0.0195 0.4184 0.1856 
0.3648 0.4096 0.0739 0.1517 
0.0452 0.5498 0.3706 0.0343 
0.2971 0.0336 0.6124 0.0570 
0.0656 0.1449 0.0618 0.7277 
0.1168 0.1782 0.4872 0.2178 
0.5085 0.0896 0.1982 0.2038 
0.0308 0.8771 0.0516 0.0406 
0.0463 0.0309 0.8521 0.0707 
0.0551 0.3525 0.1280 0.4644 
0.5815 0.1712 0.1455 0.1019 
0.3198 0.5189 0.0598 0.1016 
0.1154 0.3477 0.3342 0.2027 
0.2611 0.3103 0.1615 0.2670 
0.2610 0.2310 0.3377 0.1702 
0.3893 0.2116 0.1820 0.2171 

MOTIF filter4 
letter-probability matrix: alength= 4 w= 19 nsites= 19 
0.2678 0.2520 0.1587 0.3215 
0.1584 0.1600 0.2335 0.4480 
0.2524 0.4649 0.1857 0.0971 
0.4125 0.2091 0.3401 0.0383 
0.1548 0.0897 0.1385 0.6170 
0.3863 0.2925 0.2329 0.0883 
0.7577 0.0530 0.0762 0.1132 
0.0864 0.1559 0.5784 0.1793 
0.4048 0.1692 0.1315 0.2945 
0.1297 0.5399 0.3033 0.0272 
0.0294 0.1003 0.0083 0.8620 
0.0403 0.6449 0.2207 0.0941 
0.5279 0.2239 0.0441 0.2041 
0.0075 0.4697 0.3298 0.1929 
0.0584 0.3321 0.1908 0.4186 
0.1586 0.3875 0.2857 0.1682 
0.2680 0.2069 0.1608 0.3644 
0.0918 0.2714 0.4568 0.1800 
0.3332 0.1950 0.2477 0.2242 

MOTIF filter5 
letter-probability matrix: alength= 4 w= 19 nsites= 19 
0.3431 0.2900 0.0962 0.2707 
0.0905 0.4580 0.1985 0.2530 
0.3629 0.0316 0.4628 0.1427 
0.3505 0.0848 0.4273 0.1374 
0.0480 0.2314 0.0107 0.7100 
0.0349 0.3567 0.5138 0.0946 
0.7962 0.0060 0.1343 0.0635 
0.2001 0.2012 0.1003 0.4985 
0.0580 0.2134 0.0759 0.6526 
0.4445 0.0904 0.3863 0.0787 
0.3057 0.0733 0.3004 0.3206 
0.1941 0.1915 0.1598 0.4546 
0.2016 0.2229 0.2558 0.3198 
0.3672 0.1404 0.1893 0.3031 
0.2377 0.1744 0.1809 0.4070 
0.2782 0.2403 0.2510 0.2306 
0.2551 0.1271 0.4609 0.1569 
0.2653 0.2963 0.2259 0.2125 
0.2169 0.3071 0.2893 0.1867 

MOTIF filter6 
letter-probability matrix: alength= 4 w= 19 nsites= 19 
0.0987 0.2241 0.4506 0.2267 
0.1827 0.3753 0.2906 0.1515 
0.2680 0.1902 0.2214 0.3203 
0.2183 0.2281 0.4371 0.1164 
0.3547 0.0766 0.1414 0.4272 
0.0473 0.2700 0.6374 0.0453 
0.5643 0.2287 0.0696 0.1374 
0.1325 0.1021 0.3785 0.3869 
0.0271 0.2746 0.0056 0.6927 
0.3173 0.1018 0.4602 0.1207 
0.8190 0.0507 0.1004 0.0299 
0.0973 0.5685 0.2165 0.1176 
0.1764 0.4976 0.0619 0.2641 
0.1515 0.6690 0.0361 0.1435 
0.5501 0.2116 0.0124 0.2259 
0.5516 0.1284 0.1255 0.1946 
0.2445 0.0854 0.1429 0.5272 
0.2137 0.1801 0.3924 0.2138 
0.2624 0.2190 0.2345 0.2841 

MOTIF filter7 
letter-probability matrix: alength= 4 w= 19 nsites= 19 
0.2476 0.3289 0.2474 0.1762 
0.2673 0.2294 0.3389 0.1645 
0.2156 0.3077 0.3286 0.1481 
0.0753 0.4236 0.3071 0.1940 
0.2444 0.0919 0.4396 0.2241 
0.0980 0.2055 0.3041 0.3925 
0.2445 0.1811 0.4306 0.1438 
0.3326 0.2599 0.1868 0.2207 
0.1279 0.3707 0.4774 0.0240 
0.2836 0.0634 0.3834 0.2696 
0.2335 0.3289 0.3460 0.0915 
0.1545 0.1529 0.2103 0.4824 
0.0707 0.1646 0.5662 0.1985 
0.5446 0.1540 0.1388 0.1626 
0.0073 0.4134 0.5472 0.0321 
0.3240 0.0103 0.2006 0.4651 
0.1564 0.2909 0.0822 0.4705 
0.3069 0.1202 0.4954 0.0776 
0.5211 0.2056 0.0721 0.2012 

MOTIF filter8 
letter-probability matrix: alength= 4 w= 19 nsites= 19 
0.2800 0.2867 0.2647 0.1686 
0.2753 0.2582 0.2651 0.2014 
0.1562 0.5266 0.1022 0.2150 
0.2507 0.1147 0.5287 0.1059 
0.1447 0.4073 0.0895 0.3586 
0.1231 0.2735 0.5606 0.0428 
0.3853 0.1851 0.1079 0.3217 
0.1839 0.2246 0.5821 0.0094 
0.0261 0.2860 0.0256 0.6623 
0.1860 0.1638 0.3017 0.3484 
0.7247 0.1202 0.1278 0.0273 
0.0071 0.2732 0.2626 0.4571 
0.2135 0.0942 0.2464 0.4460 
0.3503 0.3437 0.2196 0.0863 
0.0506 0.0898 0.8255 0.0341 
0.1541 0.2953 0.0714 0.4792 
0.1794 0.2611 0.4723 0.0872 
0.2167 0.1365 0.5278 0.1189 
0.1087 0.3861 0.2284 0.2767 

MOTIF filter9 
letter-probability matrix: alength= 4 w= 19 nsites= 19 
0.1527 0.2442 0.5223 0.0809 
0.3006 0.4003 0.1249 0.1741 
0.1081 0.2603 0.1175 0.5142 
0.1675 0.2136 0.5484 0.0704 
0.5674 0.0905 0.1287 0.2134 
0.0543 0.7021 0.1361 0.1075 
0.2925 0.2220 0.2478 0.2378 
0.2074 0.0343 0.4085 0.3498 
0.1426 0.6049 0.1471 0.1054 
0.2652 0.5502 0.1573 0.0273 
0.2021 0.1319 0.1522 0.5138 
0.0046 0.1480 0.7289 0.1186 
0.1885 0.0751 0.2594 0.4770 
0.2639 0.1220 0.0370 0.5771 
0.0352 0.5889 0.3309 0.0450 
0.3211 0.0505 0.0963 0.5321 
0.0214 0.4457 0.3572 0.1757 
0.3944 0.1929 0.1195 0.2931 
0.3957 0.3385 0.1369 0.1289 

MOTIF filter10 
letter-probability matrix: alength= 4 w= 19 nsites= 19 
0.2212 0.2204 0.4686 0.0897 
0.1915 0.2360 0.2548 0.3176 
0.4533 0.0734 0.2003 0.2731 
0.3300 0.5678 0.0182 0.0840 
0.1309 0.1233 0.6275 0.1182 
0.2447 0.1341 0.1361 0.4851 
0.0792 0.1240 0.7771 0.0198 
0.1704 0.1293 0.0373 0.6630 
0.1635 0.0705 0.0525 0.7134 
0.0278 0.0873 0.8578 0.0271 
0.0345 0.9367 0.0041 0.0246 
0.1411 0.0611 0.5602 0.2377 
0.0248 0.1263 0.6849 0.1639 
0.4338 0.4132 0.1085 0.0445 
0.5919 0.2001 0.1649 0.0430 
0.2343 0.1758 0.3389 0.2509 
0.0331 0.5054 0.4213 0.0403 
0.3903 0.0321 0.2092 0.3684 
0.1235 0.4623 0.1705 0.2436 

MOTIF filter11 
letter-probability matrix: alength= 4 w= 19 nsites= 19 
0.2970 0.1965 0.2046 0.3019 
0.0242 0.1654 0.1619 0.6485 
0.1299 0.1307 0.6485 0.0909 
0.4979 0.1060 0.3363 0.0598 
0.3032 0.2142 0.3243 0.1583 
0.0173 0.1226 0.1598 0.7003 
0.0093 0.6299 0.3231 0.0377 
0.9271 0.0101 0.0370 0.0257 
0.3084 0.0335 0.0960 0.5621 
0.0618 0.0319 0.0252 0.8811 
0.0083 0.5983 0.3882 0.0053 
0.3120 0.2976 0.3405 0.0498 
0.3104 0.3778 0.1158 0.1960 
0.1620 0.3117 0.1490 0.3773 
0.0716 0.1925 0.3983 0.3376 
0.2914 0.2064 0.4437 0.0585 
0.1636 0.2963 0.4492 0.0909 
0.1621 0.4432 0.2490 0.1457 
0.1043 0.3554 0.2892 0.2511 

MOTIF filter12 
letter-probability matrix: alength= 4 w= 19 nsites= 19 
0.2847 0.0388 0.4001 0.2764 
0.7889 0.1224 0.0273 0.0613 
0.5738 0.0101 0.0207 0.3954 
0.1723 0.0212 0.5811 0.2254 
0.0503 0.9009 0.0224 0.0264 
0.1292 0.1220 0.2864 0.4624 
0.0408 0.1294 0.7287 0.1011 
0.6462 0.2389 0.0169 0.0981 
0.0361 0.2496 0.0091 0.7051 
0.0334 0.0437 0.8485 0.0745 
0.5895 0.0945 0.0620 0.2540 
0.1135 0.2912 0.5831 0.0122 
0.0274 0.0100 0.1964 0.7662 
0.0612 0.9172 0.0100 0.0116 
0.6224 0.1061 0.2003 0.0713 
0.0064 0.0313 0.9034 0.0589 
0.0679 0.7840 0.0098 0.1383 
0.2393 0.1124 0.4248 0.2234 
0.3269 0.1898 0.0646 0.4186 

MOTIF filter13 
letter-probability matrix: alength= 4 w= 19 nsites= 19 
0.1926 0.3435 0.1355 0.3284 
0.0859 0.5806 0.0685 0.2651 
0.0101 0.1877 0.7688 0.0334 
0.1602 0.7685 0.0618 0.0096 
0.0677 0.6654 0.0186 0.2483 
0.2211 0.0045 0.7314 0.0429 
0.9502 0.0123 0.0166 0.0209 
0.4254 0.2914 0.1804 0.1027 
0.2172 0.0471 0.0159 0.7198 
0.0764 0.5515 0.0074 0.3647 
0.2735 0.1078 0.5261 0.0926 
0.0566 0.4011 0.4700 0.0723 
0.0410 0.6650 0.2577 0.0363 
0.1476 0.5020 0.3142 0.0362 
0.4174 0.1581 0.3408 0.0838 
0.4380 0.0777 0.0997 0.3846 
0.3811 0.0623 0.0153 0.5413 
0.3589 0.1407 0.0640 0.4364 
0.1969 0.1586 0.1353 0.5093 

MOTIF filter14 
letter-probability matrix: alength= 4 w= 19 nsites= 19 
0.3529 0.1481 0.3225 0.1765 
0.4133 0.1876 0.1676 0.2315 
0.0911 0.3122 0.3007 0.2960 
0.3234 0.0462 0.2920 0.3384 
0.1029 0.4022 0.1926 0.3023 
0.0730 0.5107 0.1149 0.3013 
0.3869 0.0091 0.5685 0.0355 
0.0591 0.7010 0.0065 0.2334 
0.3524 0.1793 0.3398 0.1285 
0.5610 0.0769 0.2791 0.0831 
0.0544 0.2732 0.0381 0.6343 
0.2587 0.3710 0.2894 0.0809 
0.1509 0.1678 0.3980 0.2833 
0.2208 0.3111 0.1043 0.3637 
0.1856 0.2474 0.3375 0.2295 
0.1803 0.1638 0.3066 0.3493 
0.2231 0.3240 0.1035 0.3495 
0.1842 0.2005 0.2593 0.3560 
0.2016 0.2767 0.2840 0.2376 

MOTIF filter15 
letter-probability matrix: alength= 4 w= 19 nsites= 19 
0.2268 0.5123 0.0463 0.2146 
0.0924 0.8545 0.0271 0.0261 
0.0117 0.8764 0.0377 0.0742 
0.4849 0.3269 0.0701 0.1181 
0.1327 0.2418 0.5724 0.0530 
0.0111 0.0034 0.9350 0.0505 
0.2170 0.0249 0.7235 0.0345 
0.0191 0.2661 0.5259 0.1889 
0.8445 0.0484 0.0646 0.0425 
0.8872 0.0450 0.0442 0.0237 
0.4921 0.3787 0.0643 0.0650 
0.3723 0.1467 0.0423 0.4387 
0.1063 0.7459 0.0533 0.0944 
0.4994 0.0250 0.0812 0.3944 
0.0319 0.4384 0.2819 0.2477 
0.2882 0.0315 0.0384 0.6419 
0.0575 0.5347 0.3770 0.0308 
0.4009 0.1822 0.1009 0.3161 
0.0652 0.4050 0.3051 0.2247 

MOTIF filter16 
letter-probability matrix: alength= 4 w= 19 nsites= 19 
0.3572 0.2367 0.2617 0.1444 
0.2001 0.4037 0.1723 0.2240 
0.2376 0.2456 0.1149 0.4020 
0.4333 0.1684 0.2388 0.1595 
0.6386 0.1264 0.0975 0.1375 
0.4858 0.1271 0.1663 0.2208 
0.0452 0.1009 0.0282 0.8257 
0.6150 0.0454 0.1683 0.1713 
0.6515 0.0363 0.1686 0.1436 
0.1178 0.1351 0.1325 0.6146 
0.0258 0.0190 0.2588 0.6964 
0.4834 0.3663 0.1308 0.0195 
0.5722 0.2039 0.1256 0.0982 
0.1639 0.0770 0.0687 0.6904 
0.0754 0.7882 0.0936 0.0428 
0.4463 0.0326 0.4200 0.1012 
0.1013 0.5222 0.1964 0.1801 
0.0971 0.3739 0.2375 0.2915 
0.1304 0.2230 0.5269 0.1197 

MOTIF filter17 
letter-probability matrix: alength= 4 w= 19 nsites= 19 
0.2863 0.0496 0.2828 0.3813 
0.1876 0.1353 0.2239 0.4533 
0.0688 0.0305 0.8778 0.0230 
0.0999 0.5260 0.3515 0.0225 
0.0502 0.2540 0.0234 0.6724 
0.2262 0.2399 0.4581 0.0759 
0.8839 0.0684 0.0194 0.0283 
0.0024 0.0775 0.9161 0.0040 
0.0079 0.6122 0.0533 0.3267 
0.3096 0.3357 0.0921 0.2625 
0.4241 0.1117 0.3922 0.0720 
0.1737 0.0982 0.5969 0.1312 
0.0661 0.7156 0.1499 0.0685 
0.2651 0.2984 0.2361 0.2005 
0.2769 0.4526 0.0816 0.1889 
0.2027 0.2182 0.1794 0.3997 
0.2218 0.3825 0.1098 0.2859 
0.1699 0.2550 0.1981 0.3771 
0.0826 0.6594 0.0786 0.1794 

MOTIF filter18 
letter-probability matrix: alength= 4 w= 19 nsites= 19 
0.1397 0.0827 0.0691 0.7085 
0.1496 0.0780 0.7140 0.0585 
0.1036 0.5669 0.2771 0.0524 
0.2288 0.0045 0.6979 0.0688 
0.6342 0.1887 0.0187 0.1584 
0.0770 0.0464 0.0441 0.8326 
0.8684 0.0099 0.0261 0.0957 
0.0320 0.4299 0.0983 0.4398 
0.2474 0.5451 0.0566 0.1508 
0.1287 0.2142 0.6059 0.0512 
0.1103 0.3076 0.1379 0.4442 
0.6882 0.1624 0.0987 0.0506 
0.4784 0.1815 0.1750 0.1651 
0.1166 0.4749 0.2983 0.1102 
0.1294 0.1487 0.6258 0.0961 
0.1748 0.3158 0.1969 0.3124 
0.1870 0.1554 0.3899 0.2677 
0.1589 0.4930 0.1836 0.1645 
0.1845 0.2861 0.3453 0.1841 

MOTIF filter19 
letter-probability matrix: alength= 4 w= 19 nsites= 19 
0.0910 0.4773 0.3384 0.0933 
0.1650 0.3165 0.1442 0.3743 
0.1952 0.3153 0.2438 0.2457 
0.1866 0.1160 0.3187 0.3787 
0.1737 0.0281 0.4570 0.3413 
0.2360 0.0113 0.6499 0.1028 
0.2805 0.1031 0.4474 0.1690 
0.1173 0.4486 0.0530 0.3811 
0.1890 0.6116 0.0711 0.1283 
0.3385 0.4732 0.0784 0.1100 
0.4488 0.1723 0.0759 0.3029 
0.3672 0.1877 0.0725 0.3726 
0.0852 0.0754 0.8258 0.0137 
0.4028 0.0946 0.2443 0.2584 
0.1666 0.2193 0.2704 0.3437 
0.0044 0.8748 0.0380 0.0828 
0.5785 0.0665 0.1438 0.2113 
0.2284 0.4182 0.1971 0.1564 
0.3070 0.0785 0.4406 0.1739 

MOTIF filter20 
letter-probability matrix: alength= 4 w= 19 nsites= 19 
0.1666 0.2193 0.2643 0.3498 
0.1254 0.4088 0.3203 0.1455 
0.2057 0.1412 0.4156 0.2376 
0.1586 0.4329 0.1252 0.2832 
0.1810 0.3249 0.4008 0.0933 
0.2874 0.3349 0.1364 0.2414 
0.2141 0.2451 0.3600 0.1808 
0.3982 0.1511 0.3239 0.1268 
0.0935 0.1052 0.1499 0.6514 
0.3500 0.2272 0.3892 0.0336 
0.0765 0.0211 0.0839 0.8185 
0.0360 0.6057 0.0625 0.2958 
0.1350 0.0076 0.6703 0.1871 
0.0120 0.8670 0.0078 0.1132 
0.1485 0.0094 0.8341 0.0080 
0.1087 0.6058 0.0061 0.2795 
0.4194 0.0722 0.4856 0.0228 
0.7520 0.1341 0.0132 0.1006 
0.0178 0.5085 0.2116 0.2621 

MOTIF filter21 
letter-probability matrix: alength= 4 w= 19 nsites= 19 
0.3842 0.1448 0.2209 0.2501 
0.1509 0.2119 0.3977 0.2395 
0.1604 0.2735 0.5155 0.0506 
0.1801 0.2958 0.4540 0.0701 
0.0877 0.1129 0.2048 0.5946 
0.1387 0.1249 0.2784 0.4580 
0.7652 0.0609 0.0990 0.0750 
0.0234 0.0929 0.0742 0.8094 
0.0136 0.0203 0.1109 0.8551 
0.3115 0.5889 0.0392 0.0604 
0.5460 0.1757 0.0735 0.2048 
0.0229 0.0083 0.8852 0.0836 
0.0679 0.8357 0.0892 0.0072 
0.8177 0.0151 0.1373 0.0299 
0.5649 0.0371 0.1386 0.2594 
0.1607 0.1196 0.2073 0.5124 
0.2687 0.1218 0.0817 0.5279 
0.1592 0.3107 0.1601 0.3699 
0.1089 0.4354 0.1611 0.2947 

MOTIF filter22 
letter-probability matrix: alength= 4 w= 19 nsites= 19 
0.1745 0.3672 0.1637 0.2945 
0.0132 0.9062 0.0557 0.0249 
0.0493 0.8579 0.0647 0.0281 
0.1855 0.0339 0.0469 0.7338 
0.0616 0.0054 0.0746 0.8583 
0.6772 0.1252 0.1090 0.0887 
0.0109 0.7771 0.0038 0.2081 
0.6378 0.2235 0.0592 0.0794 
0.3344 0.0405 0.0147 0.6104 
0.0678 0.0597 0.7458 0.1266 
0.1402 0.0112 0.8396 0.0090 
0.1621 0.1942 0.1817 0.4621 
0.7460 0.1275 0.0277 0.0988 
0.8081 0.0275 0.0767 0.0877 
0.0725 0.0278 0.8187 0.0810 
0.1069 0.0110 0.8464 0.0357 
0.4671 0.0931 0.2525 0.1872 
0.4891 0.2149 0.1293 0.1666 
0.2245 0.1252 0.2269 0.4234 

MOTIF filter23 
letter-probability matrix: alength= 4 w= 19 nsites= 19 
0.0803 0.5443 0.1125 0.2628 
0.4674 0.1405 0.3057 0.0864 
0.2742 0.3182 0.2626 0.1449 
0.2018 0.2682 0.1755 0.3545 
0.4554 0.1112 0.2673 0.1661 
0.2366 0.6294 0.0497 0.0843 
0.0737 0.3372 0.2359 0.3531 
0.7246 0.0413 0.1837 0.0503 
0.4763 0.0108 0.0447 0.4683 
0.0152 0.5549 0.0070 0.4229 
0.0321 0.4975 0.0372 0.4332 
0.2526 0.0064 0.7286 0.0125 
0.6893 0.0041 0.3031 0.0035 
0.0071 0.1975 0.0082 0.7871 
0.0339 0.6603 0.0587 0.2470 
0.1946 0.1004 0.7018 0.0032 
0.1417 0.0064 0.8478 0.0041 
0.3125 0.5517 0.0288 0.1071 
0.0658 0.3830 0.3162 0.2350 

MOTIF filter24 
letter-probability matrix: alength= 4 w= 19 nsites= 19 
0.1233 0.1251 0.2489 0.5027 
0.1116 0.6022 0.1369 0.1493 
0.0085 0.6098 0.3697 0.0120 
0.2350 0.4444 0.2591 0.0615 
0.7478 0.0359 0.0423 0.1739 
0.2061 0.0362 0.0083 0.7493 
0.0176 0.1041 0.2276 0.6506 
0.0683 0.1943 0.7045 0.0329 
0.0255 0.6573 0.2576 0.0596 
0.2259 0.1621 0.5476 0.0644 
0.8929 0.0688 0.0040 0.0343 
0.1967 0.1257 0.0986 0.5790 
0.0098 0.2819 0.0483 0.6601 
0.0090 0.6093 0.3377 0.0440 
0.5440 0.0529 0.3128 0.0903 
0.3933 0.2602 0.1034 0.2432 
0.2710 0.1589 0.0601 0.5100 
0.3015 0.2266 0.2449 0.2270 
0.1606 0.1779 0.4579 0.2036 

MOTIF filter25 
letter-probability matrix: alength= 4 w= 19 nsites= 19 
0.1449 0.3083 0.2779 0.2689 
0.2204 0.2631 0.2641 0.2524 
0.1751 0.0803 0.1749 0.5696 
0.1478 0.0841 0.5574 0.2107 
0.3947 0.2136 0.2146 0.1771 
0.4766 0.1337 0.1327 0.2570 
0.0266 0.2808 0.0853 0.6073 
0.0314 0.3128 0.1556 0.5002 
0.9500 0.0138 0.0255 0.0107 
0.0102 0.5817 0.0861 0.3220 
0.6880 0.0707 0.1920 0.0493 
0.0173 0.6188 0.0164 0.3475 
0.3225 0.0977 0.5555 0.0243 
0.0492 0.3033 0.1163 0.5312 
0.1935 0.2566 0.4680 0.0819 
0.1090 0.2398 0.2069 0.4444 
0.2017 0.3020 0.3316 0.1647 
0.2098 0.2704 0.2071 0.3127 
0.3245 0.3125 0.2233 0.1396 

MOTIF filter26 
letter-probability matrix: alength= 4 w= 19 nsites= 19 
0.2923 0.2765 0.1512 0.2800 
0.2727 0.2502 0.1068 0.3703 
0.2586 0.1859 0.4288 0.1267 
0.3135 0.1514 0.1087 0.4263 
0.0711 0.4214 0.3979 0.1096 
0.1458 0.1345 0.0550 0.6648 
0.1306 0.5044 0.0562 0.3087 
0.3587 0.0169 0.4964 0.1279 
0.3550 0.0069 0.5950 0.0431 
0.0293 0.7351 0.2251 0.0106 
0.1808 0.0551 0.0979 0.6662 
0.0713 0.6263 0.1758 0.1266 
0.6824 0.0166 0.1847 0.1162 
0.0667 0.1208 0.2921 0.5204 
0.1999 0.4183 0.2385 0.1433 
0.2731 0.0762 0.4293 0.2214 
0.1637 0.2791 0.2090 0.3482 
0.2596 0.2951 0.2372 0.2081 
0.2897 0.1567 0.2466 0.3070 

MOTIF filter27 
letter-probability matrix: alength= 4 w= 19 nsites= 19 
0.5210 0.1536 0.1475 0.1778 
0.1350 0.4238 0.1575 0.2837 
0.6017 0.1030 0.0805 0.2148 
0.0949 0.1067 0.2429 0.5555 
0.0482 0.1641 0.0354 0.7523 
0.0401 0.0065 0.9457 0.0077 
0.0272 0.6552 0.0048 0.3127 
0.4353 0.0510 0.3905 0.1232 
0.1118 0.5671 0.1428 0.1783 
0.8132 0.0803 0.0604 0.0460 
0.2755 0.3840 0.1295 0.2110 
0.1983 0.3114 0.1238 0.3665 
0.2675 0.1146 0.1643 0.4536 
0.4650 0.1223 0.1532 0.2594 
0.2832 0.0716 0.3622 0.2830 
0.1230 0.4463 0.1453 0.2855 
0.3834 0.2925 0.2286 0.0956 
0.4012 0.2995 0.0972 0.2021 
0.3291 0.1410 0.1837 0.3463 

MOTIF filter28 
letter-probability matrix: alength= 4 w= 19 nsites= 19 
0.5073 0.2242 0.0946 0.1740 
0.0765 0.0353 0.4319 0.4563 
0.4058 0.4508 0.0691 0.0744 
0.3303 0.0360 0.0228 0.6110 
0.1609 0.0348 0.7132 0.0912 
0.6099 0.2617 0.0446 0.0838 
0.4036 0.1447 0.3569 0.0948 
0.0961 0.1507 0.0543 0.6988 
0.1268 0.2556 0.0077 0.6100 
0.5042 0.0129 0.2531 0.2298 
0.3815 0.0590 0.0982 0.4614 
0.3981 0.2233 0.2258 0.1528 
0.1859 0.1257 0.0242 0.6642 
0.2846 0.2097 0.0963 0.4093 
0.7632 0.0617 0.0445 0.1306 
0.3723 0.2148 0.0759 0.3370 
0.6114 0.0952 0.0384 0.2550 
0.4321 0.1840 0.1106 0.2733 
0.2254 0.1214 0.1623 0.4910 

MOTIF filter29 
letter-probability matrix: alength= 4 w= 19 nsites= 19 
0.0854 0.2433 0.0518 0.6195 
0.1149 0.0341 0.7751 0.0759 
0.2897 0.6079 0.0740 0.0284 
0.0064 0.6696 0.0569 0.2671 
0.0425 0.0073 0.9353 0.0149 
0.2973 0.1733 0.1878 0.3416 
0.0310 0.9095 0.0090 0.0505 
0.5232 0.1059 0.3527 0.0182 
0.0192 0.0578 0.5989 0.3241 
0.0564 0.8745 0.0237 0.0454 
0.4927 0.0916 0.3695 0.0462 
0.4269 0.0905 0.3181 0.1645 
0.2778 0.1499 0.1062 0.4661 
0.2955 0.0790 0.0724 0.5531 
0.3079 0.0518 0.1433 0.4970 
0.3205 0.1145 0.1722 0.3928 
0.2596 0.1959 0.2252 0.3194 
0.2062 0.3107 0.2783 0.2047 
0.2497 0.1712 0.3270 0.2522 

