MEME version 4

ALPHABET= ACGT

Background letter frequencies:
A 0.2500 C 0.2500 G 0.2500 T 0.2500 

MOTIF filter0 
letter-probability matrix: alength= 4 w= 19 nsites= 19 
0.5415 0.0667 0.1353 0.2564 
0.6879 0.0369 0.0798 0.1955 
0.6439 0.0243 0.0304 0.3014 
0.5191 0.0964 0.0497 0.3348 
0.1249 0.1804 0.0727 0.6219 
0.1010 0.1225 0.5712 0.2052 
0.0786 0.4904 0.3403 0.0907 
0.3587 0.3442 0.0369 0.2601 
0.1530 0.4599 0.1824 0.2047 
0.3871 0.3530 0.1206 0.1392 
0.4812 0.1584 0.2069 0.1534 
0.3041 0.1550 0.5328 0.0081 
0.0000 0.0011 0.0014 0.9975 
0.0355 0.9642 0.0000 0.0004 
0.9861 0.0000 0.0117 0.0022 
0.0008 0.0000 0.9288 0.0704 
0.0000 0.9962 0.0038 0.0000 
0.8440 0.0095 0.0706 0.0759 
0.2761 0.2760 0.2117 0.2361 

MOTIF filter1 
letter-probability matrix: alength= 4 w= 19 nsites= 19 
0.1782 0.2996 0.2979 0.2243 
0.1910 0.2790 0.3424 0.1876 
0.1817 0.2732 0.3373 0.2079 
0.2460 0.3514 0.2203 0.1823 
0.1484 0.3173 0.3558 0.1785 
0.1033 0.4076 0.2256 0.2635 
0.1101 0.5641 0.1403 0.1855 
0.6708 0.0832 0.2041 0.0418 
0.0007 0.8108 0.0253 0.1631 
0.0353 0.0000 0.0018 0.9629 
0.0000 0.0000 0.0000 1.0000 
0.0000 1.0000 0.0000 0.0000 
0.0000 1.0000 0.0000 0.0000 
0.0000 0.0000 0.7463 0.2537 
0.0018 0.1065 0.8523 0.0393 
0.0344 0.3171 0.1743 0.4742 
0.1086 0.2986 0.2495 0.3433 
0.1742 0.3210 0.2803 0.2245 
0.1967 0.3286 0.2725 0.2022 

MOTIF filter2 
letter-probability matrix: alength= 4 w= 19 nsites= 19 
0.2118 0.2803 0.2649 0.2431 
0.2616 0.2666 0.2734 0.1984 
0.2319 0.2577 0.2475 0.2629 
0.2696 0.2161 0.3289 0.1854 
0.2810 0.1990 0.3262 0.1938 
0.1889 0.3543 0.2989 0.1579 
0.0201 0.9799 0.0001 0.0000 
0.8820 0.0000 0.0690 0.0491 
0.0000 0.7392 0.0000 0.2608 
0.2413 0.0000 0.7587 0.0000 
0.0472 0.0750 0.0005 0.8773 
0.0000 0.0000 0.9703 0.0297 
0.1711 0.2788 0.3568 0.1933 
0.1925 0.3406 0.1979 0.2690 
0.2011 0.3295 0.2077 0.2617 
0.2591 0.2501 0.2567 0.2341 
0.2041 0.2754 0.2662 0.2543 
0.2402 0.2722 0.2730 0.2146 
0.2275 0.2670 0.2713 0.2341 

MOTIF filter3 
letter-probability matrix: alength= 4 w= 19 nsites= 19 
0.1671 0.2920 0.3557 0.1852 
0.0478 0.4038 0.0241 0.5244 
0.3794 0.0005 0.5779 0.0422 
0.3269 0.0000 0.6647 0.0084 
0.0000 1.0000 0.0000 0.0000 
0.2451 0.1233 0.3477 0.2839 
0.0008 0.0000 0.9920 0.0072 
0.0141 0.7105 0.0009 0.2746 
0.1121 0.3562 0.0651 0.4667 
0.1539 0.1179 0.4643 0.2638 
0.0784 0.3309 0.3750 0.2156 
0.1372 0.3009 0.3447 0.2172 
0.1949 0.2827 0.2944 0.2280 
0.1287 0.2927 0.3118 0.2668 
0.1924 0.1931 0.4309 0.1836 
0.1635 0.3636 0.3070 0.1659 
0.1512 0.2570 0.3741 0.2177 
0.1814 0.2461 0.4277 0.1447 
0.1369 0.3672 0.2945 0.2014 

MOTIF filter4 
letter-probability matrix: alength= 4 w= 19 nsites= 19 
0.1781 0.2838 0.0264 0.5117 
0.1300 0.1109 0.4299 0.3292 
0.0458 0.5878 0.1029 0.2635 
0.0040 0.2008 0.0611 0.7340 
0.1174 0.1808 0.5895 0.1124 
0.9984 0.0000 0.0005 0.0011 
0.0007 0.0093 0.0000 0.9901 
0.0032 0.0000 0.0000 0.9968 
0.0056 0.0196 0.9665 0.0083 
0.0074 0.0000 0.9880 0.0046 
0.1715 0.2378 0.0182 0.5724 
0.1270 0.3198 0.2857 0.2675 
0.1645 0.3386 0.3277 0.1692 
0.4505 0.1394 0.3008 0.1093 
0.2338 0.1102 0.1563 0.4997 
0.2018 0.1188 0.1349 0.5446 
0.1206 0.2508 0.1241 0.5045 
0.3209 0.1223 0.1747 0.3821 
0.3675 0.2600 0.1554 0.2171 

MOTIF filter5 
letter-probability matrix: alength= 4 w= 19 nsites= 19 
0.2881 0.1683 0.2238 0.3197 
0.2632 0.1752 0.2236 0.3380 
0.2931 0.1834 0.1936 0.3300 
0.2900 0.1793 0.2060 0.3246 
0.3782 0.1594 0.2236 0.2389 
0.5226 0.0760 0.1970 0.2044 
0.5705 0.0120 0.1257 0.2918 
0.6046 0.0144 0.0220 0.3590 
0.5398 0.0282 0.0204 0.4116 
0.2991 0.1642 0.1187 0.4180 
0.0516 0.0366 0.0195 0.8924 
0.0000 0.0011 0.9989 0.0000 
0.0640 0.9360 0.0000 0.0000 
0.0000 0.0083 0.0011 0.9907 
0.0000 0.0000 0.9632 0.0368 
0.9982 0.0000 0.0000 0.0018 
0.0165 0.5992 0.2588 0.1256 
0.2515 0.1879 0.1282 0.4325 
0.1939 0.3111 0.1294 0.3656 

MOTIF filter6 
letter-probability matrix: alength= 4 w= 19 nsites= 19 
0.2847 0.2220 0.2850 0.2084 
0.2991 0.2368 0.2040 0.2601 
0.2775 0.2172 0.2128 0.2924 
0.3694 0.1318 0.2831 0.2157 
0.2722 0.1974 0.2793 0.2511 
0.2107 0.0652 0.3299 0.3941 
0.6448 0.0877 0.2618 0.0057 
0.0000 0.0002 0.0000 0.9998 
0.0000 0.0000 0.0901 0.9099 
0.2272 0.0000 0.3261 0.4467 
0.0432 0.8280 0.0529 0.0760 
0.3595 0.1331 0.4149 0.0925 
0.2252 0.4363 0.0001 0.3384 
0.6979 0.3021 0.0000 0.0000 
1.0000 0.0000 0.0000 0.0000 
0.0030 0.2473 0.0714 0.6783 
0.4049 0.2379 0.1249 0.2323 
0.2491 0.2228 0.2073 0.3207 
0.2121 0.2515 0.1188 0.4176 

MOTIF filter7 
letter-probability matrix: alength= 4 w= 19 nsites= 19 
0.1558 0.2778 0.2024 0.3640 
0.1004 0.3112 0.1920 0.3963 
0.0731 0.5457 0.1585 0.2227 
0.0214 0.0528 0.0007 0.9251 
0.0568 0.0000 0.0000 0.9432 
1.0000 0.0000 0.0000 0.0000 
0.0000 0.0000 0.0000 1.0000 
0.0000 1.0000 0.0000 0.0000 
0.3283 0.0021 0.0296 0.6401 
0.1948 0.2303 0.3520 0.2228 
0.2259 0.2348 0.2127 0.3266 
0.2886 0.2889 0.2068 0.2157 
0.3067 0.2897 0.1609 0.2427 
0.2516 0.2991 0.1711 0.2781 
0.2807 0.2690 0.1680 0.2823 
0.3193 0.2544 0.1761 0.2503 
0.2764 0.4116 0.1799 0.1321 
0.3152 0.5316 0.0748 0.0784 
0.5573 0.2044 0.1392 0.0992 

MOTIF filter8 
letter-probability matrix: alength= 4 w= 19 nsites= 19 
0.2512 0.2972 0.3007 0.1509 
0.2217 0.2608 0.3346 0.1828 
0.2506 0.2704 0.3017 0.1772 
0.2498 0.3001 0.2589 0.1912 
0.2282 0.2778 0.3090 0.1850 
0.2781 0.3441 0.2221 0.1557 
0.2451 0.2708 0.2683 0.2158 
0.1921 0.2902 0.3283 0.1894 
0.2617 0.2552 0.3098 0.1732 
0.3294 0.2297 0.3268 0.1141 
0.4861 0.1600 0.3273 0.0266 
0.0566 0.8087 0.1307 0.0040 
0.2691 0.7309 0.0000 0.0000 
0.0000 0.0000 1.0000 0.0000 
0.0000 0.0000 1.0000 0.0000 
1.0000 0.0000 0.0000 0.0000 
0.9588 0.0016 0.0000 0.0396 
0.1501 0.0365 0.8134 0.0000 
0.0368 0.1680 0.0754 0.7199 

MOTIF filter9 
letter-probability matrix: alength= 4 w= 19 nsites= 19 
0.5516 0.0703 0.0401 0.3380 
0.4616 0.0251 0.0484 0.4650 
0.3327 0.1961 0.1475 0.3237 
0.0685 0.0351 0.0015 0.8949 
0.0074 0.0005 0.9910 0.0011 
0.0328 0.9332 0.0026 0.0314 
0.1332 0.1635 0.0040 0.6994 
0.1455 0.0437 0.6552 0.1556 
0.7574 0.0499 0.1157 0.0770 
0.0953 0.4139 0.3856 0.1053 
0.1063 0.1082 0.0596 0.7258 
0.1825 0.5767 0.0647 0.1761 
0.6309 0.0058 0.1969 0.1665 
0.0486 0.0029 0.8855 0.0630 
0.0139 0.9299 0.0361 0.0201 
0.7595 0.0558 0.0443 0.1404 
0.4118 0.1245 0.2130 0.2507 
0.4625 0.0398 0.0400 0.4576 
0.3928 0.0293 0.0353 0.5427 

MOTIF filter10 
letter-probability matrix: alength= 4 w= 19 nsites= 19 
0.1867 0.6321 0.1405 0.0407 
0.0000 1.0000 0.0000 0.0000 
0.7805 0.1204 0.0186 0.0806 
0.4126 0.4779 0.0839 0.0256 
0.3604 0.0625 0.0436 0.5334 
0.0734 0.3231 0.4201 0.1834 
0.5609 0.1535 0.2465 0.0392 
0.1795 0.3033 0.4795 0.0376 
0.2271 0.2737 0.1794 0.3198 
0.1556 0.1496 0.4568 0.2380 
0.0618 0.6269 0.2085 0.1028 
0.0633 0.1402 0.0543 0.7422 
0.1128 0.2077 0.6002 0.0793 
0.8173 0.0489 0.0490 0.0848 
0.0339 0.0852 0.1346 0.7463 
0.0698 0.0118 0.1080 0.8104 
0.0000 0.0000 0.9988 0.0012 
0.0203 0.0900 0.8629 0.0268 
0.1708 0.1956 0.1517 0.4819 

MOTIF filter11 
letter-probability matrix: alength= 4 w= 19 nsites= 19 
0.1330 0.1773 0.1414 0.5482 
0.1522 0.4246 0.2394 0.1838 
0.0152 0.2457 0.0860 0.6531 
0.0311 0.1694 0.6220 0.1775 
0.9759 0.0000 0.0241 0.0000 
0.0013 0.0031 0.0060 0.9896 
0.0651 0.0000 0.0003 0.9346 
0.0007 0.0007 0.9983 0.0003 
0.0010 0.0088 0.9903 0.0000 
0.0801 0.4907 0.0777 0.3516 
0.0104 0.3115 0.0315 0.6465 
0.4513 0.1723 0.3115 0.0649 
0.4794 0.0945 0.2786 0.1475 
0.2184 0.2361 0.2848 0.2607 
0.2890 0.1943 0.3947 0.1221 
0.2114 0.2877 0.3223 0.1787 
0.2846 0.2298 0.2535 0.2321 
0.1957 0.2198 0.3260 0.2586 
0.2592 0.2018 0.3299 0.2090 

MOTIF filter12 
letter-probability matrix: alength= 4 w= 19 nsites= 19 
0.2656 0.2552 0.2398 0.2393 
0.2534 0.2341 0.2265 0.2860 
0.2672 0.2277 0.2493 0.2557 
0.2846 0.2082 0.2420 0.2651 
0.2776 0.2382 0.2338 0.2503 
0.2908 0.2325 0.2228 0.2539 
0.2889 0.2109 0.2694 0.2309 
0.2363 0.2178 0.2695 0.2764 
0.2356 0.1655 0.3775 0.2213 
0.4221 0.2437 0.3053 0.0289 
0.0000 0.0000 0.0000 1.0000 
0.0000 0.0000 0.9282 0.0718 
1.0000 0.0000 0.0000 0.0000 
0.0442 0.4697 0.4453 0.0408 
0.0002 0.0000 0.0000 0.9998 
0.0645 0.9355 0.0000 0.0000 
0.9998 0.0000 0.0002 0.0000 
0.0336 0.3012 0.2673 0.3979 
0.2217 0.3855 0.1710 0.2218 

MOTIF filter13 
letter-probability matrix: alength= 4 w= 19 nsites= 19 
0.1250 0.6543 0.0107 0.2100 
0.7569 0.0056 0.1101 0.1274 
0.0270 0.0103 0.9060 0.0567 
0.0000 0.9786 0.0101 0.0113 
0.8011 0.0071 0.0670 0.1247 
0.4299 0.1162 0.1599 0.2940 
0.4281 0.0039 0.0040 0.5640 
0.2461 0.0000 0.0000 0.7539 
0.1460 0.0234 0.0000 0.8306 
0.0784 0.1268 0.0033 0.7915 
0.1375 0.2354 0.1005 0.5266 
0.2661 0.2421 0.1574 0.3344 
0.3248 0.1861 0.1912 0.2979 
0.3694 0.1202 0.1553 0.3551 
0.3372 0.1825 0.2024 0.2779 
0.2891 0.1620 0.1585 0.3904 
0.2741 0.1843 0.2031 0.3385 
0.2327 0.2434 0.2030 0.3209 
0.2498 0.2048 0.1475 0.3978 

MOTIF filter14 
letter-probability matrix: alength= 4 w= 19 nsites= 19 
0.1104 0.3773 0.3937 0.1186 
0.0560 0.3968 0.4415 0.1057 
0.0624 0.4085 0.4194 0.1097 
0.0396 0.3706 0.5035 0.0863 
0.0110 0.7247 0.2450 0.0193 
0.0830 0.4720 0.3611 0.0838 
0.0839 0.2090 0.6635 0.0436 
0.0839 0.3666 0.5361 0.0134 
0.0249 0.4824 0.4479 0.0448 
0.0438 0.7167 0.1359 0.1037 
0.0714 0.5856 0.2871 0.0559 
0.0668 0.3340 0.5304 0.0688 
0.0327 0.2290 0.6837 0.0546 
0.0510 0.5143 0.4015 0.0332 
0.1358 0.4452 0.3570 0.0620 
0.0536 0.4062 0.4735 0.0666 
0.0766 0.4211 0.3654 0.1369 
0.0996 0.3143 0.4928 0.0933 
0.0452 0.3539 0.5964 0.0045 

MOTIF filter15 
letter-probability matrix: alength= 4 w= 19 nsites= 19 
0.3272 0.2719 0.2196 0.1813 
0.2433 0.2109 0.2072 0.3385 
0.2258 0.2472 0.3182 0.2088 
0.3006 0.2290 0.1481 0.3223 
0.2746 0.1514 0.3577 0.2163 
0.3581 0.0899 0.4782 0.0738 
0.0341 0.0309 0.0176 0.9175 
0.0160 0.3091 0.2462 0.4287 
0.6783 0.0026 0.2208 0.0984 
0.0002 0.8461 0.0000 0.1537 
0.5747 0.0051 0.3750 0.0453 
0.2075 0.0000 0.0001 0.7924 
0.0000 0.7043 0.2937 0.0021 
0.9475 0.0089 0.0291 0.0145 
0.0069 0.4746 0.1137 0.4048 
0.2361 0.3245 0.1172 0.3223 
0.2967 0.2113 0.1831 0.3089 
0.2229 0.3122 0.1755 0.2894 
0.3014 0.2223 0.1971 0.2792 

MOTIF filter16 
letter-probability matrix: alength= 4 w= 19 nsites= 19 
0.2943 0.2047 0.2925 0.2085 
0.2659 0.2097 0.2074 0.3169 
0.2943 0.1426 0.3746 0.1884 
0.2497 0.2766 0.2347 0.2390 
0.2982 0.1152 0.2682 0.3184 
0.4283 0.1092 0.4101 0.0524 
0.0084 0.0108 0.0142 0.9666 
0.0071 0.0050 0.2963 0.6916 
0.3517 0.0094 0.5309 0.1080 
0.1075 0.4286 0.0543 0.4096 
0.0698 0.0011 0.9159 0.0132 
0.0019 0.9708 0.0000 0.0273 
0.9979 0.0000 0.0021 0.0000 
1.0000 0.0000 0.0000 0.0000 
0.0082 0.2801 0.1056 0.6061 
0.3643 0.3386 0.1294 0.1678 
0.2558 0.2103 0.1899 0.3440 
0.1645 0.3293 0.1586 0.3477 
0.2817 0.2121 0.2528 0.2533 

MOTIF filter17 
letter-probability matrix: alength= 4 w= 19 nsites= 19 
0.1120 0.3000 0.1299 0.4581 
0.1478 0.2795 0.3666 0.2061 
0.3524 0.2542 0.3506 0.0428 
0.5984 0.0246 0.2918 0.0851 
0.0000 0.9970 0.0003 0.0027 
0.0019 0.9940 0.0037 0.0003 
0.9880 0.0000 0.0000 0.0120 
0.9978 0.0000 0.0020 0.0002 
0.0000 0.0030 0.0000 0.9970 
0.0929 0.6995 0.1645 0.0432 
0.7637 0.0544 0.1770 0.0048 
0.1654 0.1160 0.6495 0.0691 
0.3339 0.4442 0.1153 0.1065 
0.4922 0.0473 0.2748 0.1857 
0.1467 0.4010 0.2761 0.1762 
0.1684 0.2379 0.2378 0.3558 
0.2048 0.4919 0.1605 0.1428 
0.2009 0.1280 0.1921 0.4790 
0.1726 0.1793 0.5464 0.1017 

MOTIF filter18 
letter-probability matrix: alength= 4 w= 19 nsites= 19 
0.3089 0.2373 0.1935 0.2602 
0.3453 0.2657 0.2294 0.1595 
0.1246 0.3039 0.2298 0.3417 
0.3339 0.1322 0.3807 0.1532 
0.0689 0.3688 0.3637 0.1987 
0.0791 0.4037 0.1865 0.3307 
0.1457 0.0263 0.6931 0.1349 
0.0358 0.9494 0.0070 0.0079 
0.0000 1.0000 0.0000 0.0000 
0.5556 0.3365 0.0742 0.0336 
0.0124 0.7111 0.0826 0.1940 
0.0123 0.8380 0.0054 0.1443 
0.4351 0.0231 0.0163 0.5255 
0.1658 0.0196 0.7814 0.0332 
0.1686 0.1669 0.6542 0.0103 
0.0398 0.0930 0.2961 0.5711 
0.0000 0.0000 1.0000 0.0000 
0.0187 0.0062 0.9342 0.0409 
0.1404 0.6776 0.0524 0.1296 

MOTIF filter19 
letter-probability matrix: alength= 4 w= 19 nsites= 19 
0.2481 0.2869 0.1888 0.2762 
0.2604 0.2409 0.2267 0.2720 
0.3410 0.1616 0.3105 0.1869 
0.3252 0.2045 0.2065 0.2638 
0.1645 0.1215 0.3399 0.3740 
0.6156 0.1140 0.2683 0.0021 
0.0000 0.0000 0.0000 1.0000 
0.0000 0.0000 0.0000 1.0000 
0.0011 0.0000 0.9986 0.0003 
0.0030 0.9384 0.0014 0.0572 
0.5065 0.0599 0.3241 0.1095 
0.1821 0.4091 0.0260 0.3828 
0.5749 0.4102 0.0000 0.0149 
0.9900 0.0033 0.0039 0.0028 
0.0529 0.3790 0.1283 0.4398 
0.2980 0.2701 0.1137 0.3183 
0.2313 0.2417 0.2701 0.2569 
0.2021 0.3422 0.1492 0.3064 
0.3114 0.2251 0.2184 0.2451 

MOTIF filter20 
letter-probability matrix: alength= 4 w= 19 nsites= 19 
0.1330 0.4358 0.2810 0.1502 
0.1106 0.3956 0.3368 0.1570 
0.2069 0.3442 0.2835 0.1654 
0.1534 0.3551 0.3559 0.1356 
0.1541 0.3787 0.2905 0.1767 
0.2174 0.3970 0.2469 0.1387 
0.1012 0.2760 0.4701 0.1527 
0.1925 0.3101 0.3517 0.1457 
0.1210 0.4786 0.3382 0.0622 
0.0981 0.4180 0.3889 0.0950 
0.0547 0.1383 0.7342 0.0728 
0.0000 1.0000 0.0000 0.0000 
0.0000 0.0011 0.9989 0.0000 
0.0222 0.8378 0.0777 0.0623 
0.0534 0.4076 0.3949 0.1441 
0.0307 0.3774 0.4562 0.1357 
0.0717 0.4079 0.2730 0.2474 
0.1440 0.4136 0.2447 0.1977 
0.1154 0.3129 0.3868 0.1850 

MOTIF filter21 
letter-probability matrix: alength= 4 w= 19 nsites= 19 
0.3819 0.0253 0.0671 0.5257 
0.0326 0.1156 0.7227 0.1292 
0.0777 0.8978 0.0240 0.0005 
0.4764 0.0000 0.0000 0.5236 
0.0017 0.0693 0.9079 0.0211 
0.2170 0.4614 0.2029 0.1187 
0.3843 0.0753 0.1954 0.3449 
0.1209 0.5406 0.2150 0.1235 
0.3936 0.1076 0.1618 0.3370 
0.0388 0.5324 0.4181 0.0107 
0.5033 0.0363 0.0439 0.4164 
0.0154 0.2281 0.7448 0.0117 
0.2195 0.1764 0.1064 0.4977 
0.1533 0.2804 0.4888 0.0775 
0.2869 0.2792 0.1221 0.3118 
0.2204 0.1432 0.3114 0.3249 
0.2830 0.2477 0.2093 0.2600 
0.2990 0.1713 0.2248 0.3049 
0.1860 0.2594 0.2865 0.2681 

MOTIF filter22 
letter-probability matrix: alength= 4 w= 19 nsites= 19 
0.2019 0.2960 0.2519 0.2502 
0.1886 0.2813 0.3631 0.1671 
0.2698 0.2475 0.2687 0.2140 
0.1865 0.3250 0.2264 0.2621 
0.2697 0.1047 0.4341 0.1915 
0.2316 0.5844 0.1364 0.0475 
0.0494 0.9418 0.0000 0.0088 
0.0061 0.0000 0.9939 0.0000 
0.2305 0.3746 0.2610 0.1339 
0.5494 0.2427 0.0066 0.2012 
0.7502 0.0681 0.0971 0.0846 
0.5950 0.0892 0.2995 0.0163 
0.2043 0.4639 0.3123 0.0196 
0.3947 0.1566 0.4278 0.0210 
0.3124 0.1669 0.4582 0.0625 
0.3067 0.2146 0.3417 0.1370 
0.2645 0.2792 0.2445 0.2118 
0.2457 0.2513 0.3555 0.1474 
0.1348 0.2458 0.4956 0.1237 

MOTIF filter23 
letter-probability matrix: alength= 4 w= 19 nsites= 19 
0.3286 0.1764 0.1985 0.2965 
0.3121 0.1692 0.2062 0.3124 
0.2927 0.1749 0.2262 0.3063 
0.2663 0.1912 0.2386 0.3039 
0.3982 0.1585 0.1899 0.2535 
0.2599 0.2407 0.1905 0.3089 
0.5363 0.0641 0.0183 0.3813 
0.1338 0.0038 0.6080 0.2544 
1.0000 0.0000 0.0000 0.0000 
0.0000 0.0000 0.0000 1.0000 
0.8501 0.0050 0.0000 0.1449 
0.7759 0.0049 0.1047 0.1145 
0.2988 0.1433 0.3366 0.2213 
0.4018 0.1841 0.2448 0.1693 
0.3873 0.1893 0.1874 0.2360 
0.3349 0.1669 0.1859 0.3123 
0.3421 0.1566 0.2015 0.2998 
0.3262 0.1925 0.1678 0.3136 
0.3340 0.1814 0.1743 0.3103 

MOTIF filter24 
letter-probability matrix: alength= 4 w= 19 nsites= 19 
0.3109 0.1905 0.1956 0.3030 
0.2994 0.2557 0.2157 0.2292 
0.3891 0.1855 0.2216 0.2038 
0.2410 0.2542 0.2338 0.2709 
0.2205 0.2740 0.3482 0.1573 
0.6538 0.2023 0.1404 0.0035 
0.0000 0.0055 0.0000 0.9945 
0.0000 0.0000 0.9919 0.0081 
1.0000 0.0000 0.0000 0.0000 
0.0248 0.7731 0.1168 0.0853 
0.1733 0.0284 0.0262 0.7721 
0.1758 0.6130 0.0666 0.1446 
0.6561 0.0048 0.1669 0.1723 
0.0252 0.0000 0.9659 0.0089 
0.0000 0.9860 0.0115 0.0025 
0.8472 0.0119 0.0467 0.0943 
0.4050 0.1744 0.2097 0.2109 
0.3751 0.0711 0.0966 0.4572 
0.3164 0.0970 0.0621 0.5244 

MOTIF filter25 
letter-probability matrix: alength= 4 w= 19 nsites= 19 
0.1987 0.2225 0.1903 0.3885 
0.1013 0.0488 0.0086 0.8413 
0.0017 0.0126 0.9857 0.0000 
0.0059 0.9806 0.0000 0.0135 
0.1704 0.1313 0.0098 0.6885 
0.1330 0.0822 0.6137 0.1711 
0.7851 0.0163 0.0243 0.1743 
0.0692 0.0860 0.8347 0.0101 
0.0000 0.0000 0.0000 1.0000 
0.0044 0.9956 0.0000 0.0000 
0.9964 0.0000 0.0036 0.0000 
0.0000 0.1848 0.1479 0.6674 
0.1515 0.3207 0.3029 0.2250 
0.2357 0.2828 0.2552 0.2264 
0.2152 0.2245 0.1910 0.3693 
0.2149 0.2186 0.2992 0.2673 
0.2698 0.2074 0.1951 0.3277 
0.2576 0.2249 0.1827 0.3348 
0.2212 0.2025 0.2071 0.3692 

MOTIF filter26 
letter-probability matrix: alength= 4 w= 19 nsites= 19 
0.2420 0.2918 0.2845 0.1817 
0.2629 0.2753 0.2283 0.2335 
0.3244 0.1728 0.2534 0.2493 
0.2638 0.1430 0.2992 0.2940 
0.2117 0.3865 0.2162 0.1856 
0.2528 0.4726 0.1503 0.1243 
0.8889 0.0038 0.0961 0.0112 
0.8139 0.0802 0.0170 0.0888 
0.4605 0.1655 0.3188 0.0551 
1.0000 0.0000 0.0000 0.0000 
0.0000 0.0000 0.0000 1.0000 
0.0000 0.0000 1.0000 0.0000 
0.0000 0.0000 0.9961 0.0039 
0.0828 0.8748 0.0007 0.0417 
0.0481 0.1322 0.5581 0.2616 
0.0744 0.1085 0.7279 0.0892 
0.1417 0.7509 0.0271 0.0803 
0.1366 0.4093 0.2532 0.2009 
0.1961 0.2778 0.3598 0.1663 

MOTIF filter27 
letter-probability matrix: alength= 4 w= 19 nsites= 19 
0.4548 0.0988 0.0417 0.4046 
0.4424 0.0638 0.0156 0.4782 
0.4451 0.0694 0.0418 0.4438 
0.4821 0.0388 0.0329 0.4462 
0.6042 0.0343 0.0295 0.3320 
0.4121 0.0190 0.0307 0.5383 
0.4064 0.0523 0.0243 0.5170 
0.4497 0.0645 0.0358 0.4501 
0.4616 0.0674 0.0544 0.4166 
0.4933 0.0695 0.0872 0.3500 
0.3865 0.0047 0.0807 0.5281 
0.6020 0.0068 0.0168 0.3744 
0.5691 0.0131 0.0215 0.3963 
0.3361 0.0113 0.0049 0.6477 
0.4859 0.0140 0.0088 0.4913 
0.5016 0.0269 0.0378 0.4337 
0.4649 0.0064 0.0494 0.4793 
0.5296 0.0318 0.0714 0.3672 
0.3614 0.0745 0.1008 0.4633 

MOTIF filter28 
letter-probability matrix: alength= 4 w= 19 nsites= 19 
0.2932 0.1319 0.3490 0.2259 
0.5956 0.0965 0.3038 0.0041 
0.0000 0.0028 0.0000 0.9972 
0.0000 0.0000 0.9105 0.0895 
0.7955 0.0216 0.0712 0.1117 
0.0423 0.0370 0.0685 0.8522 
0.0000 0.0000 1.0000 0.0000 
0.3204 0.5895 0.0000 0.0901 
0.9942 0.0058 0.0000 0.0000 
1.0000 0.0000 0.0000 0.0000 
0.0257 0.2371 0.1325 0.6047 
0.3359 0.3862 0.1227 0.1552 
0.3252 0.2214 0.1746 0.2788 
0.2028 0.2523 0.2003 0.3445 
0.2470 0.2468 0.2458 0.2604 
0.2415 0.1657 0.3134 0.2794 
0.1857 0.2726 0.2918 0.2499 
0.2594 0.2439 0.2285 0.2681 
0.2950 0.2841 0.1988 0.2221 

MOTIF filter29 
letter-probability matrix: alength= 4 w= 19 nsites= 19 
0.2350 0.2997 0.2679 0.1974 
0.2048 0.2599 0.3415 0.1938 
0.1648 0.3820 0.2603 0.1929 
0.2083 0.2376 0.3784 0.1757 
0.0817 0.0363 0.7519 0.1301 
0.1228 0.6597 0.1442 0.0733 
0.2480 0.5416 0.1554 0.0550 
0.0294 0.0000 0.8907 0.0799 
0.0020 0.9980 0.0000 0.0000 
0.0000 1.0000 0.0000 0.0000 
1.0000 0.0000 0.0000 0.0000 
0.0000 0.0000 0.0000 1.0000 
0.0656 0.3240 0.1761 0.4343 
0.0921 0.0127 0.0612 0.8340 
0.0191 0.1133 0.0101 0.8575 
0.1632 0.1631 0.4367 0.2370 
0.2024 0.1928 0.3785 0.2263 
0.2680 0.3178 0.1668 0.2475 
0.2303 0.2278 0.1816 0.3603 

