MEME version 4

ALPHABET= ACGT

Background letter frequencies:
A 0.2500 C 0.2500 G 0.2500 T 0.2500 

MOTIF filter0 
letter-probability matrix: alength= 4 w= 19 nsites= 19 
0.1528 0.2193 0.2995 0.3284 
0.2497 0.2525 0.3299 0.1680 
0.2578 0.2160 0.4174 0.1089 
0.2572 0.1890 0.2718 0.2820 
0.1222 0.2553 0.4390 0.1834 
0.2200 0.5102 0.1340 0.1358 
0.1779 0.0076 0.2145 0.6001 
0.5530 0.3565 0.0792 0.0112 
0.0089 0.0486 0.0401 0.9024 
0.8336 0.0507 0.0047 0.1110 
0.1021 0.1204 0.2379 0.5397 
0.0693 0.4002 0.4117 0.1187 
0.3234 0.0425 0.4350 0.1991 
0.2607 0.2335 0.1891 0.3167 
0.1352 0.3733 0.2189 0.2727 
0.3511 0.2647 0.1633 0.2208 
0.1257 0.3539 0.2950 0.2254 
0.3229 0.2671 0.2551 0.1549 
0.3125 0.2337 0.1634 0.2904 

MOTIF filter1 
letter-probability matrix: alength= 4 w= 19 nsites= 19 
0.3060 0.2471 0.2664 0.1804 
0.2262 0.3066 0.1805 0.2867 
0.1995 0.2779 0.1497 0.3728 
0.2051 0.1503 0.1433 0.5013 
0.3365 0.0765 0.3206 0.2664 
0.0856 0.8467 0.0525 0.0153 
0.0204 0.7676 0.0592 0.1529 
0.1110 0.0034 0.8686 0.0170 
0.1503 0.0091 0.3076 0.5329 
0.3452 0.0279 0.0373 0.5896 
0.2640 0.3929 0.0305 0.3126 
0.6140 0.0901 0.1397 0.1563 
0.2109 0.2130 0.0576 0.5184 
0.6909 0.0621 0.2071 0.0399 
0.1165 0.1249 0.6118 0.1468 
0.3082 0.2227 0.1909 0.2782 
0.3565 0.2625 0.1882 0.1927 
0.3149 0.2617 0.1644 0.2589 
0.2268 0.1930 0.1869 0.3932 

MOTIF filter2 
letter-probability matrix: alength= 4 w= 19 nsites= 19 
0.0936 0.6824 0.1436 0.0803 
0.2668 0.1336 0.4725 0.1271 
0.4332 0.1978 0.1375 0.2315 
0.0486 0.2849 0.0244 0.6421 
0.0175 0.0353 0.6374 0.3098 
0.8625 0.1015 0.0210 0.0149 
0.0092 0.5770 0.0972 0.3166 
0.7597 0.0409 0.0039 0.1955 
0.0523 0.7137 0.0460 0.1880 
0.0970 0.0375 0.8329 0.0325 
0.0561 0.2100 0.0559 0.6781 
0.2159 0.0895 0.6732 0.0215 
0.1886 0.1830 0.5985 0.0299 
0.0507 0.1112 0.0816 0.7566 
0.0875 0.1819 0.3527 0.3779 
0.1536 0.1065 0.3870 0.3529 
0.1165 0.3708 0.2290 0.2836 
0.1819 0.3548 0.2563 0.2069 
0.1853 0.3559 0.2329 0.2259 

MOTIF filter3 
letter-probability matrix: alength= 4 w= 19 nsites= 19 
0.1654 0.2460 0.3281 0.2605 
0.2154 0.2543 0.2259 0.3044 
0.2902 0.2417 0.2413 0.2267 
0.2702 0.1792 0.3339 0.2167 
0.2758 0.1661 0.2861 0.2720 
0.2970 0.2739 0.2971 0.1320 
0.3069 0.2998 0.3056 0.0877 
0.1840 0.1285 0.4384 0.2492 
0.0188 0.7675 0.1103 0.1034 
0.4165 0.0073 0.4434 0.1327 
0.0709 0.6370 0.0122 0.2799 
0.0877 0.0271 0.8565 0.0287 
0.0774 0.2929 0.1352 0.4945 
0.4252 0.2582 0.2113 0.1053 
0.3187 0.2694 0.1704 0.2415 
0.3006 0.2661 0.2578 0.1756 
0.2731 0.2700 0.2049 0.2520 
0.2140 0.3087 0.2618 0.2154 
0.2373 0.2304 0.2727 0.2597 

MOTIF filter4 
letter-probability matrix: alength= 4 w= 19 nsites= 19 
0.2064 0.2145 0.1859 0.3932 
0.3317 0.0935 0.2717 0.3031 
0.4856 0.0647 0.2503 0.1995 
0.2925 0.3011 0.1046 0.3017 
0.0301 0.0962 0.1182 0.7555 
0.7016 0.2452 0.0073 0.0459 
0.4555 0.0518 0.0971 0.3956 
0.1449 0.0840 0.4121 0.3590 
0.0849 0.5699 0.2818 0.0634 
0.5291 0.1064 0.2143 0.1501 
0.0817 0.3224 0.1623 0.4336 
0.3193 0.2247 0.1704 0.2856 
0.2587 0.1508 0.2851 0.3055 
0.2174 0.3148 0.1934 0.2744 
0.1979 0.2716 0.2279 0.3026 
0.2221 0.3025 0.2960 0.1795 
0.1877 0.2531 0.3347 0.2245 
0.2301 0.2530 0.3243 0.1926 
0.2638 0.2402 0.2299 0.2660 

MOTIF filter5 
letter-probability matrix: alength= 4 w= 19 nsites= 19 
0.2950 0.1636 0.2443 0.2971 
0.3620 0.1508 0.2468 0.2404 
0.2535 0.1064 0.3164 0.3237 
0.2483 0.1610 0.3653 0.2254 
0.1036 0.3801 0.1380 0.3783 
0.0655 0.6670 0.1691 0.0984 
0.3978 0.2262 0.0861 0.2899 
0.2196 0.0132 0.0793 0.6879 
0.1051 0.0142 0.1499 0.7307 
0.2553 0.0050 0.7050 0.0347 
0.1118 0.0962 0.1016 0.6904 
0.2184 0.2059 0.0512 0.5245 
0.2213 0.3865 0.0345 0.3577 
0.6845 0.0712 0.1474 0.0969 
0.4683 0.1502 0.1826 0.1988 
0.2244 0.3162 0.1552 0.3042 
0.2497 0.2646 0.1754 0.3104 
0.3448 0.1258 0.2016 0.3279 
0.2226 0.1811 0.2856 0.3107 

MOTIF filter6 
letter-probability matrix: alength= 4 w= 19 nsites= 19 
0.1900 0.2400 0.2834 0.2866 
0.0937 0.3171 0.3097 0.2795 
0.2439 0.2145 0.3833 0.1583 
0.3578 0.1213 0.4238 0.0971 
0.1637 0.4912 0.1517 0.1934 
0.0867 0.2936 0.5257 0.0940 
0.6219 0.0315 0.3105 0.0360 
0.1886 0.0237 0.0976 0.6900 
0.0031 0.0337 0.0235 0.9398 
0.0503 0.5223 0.3858 0.0416 
0.7735 0.0677 0.1447 0.0140 
0.6035 0.0926 0.1305 0.1734 
0.0971 0.3525 0.0778 0.4726 
0.2521 0.2937 0.2394 0.2148 
0.5314 0.1713 0.1714 0.1260 
0.2504 0.3604 0.1411 0.2481 
0.2831 0.2911 0.1572 0.2686 
0.3036 0.2640 0.2447 0.1877 
0.2889 0.2962 0.1754 0.2396 

MOTIF filter7 
letter-probability matrix: alength= 4 w= 19 nsites= 19 
0.2955 0.2105 0.2651 0.2290 
0.4070 0.0959 0.2635 0.2335 
0.3477 0.2926 0.1273 0.2325 
0.2310 0.3943 0.2007 0.1741 
0.1298 0.3077 0.2099 0.3527 
0.3780 0.0193 0.5826 0.0201 
0.0172 0.2142 0.0149 0.7537 
0.3092 0.4984 0.0878 0.1046 
0.5716 0.0145 0.4036 0.0103 
0.3037 0.0498 0.5703 0.0762 
0.0454 0.5886 0.0066 0.3595 
0.1306 0.2770 0.5172 0.0752 
0.1724 0.0736 0.5096 0.2444 
0.2327 0.3267 0.1997 0.2409 
0.2997 0.1664 0.2720 0.2619 
0.1791 0.2064 0.3671 0.2475 
0.1430 0.4187 0.2378 0.2005 
0.1752 0.2226 0.3027 0.2996 
0.2854 0.1665 0.3080 0.2402 

MOTIF filter8 
letter-probability matrix: alength= 4 w= 19 nsites= 19 
0.2673 0.2054 0.2921 0.2352 
0.4084 0.1450 0.2061 0.2405 
0.3059 0.2063 0.1462 0.3416 
0.3397 0.1740 0.3700 0.1163 
0.2222 0.2675 0.1848 0.3254 
0.1245 0.2871 0.4938 0.0946 
0.3169 0.0713 0.4539 0.1580 
0.0386 0.8530 0.0959 0.0125 
0.0555 0.1348 0.1548 0.6548 
0.0422 0.0826 0.3228 0.5524 
0.6704 0.2884 0.0319 0.0093 
0.0064 0.2180 0.1968 0.5788 
0.1200 0.2037 0.1992 0.4771 
0.4839 0.1700 0.3211 0.0250 
0.1267 0.1062 0.5112 0.2559 
0.2960 0.2473 0.0940 0.3626 
0.3222 0.2305 0.1873 0.2601 
0.2894 0.1911 0.3488 0.1707 
0.1750 0.4052 0.1801 0.2397 

MOTIF filter9 
letter-probability matrix: alength= 4 w= 19 nsites= 19 
0.2572 0.3305 0.2215 0.1908 
0.2880 0.3560 0.2562 0.0998 
0.0915 0.1302 0.1200 0.6583 
0.2116 0.2599 0.1942 0.3342 
0.5631 0.0348 0.1328 0.2693 
0.0050 0.1558 0.0695 0.7697 
0.1159 0.0140 0.1889 0.6813 
0.0541 0.1276 0.2395 0.5787 
0.0916 0.8335 0.0598 0.0151 
0.5562 0.2738 0.1072 0.0628 
0.1012 0.1727 0.3372 0.3889 
0.0767 0.3469 0.1790 0.3974 
0.1580 0.1468 0.1736 0.5216 
0.2029 0.0969 0.3395 0.3607 
0.2493 0.2123 0.2977 0.2407 
0.2333 0.3386 0.1707 0.2574 
0.1161 0.2943 0.3505 0.2390 
0.1272 0.1833 0.4742 0.2153 
0.2197 0.2917 0.3611 0.1275 

MOTIF filter10 
letter-probability matrix: alength= 4 w= 19 nsites= 19 
0.1318 0.4678 0.2187 0.1816 
0.1322 0.4515 0.1954 0.2209 
0.0379 0.2653 0.6371 0.0597 
0.2657 0.4495 0.0730 0.2118 
0.1949 0.4056 0.2188 0.1807 
0.2950 0.1996 0.3393 0.1661 
0.2998 0.1392 0.5545 0.0066 
0.0148 0.0525 0.4457 0.4870 
0.0315 0.0096 0.1523 0.8066 
0.0840 0.3120 0.4449 0.1590 
0.0874 0.7693 0.1363 0.0070 
0.0357 0.0060 0.9068 0.0515 
0.0087 0.9148 0.0585 0.0180 
0.6981 0.0133 0.2494 0.0392 
0.5590 0.2060 0.1192 0.1159 
0.2158 0.1080 0.0920 0.5842 
0.5356 0.1431 0.0896 0.2316 
0.1849 0.1075 0.2889 0.4187 
0.1374 0.3663 0.1400 0.3563 

MOTIF filter11 
letter-probability matrix: alength= 4 w= 19 nsites= 19 
0.2518 0.1465 0.4567 0.1450 
0.0336 0.3428 0.4977 0.1259 
0.2610 0.1555 0.5268 0.0566 
0.2103 0.0250 0.1194 0.6453 
0.0428 0.1906 0.7354 0.0312 
0.5316 0.0249 0.0798 0.3637 
0.0565 0.2093 0.6885 0.0458 
0.3130 0.0265 0.4459 0.2147 
0.1153 0.0446 0.6884 0.1517 
0.2425 0.0088 0.1480 0.6006 
0.1263 0.1401 0.4219 0.3116 
0.1236 0.2653 0.4519 0.1593 
0.2082 0.1939 0.2719 0.3260 
0.2583 0.0840 0.3520 0.3057 
0.2795 0.1925 0.3708 0.1573 
0.2197 0.1243 0.3272 0.3287 
0.1908 0.1692 0.2786 0.3614 
0.2830 0.2258 0.3265 0.1647 
0.2741 0.2192 0.2206 0.2860 

MOTIF filter12 
letter-probability matrix: alength= 4 w= 19 nsites= 19 
0.3015 0.1243 0.3337 0.2405 
0.1548 0.5312 0.1317 0.1823 
0.1104 0.5184 0.2626 0.1086 
0.2014 0.0385 0.7122 0.0479 
0.1304 0.7104 0.1529 0.0063 
0.0641 0.1724 0.1591 0.6044 
0.2872 0.2312 0.3764 0.1053 
0.6921 0.1043 0.0805 0.1231 
0.1556 0.2433 0.1518 0.4492 
0.5437 0.1409 0.1227 0.1927 
0.3441 0.0527 0.1048 0.4983 
0.3088 0.1449 0.2919 0.2544 
0.1818 0.1228 0.3711 0.3244 
0.2800 0.2956 0.1824 0.2419 
0.3318 0.2130 0.1926 0.2625 
0.2197 0.2367 0.3223 0.2213 
0.2419 0.2804 0.2367 0.2410 
0.0961 0.1271 0.6614 0.1153 
0.1463 0.2991 0.3409 0.2137 

MOTIF filter13 
letter-probability matrix: alength= 4 w= 19 nsites= 19 
0.2941 0.3778 0.2814 0.0468 
0.0793 0.5451 0.1535 0.2220 
0.0364 0.0379 0.3999 0.5258 
0.1779 0.1727 0.1919 0.4576 
0.1129 0.7214 0.0136 0.1521 
0.1765 0.1472 0.6646 0.0116 
0.0307 0.0789 0.1041 0.7863 
0.4626 0.1082 0.1517 0.2775 
0.7942 0.0460 0.0350 0.1247 
0.0067 0.3514 0.3099 0.3320 
0.2392 0.2210 0.2752 0.2646 
0.1762 0.4017 0.2602 0.1619 
0.3011 0.2103 0.2099 0.2787 
0.3065 0.2445 0.1773 0.2716 
0.2643 0.2718 0.2318 0.2321 
0.1549 0.3209 0.3393 0.1850 
0.3208 0.2300 0.2574 0.1917 
0.2410 0.2820 0.2209 0.2560 
0.2366 0.2872 0.2869 0.1893 

MOTIF filter14 
letter-probability matrix: alength= 4 w= 19 nsites= 19 
0.3939 0.1755 0.2699 0.1606 
0.3642 0.2448 0.2262 0.1648 
0.2448 0.1911 0.2025 0.3617 
0.4654 0.0895 0.2302 0.2149 
0.1233 0.2522 0.1740 0.4504 
0.1133 0.4683 0.1520 0.2664 
0.3962 0.0082 0.5352 0.0604 
0.0439 0.7373 0.0064 0.2125 
0.2181 0.1265 0.5035 0.1520 
0.4682 0.1862 0.2299 0.1158 
0.0725 0.2131 0.0245 0.6899 
0.5105 0.1450 0.2910 0.0535 
0.1684 0.1871 0.3312 0.3133 
0.3174 0.2419 0.0708 0.3699 
0.2262 0.2878 0.2063 0.2798 
0.1663 0.1645 0.3616 0.3076 
0.2208 0.3078 0.2448 0.2267 
0.2240 0.1905 0.2644 0.3210 
0.2659 0.2527 0.2556 0.2258 

MOTIF filter15 
letter-probability matrix: alength= 4 w= 19 nsites= 19 
0.1073 0.5938 0.1490 0.1499 
0.1883 0.5642 0.1686 0.0788 
0.3568 0.2544 0.1064 0.2823 
0.4682 0.1091 0.1483 0.2745 
0.1633 0.1818 0.1601 0.4947 
0.1938 0.1259 0.3903 0.2900 
0.0733 0.3099 0.4290 0.1878 
0.0371 0.6531 0.1752 0.1345 
0.6295 0.2350 0.0059 0.1296 
0.7510 0.0777 0.0165 0.1548 
0.3655 0.1236 0.0451 0.4659 
0.1231 0.4909 0.2109 0.1751 
0.2038 0.4405 0.1679 0.1878 
0.2062 0.2624 0.0588 0.4726 
0.3279 0.2417 0.2154 0.2150 
0.4066 0.1976 0.2578 0.1380 
0.1580 0.1897 0.4522 0.2000 
0.1979 0.4390 0.1918 0.1714 
0.3059 0.1943 0.2776 0.2223 

MOTIF filter16 
letter-probability matrix: alength= 4 w= 19 nsites= 19 
0.4633 0.1103 0.1385 0.2878 
0.4135 0.1144 0.0931 0.3789 
0.4818 0.0981 0.1252 0.2949 
0.3751 0.1299 0.1991 0.2958 
0.4525 0.0610 0.2977 0.1887 
0.4412 0.1896 0.2220 0.1472 
0.1295 0.0878 0.1001 0.6825 
0.1438 0.0138 0.2782 0.5642 
0.2237 0.1934 0.3297 0.2532 
0.0304 0.8330 0.0049 0.1317 
0.1029 0.0197 0.8092 0.0683 
0.4775 0.2248 0.1737 0.1240 
0.3632 0.3126 0.1229 0.2013 
0.2417 0.3590 0.2895 0.1098 
0.1190 0.4365 0.1623 0.2822 
0.2419 0.2826 0.2190 0.2564 
0.2729 0.2113 0.2607 0.2551 
0.2676 0.2458 0.2682 0.2183 
0.3630 0.1720 0.2233 0.2417 

MOTIF filter17 
letter-probability matrix: alength= 4 w= 19 nsites= 19 
0.3221 0.0788 0.2144 0.3848 
0.2900 0.0802 0.1659 0.4639 
0.1580 0.0704 0.2150 0.5565 
0.2984 0.3386 0.0607 0.3023 
0.1474 0.3569 0.0269 0.4687 
0.0280 0.1250 0.7767 0.0703 
0.1952 0.6902 0.0439 0.0707 
0.0676 0.0769 0.6468 0.2087 
0.0508 0.0629 0.2975 0.5888 
0.7795 0.2003 0.0070 0.0132 
0.4324 0.4176 0.1246 0.0253 
0.0575 0.3373 0.4512 0.1541 
0.0899 0.4872 0.1494 0.2735 
0.2043 0.1885 0.3709 0.2363 
0.2317 0.3859 0.2375 0.1449 
0.3462 0.2777 0.2459 0.1302 
0.1993 0.2561 0.3698 0.1749 
0.2228 0.2616 0.2115 0.3041 
0.2130 0.2651 0.1770 0.3449 

MOTIF filter18 
letter-probability matrix: alength= 4 w= 19 nsites= 19 
0.0691 0.1789 0.4203 0.3317 
0.3739 0.1432 0.2535 0.2293 
0.0829 0.4372 0.2036 0.2763 
0.2075 0.0163 0.7518 0.0244 
0.7528 0.0728 0.0054 0.1690 
0.0479 0.7019 0.1915 0.0588 
0.7113 0.0046 0.2184 0.0657 
0.0142 0.1694 0.0264 0.7900 
0.4286 0.3259 0.2213 0.0242 
0.3283 0.1873 0.2758 0.2085 
0.2572 0.3499 0.1811 0.2118 
0.2847 0.2510 0.2750 0.1893 
0.2966 0.2791 0.1935 0.2308 
0.2991 0.2870 0.1498 0.2641 
0.2269 0.3167 0.1815 0.2749 
0.2583 0.2505 0.3005 0.1907 
0.1897 0.3181 0.2118 0.2804 
0.3378 0.2464 0.1692 0.2466 
0.2442 0.3293 0.1743 0.2523 

MOTIF filter19 
letter-probability matrix: alength= 4 w= 19 nsites= 19 
0.2912 0.2503 0.2473 0.2112 
0.1948 0.1796 0.1821 0.4436 
0.3156 0.1087 0.1592 0.4165 
0.1608 0.2015 0.2490 0.3887 
0.3875 0.3044 0.1597 0.1484 
0.2135 0.2148 0.2448 0.3268 
0.3084 0.2729 0.1883 0.2304 
0.1759 0.0846 0.3685 0.3710 
0.2924 0.2625 0.3388 0.1064 
0.9627 0.0057 0.0090 0.0227 
0.6373 0.0074 0.0096 0.3457 
0.0262 0.0196 0.1237 0.8305 
0.1694 0.3661 0.4218 0.0428 
0.1834 0.1250 0.6593 0.0323 
0.2922 0.2743 0.3242 0.1093 
0.1514 0.3271 0.2802 0.2412 
0.2600 0.2695 0.2563 0.2142 
0.2008 0.3058 0.2435 0.2499 
0.2212 0.1808 0.3496 0.2484 

MOTIF filter20 
letter-probability matrix: alength= 4 w= 19 nsites= 19 
0.1888 0.3428 0.1917 0.2767 
0.2198 0.3255 0.1872 0.2675 
0.1932 0.3571 0.2361 0.2136 
0.1745 0.3041 0.3289 0.1925 
0.2103 0.2955 0.3171 0.1772 
0.3616 0.1632 0.3228 0.1524 
0.0910 0.1783 0.1038 0.6269 
0.3597 0.1101 0.2197 0.3106 
0.1871 0.1716 0.0217 0.6196 
0.0085 0.2580 0.6352 0.0983 
0.1978 0.0504 0.2373 0.5145 
0.0606 0.2755 0.0321 0.6318 
0.3810 0.0385 0.3416 0.2390 
0.1437 0.4097 0.1904 0.2561 
0.3221 0.0501 0.4977 0.1301 
0.2510 0.2241 0.1336 0.3913 
0.1855 0.3198 0.2201 0.2746 
0.2973 0.2503 0.2401 0.2123 
0.2850 0.2599 0.2695 0.1856 

MOTIF filter21 
letter-probability matrix: alength= 4 w= 19 nsites= 19 
0.3558 0.1918 0.2880 0.1644 
0.2427 0.2875 0.1539 0.3160 
0.2581 0.2775 0.2518 0.2126 
0.3023 0.2528 0.1970 0.2479 
0.2938 0.1245 0.2477 0.3340 
0.1923 0.1757 0.3277 0.3044 
0.4622 0.0272 0.2673 0.2432 
0.0856 0.6540 0.2399 0.0205 
0.3776 0.0594 0.0092 0.5538 
0.0075 0.5447 0.4116 0.0362 
0.4104 0.0062 0.0083 0.5751 
0.0662 0.2365 0.6226 0.0747 
0.3407 0.2359 0.2793 0.1441 
0.2472 0.2088 0.2635 0.2805 
0.2440 0.2818 0.2611 0.2131 
0.1665 0.3699 0.1888 0.2749 
0.4018 0.1942 0.1782 0.2258 
0.4231 0.2246 0.1079 0.2444 
0.2593 0.1882 0.2198 0.3327 

MOTIF filter22 
letter-probability matrix: alength= 4 w= 19 nsites= 19 
0.1123 0.4371 0.1312 0.3194 
0.1060 0.5022 0.3284 0.0634 
0.2133 0.5347 0.1515 0.1005 
0.1341 0.0359 0.2305 0.5995 
0.1208 0.1595 0.4449 0.2748 
0.4093 0.0562 0.3478 0.1867 
0.2225 0.1943 0.1254 0.4577 
0.2784 0.4038 0.0709 0.2468 
0.4346 0.1204 0.0268 0.4182 
0.0112 0.0574 0.6533 0.2782 
0.0968 0.5294 0.3541 0.0197 
0.6768 0.0370 0.1657 0.1206 
0.8076 0.0145 0.1343 0.0435 
0.8359 0.0038 0.1440 0.0164 
0.5136 0.0361 0.0748 0.3754 
0.5178 0.0347 0.1806 0.2669 
0.4310 0.1176 0.2298 0.2216 
0.0931 0.2851 0.3929 0.2289 
0.2122 0.1881 0.3933 0.2064 

MOTIF filter23 
letter-probability matrix: alength= 4 w= 19 nsites= 19 
0.0738 0.1791 0.4174 0.3297 
0.3216 0.2141 0.4355 0.0288 
0.0073 0.1009 0.0130 0.8788 
0.0358 0.0798 0.6235 0.2610 
0.7907 0.0032 0.1912 0.0149 
0.0878 0.7703 0.0666 0.0754 
0.0097 0.8426 0.0418 0.1059 
0.7227 0.2018 0.0061 0.0694 
0.6299 0.0976 0.0327 0.2398 
0.8526 0.0289 0.0338 0.0847 
0.0176 0.2803 0.1922 0.5100 
0.3484 0.0749 0.4234 0.1533 
0.1401 0.2380 0.3682 0.2537 
0.1628 0.2518 0.4133 0.1721 
0.2440 0.1986 0.4238 0.1335 
0.2127 0.3035 0.3118 0.1720 
0.2717 0.3475 0.2109 0.1700 
0.2292 0.2973 0.3252 0.1483 
0.1399 0.3836 0.3039 0.1726 

MOTIF filter24 
letter-probability matrix: alength= 4 w= 19 nsites= 19 
0.3839 0.0647 0.3567 0.1947 
0.1104 0.2472 0.3112 0.3312 
0.2073 0.4970 0.1518 0.1439 
0.2202 0.1132 0.5856 0.0810 
0.1983 0.3462 0.1685 0.2871 
0.2359 0.3820 0.3499 0.0321 
0.0681 0.0456 0.4669 0.4194 
0.0978 0.0801 0.7056 0.1165 
0.3915 0.0613 0.3886 0.1586 
0.6603 0.0499 0.2377 0.0521 
0.1234 0.4136 0.0086 0.4544 
0.1117 0.2905 0.1214 0.4764 
0.0174 0.2194 0.0202 0.7430 
0.0029 0.1665 0.0056 0.8251 
0.0649 0.2602 0.0507 0.6242 
0.2310 0.2114 0.2584 0.2992 
0.3491 0.2406 0.0858 0.3245 
0.1983 0.2605 0.3470 0.1942 
0.0800 0.2959 0.4839 0.1402 

MOTIF filter25 
letter-probability matrix: alength= 4 w= 19 nsites= 19 
0.3261 0.1659 0.2500 0.2580 
0.3180 0.2218 0.1724 0.2878 
0.2083 0.1796 0.1740 0.4381 
0.3238 0.2540 0.1406 0.2816 
0.5117 0.1637 0.2797 0.0450 
0.0514 0.3992 0.1799 0.3695 
0.0764 0.4325 0.0074 0.4837 
0.2596 0.4095 0.0653 0.2656 
0.8930 0.0266 0.0130 0.0673 
0.0757 0.1618 0.0454 0.7172 
0.4799 0.2511 0.0453 0.2237 
0.2569 0.0766 0.1216 0.5450 
0.1737 0.0899 0.4054 0.3310 
0.2975 0.0595 0.4051 0.2379 
0.1954 0.2535 0.2526 0.2984 
0.2344 0.1622 0.3983 0.2051 
0.3826 0.1577 0.1535 0.3062 
0.3709 0.2505 0.1132 0.2654 
0.3923 0.2171 0.1466 0.2440 

MOTIF filter26 
letter-probability matrix: alength= 4 w= 19 nsites= 19 
0.3298 0.1938 0.1560 0.3205 
0.3796 0.2381 0.0881 0.2943 
0.3361 0.1556 0.3721 0.1361 
0.2774 0.1270 0.0162 0.5794 
0.0108 0.0597 0.9258 0.0037 
0.4930 0.2942 0.0084 0.2043 
0.0726 0.1337 0.0408 0.7529 
0.1301 0.4994 0.2260 0.1445 
0.7029 0.0200 0.2116 0.0654 
0.1312 0.4366 0.2907 0.1415 
0.2112 0.2450 0.2713 0.2725 
0.0756 0.2658 0.5073 0.1514 
0.3074 0.2087 0.2126 0.2713 
0.2764 0.2511 0.1916 0.2809 
0.3141 0.3084 0.1982 0.1792 
0.2347 0.2347 0.2428 0.2878 
0.1933 0.2524 0.4111 0.1433 
0.2826 0.2121 0.2521 0.2532 
0.3452 0.2538 0.1068 0.2942 

MOTIF filter27 
letter-probability matrix: alength= 4 w= 19 nsites= 19 
0.2724 0.2385 0.2252 0.2639 
0.2811 0.2936 0.2204 0.2049 
0.2725 0.2826 0.1617 0.2832 
0.2281 0.1699 0.3499 0.2520 
0.2191 0.1118 0.1880 0.4811 
0.1601 0.1982 0.4646 0.1771 
0.1091 0.0992 0.0585 0.7333 
0.3263 0.0064 0.6145 0.0528 
0.1444 0.5592 0.0243 0.2721 
0.6682 0.0159 0.1776 0.1382 
0.2298 0.1749 0.1802 0.4151 
0.4734 0.1861 0.0512 0.2893 
0.4357 0.0792 0.0899 0.3952 
0.3111 0.2115 0.1640 0.3134 
0.3069 0.1983 0.2112 0.2836 
0.3488 0.2795 0.1131 0.2585 
0.3116 0.2809 0.0828 0.3248 
0.2627 0.3251 0.1252 0.2870 
0.2219 0.2160 0.2178 0.3443 

MOTIF filter28 
letter-probability matrix: alength= 4 w= 19 nsites= 19 
0.2426 0.2667 0.2665 0.2242 
0.1947 0.2737 0.2528 0.2788 
0.2819 0.2818 0.2143 0.2220 
0.0968 0.5013 0.1442 0.2577 
0.1383 0.1405 0.4690 0.2522 
0.2650 0.0644 0.3205 0.3501 
0.5845 0.2036 0.2014 0.0105 
0.0060 0.1406 0.0102 0.8432 
0.3866 0.3448 0.0092 0.2593 
0.4451 0.0150 0.4991 0.0407 
0.0174 0.1739 0.5330 0.2758 
0.3731 0.2598 0.2226 0.1445 
0.4087 0.2505 0.0927 0.2482 
0.3614 0.2383 0.2732 0.1271 
0.3518 0.2031 0.1604 0.2848 
0.2396 0.3090 0.1632 0.2882 
0.3681 0.2184 0.1207 0.2927 
0.2434 0.2775 0.1703 0.3087 
0.2259 0.2247 0.2028 0.3467 

MOTIF filter29 
letter-probability matrix: alength= 4 w= 19 nsites= 19 
0.0150 0.5036 0.0246 0.4568 
0.0309 0.0223 0.9278 0.0191 
0.2222 0.7249 0.0128 0.0402 
0.0289 0.7055 0.1960 0.0695 
0.4747 0.1057 0.2796 0.1400 
0.1601 0.7069 0.0259 0.1072 
0.3131 0.3262 0.3192 0.0415 
0.2825 0.2374 0.2060 0.2742 
0.1696 0.5125 0.1183 0.1997 
0.0552 0.8526 0.0451 0.0471 
0.3564 0.0677 0.4243 0.1516 
0.1222 0.1345 0.3634 0.3799 
0.3193 0.0437 0.0982 0.5388 
0.3363 0.0407 0.0530 0.5699 
0.4856 0.0528 0.1086 0.3530 
0.3649 0.0792 0.1165 0.4394 
0.4055 0.1420 0.0898 0.3627 
0.1143 0.2294 0.2691 0.3871 
0.3075 0.1873 0.1641 0.3411 

