<!DOCTYPE HTML>
<html>
  <head>
    <meta charset="UTF-8">
    <title>TOMTOM</title>
    <script>
      // @JSON_VAR data
      var data = {
        "program": "Tomtom",
        "version": "4.12.0",
        "release": "Tue Jun 27 16:22:50 2017 -0700",
        "cmd": [
          "tomtom", "-evalue", "-thresh", "0.1", "-o",
          "../results/synthetic/conv_filters/cnn_4",
          "../results/synthetic/conv_filters/cnn_4_clip.meme",
          "../data/JASPAR_CORE_2016_vertebrates.meme"
        ],
        "options": {
          "strands": "both",
          "distance_measure": "ed",
          "threshold_type": "evalue",
          "threshold_value": 0.1,
          "background_source": "first_target"
        },
        "alphabet": {
          "name": "DNA",
          "like": "dna",
          "ncore": 4,
          "symbols": [
            {
              "symbol": "A",
              "name": "Adenine",
              "colour": "CC0000",
              "complement": "T"
            }, {
              "symbol": "C",
              "name": "Cytosine",
              "colour": "0000CC",
              "complement": "G"
            }, {
              "symbol": "G",
              "name": "Guanine",
              "colour": "FFB300",
              "complement": "C"
            }, {
              "symbol": "T",
              "aliases": "U",
              "name": "Thymine",
              "colour": "008000",
              "complement": "A"
            }, {
              "symbol": "N",
              "aliases": "X.",
              "name": "Any base",
              "equals": "ACGT"
            }, {
              "symbol": "V",
              "name": "Not T",
              "equals": "ACG"
            }, {
              "symbol": "H",
              "name": "Not G",
              "equals": "ACT"
            }, {
              "symbol": "D",
              "name": "Not C",
              "equals": "AGT"
            }, {
              "symbol": "B",
              "name": "Not A",
              "equals": "CGT"
            }, {
              "symbol": "M",
              "name": "Amino",
              "equals": "AC"
            }, {
              "symbol": "R",
              "name": "Purine",
              "equals": "AG"
            }, {
              "symbol": "W",
              "name": "Weak",
              "equals": "AT"
            }, {
              "symbol": "S",
              "name": "Strong",
              "equals": "CG"
            }, {
              "symbol": "Y",
              "name": "Pyrimidine",
              "equals": "CT"
            }, {
              "symbol": "K",
              "name": "Keto",
              "equals": "GT"
            }
          ]
        },
        "background": [0.25, 0.25, 0.25, 0.25],
        "query_dbs": [
          {
            "source": "../results/synthetic/conv_filters/cnn_4_clip.meme",
            "name": "cnn 4 clip",
            "loaded": 30,
            "excluded": 0,
            "last_modified": "Tue Oct  2 09:51:54 2018"
          }
        ],
        "target_dbs": [
          {
            "source": "../data/JASPAR_CORE_2016_vertebrates.meme",
            "name": "JASPAR CORE 2016 vertebrates",
            "loaded": 519,
            "excluded": 0,
            "last_modified": "Mon May 14 20:20:31 2018"
          }
        ],
        "queries": [
          {
            "db": 0,
            "id": "filter0",
            "len": 16,
            "nsites": 16,
            "evalue": "1.0e+000",
            "pwm": [
              [0.134025, 0.353553, 0.209553, 0.30287], 
              [0.138696, 0.273851, 0.421627, 0.165826], 
              [0.0571056, 0.388534, 0.290447, 0.263913], 
              [0.00334144, 0.855629, 0.0432878, 0.0977419], 
              [0.00185096, 0.882833, 0.0153678, 0.0999477], 
              [0.731988, 0.0521366, 0.155491, 0.0603851], 
              [0.0015528, 0.202298, 0.00751553, 0.788634], 
              [0.167714, 0.209354, 0.00870807, 0.614224], 
              [0.00354037, 0.263615, 0.00582609, 0.727019], 
              [0.228236, 0.346398, 0.0015528, 0.423814], 
              [0.0738012, 0.298199, 0.167516, 0.460484], 
              [0.250596, 0.0908944, 0.51087, 0.14764], 
              [0.0586957, 0.133528, 0.714497, 0.0932795], 
              [0.307043, 0.171988, 0.277826, 0.243143], 
              [0.324534, 0.321752, 0.164534, 0.18918], 
              [0.405867, 0.179956, 0.193572, 0.220606]
            ]
          }, {
            "db": 0,
            "id": "filter1",
            "len": 9,
            "nsites": 9,
            "evalue": "1.0e+000",
            "pwm": [
              [0.270697, 0.217582, 0.400468, 0.111253], 
              [0.27861, 0.465552, 0.00907756, 0.246761], 
              [0.32744, 0.247527, 0.313198, 0.111835], 
              [0.024112, 0.958524, 0.00502221, 0.0123416], 
              [0.0800879, 0.00274725, 0.836879, 0.0802857], 
              [0.048044, 0.176615, 0.045967, 0.729374], 
              [0.51708, 0.00274725, 0.423529, 0.056643], 
              [0.0225255, 0.599259, 0.0391392, 0.339076], 
              [0.231901, 0.189967, 0.0467582, 0.531374]
            ]
          }, {
            "db": 0,
            "id": "filter10",
            "len": 13,
            "nsites": 13,
            "evalue": "1.0e+000",
            "pwm": [
              [0.210504, 0.307756, 0.313511, 0.168229], 
              [0.1216, 0.423905, 0.262927, 0.191569], 
              [0.392107, 0.126351, 0.477649, 0.00389313], 
              [0.0019084, 0.164061, 0.0019084, 0.832122], 
              [0.0019084, 0.0019084, 0.0945954, 0.901588], 
              [0.297237, 0.00250382, 0.310137, 0.390122], 
              [0.00825891, 0.679627, 0.0019084, 0.310206], 
              [0.0962824, 0.380595, 0.521214, 0.0019084], 
              [0.279771, 0.304183, 0.192145, 0.223901], 
              [0.658656, 0.127939, 0.211496, 0.0019084], 
              [0.567458, 0.0872519, 0.25516, 0.0901298], 
              [0.00558015, 0.376427, 0.16416, 0.453832], 
              [0.201573, 0.284733, 0.326908, 0.186786]
            ]
          }, {
            "db": 0,
            "id": "filter11",
            "len": 10,
            "nsites": 10,
            "evalue": "1.0e+000",
            "pwm": [
              [0.143267, 0.079802, 0.450495, 0.326436], 
              [0.0913772, 0.479457, 0.423126, 0.00603925], 
              [0.0388119, 0.343663, 0.290297, 0.327228], 
              [0.214752, 0.030099, 0.714554, 0.0405941], 
              [0.0767401, 0.0137635, 0.602436, 0.30706], 
              [0.193366, 0.00247525, 0.800495, 0.00366337], 
              [0.951683, 0.0281188, 0.0177228, 0.00247525], 
              [0.419604, 0.151683, 0.425743, 0.0029703], 
              [0.111782, 0.299703, 0.199802, 0.388713], 
              [0.177129, 0.437723, 0.291287, 0.0938614]
            ]
          }, {
            "db": 0,
            "id": "filter12",
            "len": 8,
            "nsites": 8,
            "evalue": "1.0e+000",
            "pwm": [
              [0.38916, 0.287432, 0.25237, 0.071037], 
              [0.371815, 0.00348152, 0.324106, 0.300598], 
              [0.28042, 0.609704, 0.105506, 0.00437037], 
              [0.0349908, 0.881298, 0.0693647, 0.0143468], 
              [0.988568, 0.00308642, 0.00417284, 0.00417284], 
              [0.480519, 0.00308642, 0.0267901, 0.489605], 
              [0.00308642, 0.124161, 0.612309, 0.260443], 
              [0.0742963, 0.296815, 0.44763, 0.181259]
            ]
          }, {
            "db": 0,
            "id": "filter13",
            "len": 12,
            "nsites": 12,
            "evalue": "1.0e+000",
            "pwm": [
              [0.0671175, 0.663785, 0.146151, 0.122947], 
              [0.368351, 0.240305, 0.0640558, 0.327289], 
              [0.486679, 0.065035, 0.37859, 0.0696957], 
              [0.749017, 0.0139681, 0.0703043, 0.166711], 
              [0.355159, 0.0212085, 0.00295877, 0.620673], 
              [0.0430289, 0.0194232, 0.0202167, 0.917331], 
              [0.00305785, 0.00206612, 0.683289, 0.311587], 
              [0.00206612, 0.00305785, 0.99281, 0.00206612], 
              [0.0287465, 0.768159, 0.00206612, 0.201028], 
              [0.0276529, 0.243157, 0.162926, 0.566264], 
              [0.183455, 0.145868, 0.639455, 0.0312231], 
              [0.602364, 0.291554, 0.0783306, 0.0277521]
            ]
          }, {
            "db": 0,
            "id": "filter14",
            "len": 10,
            "nsites": 10,
            "evalue": "1.0e+000",
            "pwm": [
              [0.2079, 0.301257, 0.207207, 0.283635], 
              [0.0589109, 0.43099, 0.327525, 0.182574], 
              [0.478665, 0.00247525, 0.495495, 0.0233642], 
              [0.0816832, 0.712574, 0.00514851, 0.200594], 
              [0.099901, 0.712277, 0.173861, 0.0139604], 
              [0.95802, 0.00247525, 0.0179208, 0.0215842], 
              [0.00475248, 0.206337, 0.0127723, 0.776139], 
              [0.226755, 0.19794, 0.570849, 0.00445564], 
              [0.117932, 0.142786, 0.277156, 0.462125], 
              [0.284356, 0.232376, 0.22495, 0.258317]
            ]
          }, {
            "db": 0,
            "id": "filter15",
            "len": 11,
            "nsites": 11,
            "evalue": "1.0e+000",
            "pwm": [
              [0.262387, 0.241081, 0.257234, 0.239297], 
              [0.325514, 0.289045, 0.249405, 0.136036], 
              [0.400869, 0.222572, 0.199975, 0.176585], 
              [0.0602252, 0.81645, 0.112649, 0.0106757], 
              [0.445225, 0.20045, 0.0179099, 0.336414], 
              [0.0757838, 0.756099, 0.157838, 0.0102793], 
              [0.675928, 0.130685, 0.191135, 0.00225225], 
              [0.00354067, 0.0169204, 0.0461575, 0.933381], 
              [0.00254955, 0.433234, 0.506468, 0.0577477], 
              [0.592824, 0.0936125, 0.197359, 0.116205], 
              [0.157541, 0.365946, 0.250991, 0.225523]
            ]
          }, {
            "db": 0,
            "id": "filter16",
            "len": 13,
            "nsites": 13,
            "evalue": "1.0e+000",
            "pwm": [
              [0.30471, 0.208937, 0.197821, 0.288532], 
              [0.424317, 0.168808, 0.229931, 0.176944], 
              [0.445595, 0.190756, 0.24216, 0.121489], 
              [0.0168916, 0.220009, 0.0245321, 0.738568], 
              [0.152252, 0.0153053, 0.281855, 0.550588], 
              [0.597527, 0.0019084, 0.372656, 0.0279084], 
              [0.0139172, 0.850367, 0.109194, 0.0265215], 
              [0.129031, 0.0019084, 0.432794, 0.436267], 
              [0.0657112, 0.501217, 0.00548056, 0.427591], 
              [0.778215, 0.104629, 0.0019084, 0.115248], 
              [0.513521, 0.152138, 0.2725, 0.0618413], 
              [0.105323, 0.38768, 0.12944, 0.377557], 
              [0.381649, 0.175952, 0.187363, 0.255036]
            ]
          }, {
            "db": 0,
            "id": "filter17",
            "len": 11,
            "nsites": 11,
            "evalue": "1.0e+000",
            "pwm": [
              [0.235432, 0.307973, 0.313622, 0.142973], 
              [0.0511081, 0.352568, 0.093027, 0.503297], 
              [0.00225225, 0.585847, 0.383784, 0.0281171], 
              [0.932991, 0.00294595, 0.00581982, 0.0582432], 
              [0.281414, 0.0732072, 0.157937, 0.487441], 
              [0.00225225, 0.00245045, 0.00225225, 0.993045], 
              [0.18291, 0.382495, 0.432144, 0.00245045], 
              [0.804459, 0.0238559, 0.169234, 0.00245045], 
              [0.137338, 0.254286, 0.237636, 0.37074], 
              [0.106505, 0.380414, 0.287459, 0.225622], 
              [0.304375, 0.286638, 0.206971, 0.202016]
            ]
          }, {
            "db": 0,
            "id": "filter18",
            "len": 9,
            "nsites": 9,
            "evalue": "1.0e+000",
            "pwm": [
              [0.0797912, 0.476385, 0.0662418, 0.377582], 
              [0.239516, 0.590912, 0.104121, 0.0654505], 
              [0.554077, 0.0237164, 0.38484, 0.0373661], 
              [0.023022, 0.0885934, 0.78733, 0.101055], 
              [0.512978, 0.481527, 0.00274725, 0.00274725], 
              [0.99156, 0.00274725, 0.00274725, 0.00294505], 
              [0.149531, 0.233507, 0.527965, 0.0889976], 
              [0.201716, 0.110835, 0.474063, 0.213386], 
              [0.159703, 0.138242, 0.119747, 0.582308]
            ]
          }, {
            "db": 0,
            "id": "filter19",
            "len": 10,
            "nsites": 10,
            "evalue": "1.0e+000",
            "pwm": [
              [0.251609, 0.223091, 0.252599, 0.2727], 
              [0.00485125, 0.576774, 0.146223, 0.272151], 
              [0.0588119, 0.55901, 0.154752, 0.227426], 
              [0.775743, 0.00257426, 0.211782, 0.00990099], 
              [0.542178, 0.00544554, 0.00950495, 0.442871], 
              [0.364518, 0.124245, 0.00366325, 0.507573], 
              [0.00247525, 0.246238, 0.748812, 0.00247525], 
              [0.151767, 0.426393, 0.262053, 0.159786], 
              [0.431782, 0.24099, 0.2, 0.127228], 
              [0.214455, 0.23604, 0.192871, 0.356634]
            ]
          }, {
            "db": 0,
            "id": "filter2",
            "len": 9,
            "nsites": 9,
            "evalue": "1.0e+000",
            "pwm": [
              [0.196574, 0.311486, 0.0576319, 0.434308], 
              [0.0430989, 0.308253, 0.189176, 0.459473], 
              [0.249505, 0.577956, 0.0066044, 0.165934], 
              [0.0545714, 0.931527, 0.00512088, 0.00878022], 
              [0.0413187, 0.534736, 0.389154, 0.0347912], 
              [0.0457692, 0.00393407, 0.811956, 0.138341], 
              [0.16961, 0.00274725, 0.584838, 0.242804], 
              [0.576035, 0.176732, 0.23865, 0.008583], 
              [0.519656, 0.038553, 0.16783, 0.273961]
            ]
          }, {
            "db": 0,
            "id": "filter20",
            "len": 11,
            "nsites": 11,
            "evalue": "1.0e+000",
            "pwm": [
              [0.235532, 0.401919, 0.220072, 0.142477], 
              [0.32591, 0.456523, 0.196189, 0.0213784], 
              [0.304405, 0.0248468, 0.249604, 0.421144], 
              [0.176766, 0.0295045, 0.184595, 0.609135], 
              [0.492198, 0.308369, 0.174586, 0.0248468], 
              [0.00393694, 0.831613, 0.00225225, 0.162198], 
              [0.00403621, 0.00254958, 0.637937, 0.355477], 
              [0.012955, 0.21918, 0.636189, 0.131676], 
              [0.561766, 0.374766, 0.00235135, 0.0611171], 
              [0.423282, 0.164957, 0.219456, 0.192305], 
              [0.0340631, 0.163189, 0.537486, 0.265261]
            ]
          }, {
            "db": 0,
            "id": "filter21",
            "len": 13,
            "nsites": 13,
            "evalue": "1.0e+000",
            "pwm": [
              [0.217273, 0.219854, 0.344111, 0.218762], 
              [0.358267, 0.343382, 0.132901, 0.16545], 
              [0.34176, 0.0687872, 0.16077, 0.428683], 
              [0.231939, 0.00577863, 0.680687, 0.0815954], 
              [0.586313, 0.0349542, 0.315397, 0.0633359], 
              [0.0212595, 0.168924, 0.515954, 0.293863], 
              [0.0019084, 0.021458, 0.470008, 0.506626], 
              [0.0893359, 0.902779, 0.0019084, 0.0059771], 
              [0.532481, 0.0019084, 0.208441, 0.257171], 
              [0.0019084, 0.0304885, 0.874397, 0.0932061], 
              [0.416858, 0.352447, 0.212708, 0.0179863], 
              [0.364979, 0.188752, 0.381252, 0.0650166], 
              [0.211815, 0.273447, 0.148099, 0.36664]
            ]
          }, {
            "db": 0,
            "id": "filter22",
            "len": 13,
            "nsites": 13,
            "evalue": "1.0e+000",
            "pwm": [
              [0.217273, 0.43115, 0.257568, 0.0940092], 
              [0.449267, 0.198397, 0.211893, 0.140443], 
              [0.302962, 0.277263, 0.0799998, 0.339775], 
              [0.0473588, 0.0019084, 0.0981679, 0.852565], 
              [0.0019084, 0.00617557, 0.0832824, 0.908634], 
              [0.368191, 0.561008, 0.0688931, 0.0019084], 
              [0.635733, 0.351321, 0.0019084, 0.0110382], 
              [0.147389, 0.0451756, 0.49184, 0.315595], 
              [0.0745496, 0.166344, 0.654687, 0.10442], 
              [0.00498473, 0.052916, 0.684359, 0.25774], 
              [0.41245, 0.272527, 0.203557, 0.111466], 
              [0.618999, 0.189248, 0.0798014, 0.111951], 
              [0.338221, 0.187084, 0.282351, 0.192344]
            ]
          }, {
            "db": 0,
            "id": "filter23",
            "len": 13,
            "nsites": 13,
            "evalue": "1.0e+000",
            "pwm": [
              [0.196015, 0.096084, 0.251985, 0.455916], 
              [0.0149084, 0.403618, 0.0449771, 0.536496], 
              [0.0535063, 0.0137164, 0.321815, 0.610962], 
              [0.781093, 0.214594, 0.0019084, 0.00240463], 
              [0.359061, 0.237992, 0.202069, 0.200878], 
              [0.278156, 0.00309912, 0.00250376, 0.716242], 
              [0.382878, 0.414733, 0.0150076, 0.187382], 
              [0.951305, 0.00905344, 0.0078626, 0.0317786], 
              [0.0019084, 0.114752, 0.0342628, 0.849077], 
              [0.662361, 0.0902202, 0.141223, 0.106196], 
              [0.176086, 0.0329726, 0.646614, 0.144327], 
              [0.231023, 0.478891, 0.202049, 0.0880372], 
              [0.173406, 0.271859, 0.462809, 0.091925]
            ]
          }, {
            "db": 0,
            "id": "filter24",
            "len": 8,
            "nsites": 8,
            "evalue": "1.0e+000",
            "pwm": [
              [0.202889, 0.448222, 0.345704, 0.00318519], 
              [0.0756718, 0.212942, 0.217287, 0.494099], 
              [0.00723415, 0.441857, 0.00565406, 0.545254], 
              [0.00901175, 0.810413, 0.0123694, 0.168206], 
              [0.0376543, 0.899975, 0.0367654, 0.0256049], 
              [0.080807, 0.453511, 0.375, 0.0906826], 
              [0.33237, 0.230049, 0.304123, 0.133457], 
              [0.390247, 0.267383, 0.268173, 0.0741975]
            ]
          }, {
            "db": 0,
            "id": "filter25",
            "len": 12,
            "nsites": 12,
            "evalue": "1.0e+000",
            "pwm": [
              [0.261875, 0.230043, 0.268618, 0.239464], 
              [0.333174, 0.246108, 0.256818, 0.163901], 
              [0.286071, 0.293508, 0.219334, 0.201088], 
              [0.00206612, 0.920612, 0.0159504, 0.0613719], 
              [0.753603, 0.0490744, 0.0537355, 0.143587], 
              [0.0158526, 0.72799, 0.0240848, 0.232073], 
              [0.240777, 0.00305785, 0.707289, 0.048876], 
              [0.14081, 0.0246777, 0.0247769, 0.809736], 
              [0.0495702, 0.0410413, 0.907322, 0.00206612], 
              [0.145754, 0.249975, 0.342297, 0.261974], 
              [0.211896, 0.27189, 0.198906, 0.317307], 
              [0.25786, 0.251116, 0.223245, 0.267779]
            ]
          }, {
            "db": 0,
            "id": "filter26",
            "len": 9,
            "nsites": 9,
            "evalue": "1.0e+000",
            "pwm": [
              [0.213428, 0.307393, 0.299975, 0.179204], 
              [0.400626, 0.302615, 0.167121, 0.129637], 
              [0.0942308, 0.299055, 0.575582, 0.0311319], 
              [0.00759341, 0.00274725, 0.00274725, 0.986912], 
              [0.00551648, 0.508132, 0.483604, 0.00274725], 
              [0.989583, 0.00274725, 0.00363727, 0.00403284], 
              [0.0514066, 0.282538, 0.511495, 0.15456], 
              [0.167319, 0.426143, 0.0545714, 0.351967], 
              [0.239097, 0.337296, 0.235636, 0.18797]
            ]
          }, {
            "db": 0,
            "id": "filter27",
            "len": 17,
            "nsites": 17,
            "evalue": "1.0e+000",
            "pwm": [
              [0.266702, 0.352398, 0.114895, 0.266006], 
              [0.176117, 0.294708, 0.143413, 0.385763], 
              [0.375064, 0.380532, 0.171263, 0.0731404], 
              [0.0936107, 0.140431, 0.205243, 0.560716], 
              [0.361047, 0.278632, 0.228725, 0.131596], 
              [0.255567, 0.00563743, 0.250099, 0.488696], 
              [0.306835, 0.147588, 0.236257, 0.30932], 
              [0.220076, 0.00205848, 0.266205, 0.511661], 
              [0.28917, 0.625491, 0.00146199, 0.0838772], 
              [0.582842, 0.00166082, 0.358164, 0.0573333], 
              [0.341363, 0.613064, 0.00146199, 0.0441111], 
              [0.239585, 0.0300964, 0.500477, 0.229842], 
              [0.517379, 0.0987992, 0.03467, 0.349152], 
              [0.063205, 0.239585, 0.617898, 0.0793119], 
              [0.231731, 0.345075, 0.282437, 0.140757], 
              [0.206874, 0.231929, 0.259669, 0.301527], 
              [0.214828, 0.198622, 0.254499, 0.332051]
            ]
          }, {
            "db": 0,
            "id": "filter28",
            "len": 12,
            "nsites": 12,
            "evalue": "1.0e+000",
            "pwm": [
              [0.0884463, 0.168678, 0.190992, 0.551884], 
              [0.56686, 0.145372, 0.285702, 0.00206612], 
              [0.085281, 0.462476, 0.00424815, 0.447995], 
              [0.110264, 0.593339, 0.0276529, 0.268744], 
              [0.316942, 0.00990083, 0.541074, 0.132083], 
              [0.480134, 0.00276026, 0.426288, 0.0908176], 
              [0.00206612, 0.513504, 0.056314, 0.428116], 
              [0.789583, 0.0489799, 0.0670313, 0.0944059], 
              [0.156365, 0.183932, 0.619459, 0.0402441], 
              [0.318065, 0.291781, 0.223146, 0.167008], 
              [0.362796, 0.191606, 0.230882, 0.214715], 
              [0.178893, 0.244149, 0.220942, 0.356017]
            ]
          }, {
            "db": 0,
            "id": "filter29",
            "len": 9,
            "nsites": 9,
            "evalue": "1.0e+000",
            "pwm": [
              [0.253981, 0.272774, 0.11244, 0.360805], 
              [0.222308, 0.0963077, 0.113714, 0.56767], 
              [0.0333077, 0.568363, 0.322297, 0.076033], 
              [0.162769, 0.760231, 0.0319231, 0.0450769], 
              [0.12489, 0.00274725, 0.838956, 0.0334066], 
              [0.00789062, 0.916388, 0.0685231, 0.00719825], 
              [0.433264, 0.245747, 0.0728681, 0.248121], 
              [0.489192, 0.0627862, 0.00472547, 0.443297], 
              [0.0942308, 0.30489, 0.374615, 0.226264]
            ]
          }, {
            "db": 0,
            "id": "filter3",
            "len": 15,
            "nsites": 15,
            "evalue": "1.0e+000",
            "pwm": [
              [0.254172, 0.253874, 0.285166, 0.206788], 
              [0.241457, 0.274338, 0.281887, 0.202318], 
              [0.153528, 0.272324, 0.300334, 0.273814], 
              [0.138841, 0.160695, 0.607119, 0.0933444], 
              [0.0260927, 0.431192, 0.145, 0.397715], 
              [0.061153, 0.527894, 0.251366, 0.159587], 
              [0.621983, 0.265523, 0.0978242, 0.0146702], 
              [0.091755, 0.531126, 0.37149, 0.00562914], 
              [0.0216225, 0.00215232, 0.630563, 0.345662], 
              [0.00175498, 0.452694, 0.289863, 0.255688], 
              [0.576523, 0.114205, 0.307616, 0.00165563], 
              [0.00165563, 0.730397, 0.175695, 0.0922517], 
              [0.130795, 0.162881, 0.476987, 0.229338], 
              [0.0660265, 0.480166, 0.162384, 0.291424], 
              [0.486225, 0.134768, 0.18553, 0.193477]
            ]
          }, {
            "db": 0,
            "id": "filter4",
            "len": 12,
            "nsites": 12,
            "evalue": "1.0e+000",
            "pwm": [
              [0.201008, 0.577074, 0.0655372, 0.15638], 
              [0.103818, 0.253273, 0.0296364, 0.613273], 
              [0.648712, 0.159736, 0.0298319, 0.16172], 
              [0.412645, 0.00464463, 0.0354876, 0.547223], 
              [0.198331, 0.0380661, 0.453603, 0.31], 
              [0.785736, 0.108777, 0.00791736, 0.0975702], 
              [0.154412, 0.00206612, 0.0102983, 0.833224], 
              [0.00523967, 0.00206612, 0.565471, 0.427223], 
              [0.645638, 0.0398475, 0.311655, 0.00285942], 
              [0.150812, 0.257313, 0.573447, 0.0184281], 
              [0.154496, 0.321702, 0.0852727, 0.438529], 
              [0.133087, 0.467931, 0.244966, 0.154015]
            ]
          }, {
            "db": 0,
            "id": "filter5",
            "len": 11,
            "nsites": 11,
            "evalue": "1.0e+000",
            "pwm": [
              [0.261668, 0.121853, 0.36908, 0.247399], 
              [0.115115, 0.521876, 0.160002, 0.203007], 
              [0.124255, 0.265585, 0.134464, 0.475696], 
              [0.649701, 0.00334223, 0.258794, 0.0881626], 
              [0.204989, 0.517516, 0.0360417, 0.241454], 
              [0.414703, 0.00928829, 0.0081982, 0.567811], 
              [0.0713243, 0.00245045, 0.629054, 0.297171], 
              [0.205306, 0.765018, 0.00225225, 0.0274234], 
              [0.0514103, 0.385309, 0.00225225, 0.561029], 
              [0.439874, 0.00264865, 0.548387, 0.00909009], 
              [0.217297, 0.0368378, 0.556811, 0.189054]
            ]
          }, {
            "db": 0,
            "id": "filter6",
            "len": 14,
            "nsites": 14,
            "evalue": "1.0e+000",
            "pwm": [
              [0.387121, 0.149319, 0.122908, 0.340652], 
              [0.293291, 0.165106, 0.137305, 0.404298], 
              [0.299745, 0.0708794, 0.0971915, 0.532184], 
              [0.0771348, 0.0683972, 0.12539, 0.729078], 
              [0.0246122, 0.303349, 0.00703599, 0.665002], 
              [0.0807013, 0.597756, 0.295148, 0.0263947], 
              [0.231631, 0.70783, 0.00832624, 0.0522128], 
              [0.0480426, 0.00177305, 0.868085, 0.0820993], 
              [0.00723404, 0.478766, 0.431206, 0.0827943], 
              [0.95983, 0.0322553, 0.00276596, 0.00514894], 
              [0.802255, 0.088156, 0.0272908, 0.0822979], 
              [0.387082, 0.147418, 0.122101, 0.343398], 
              [0.238085, 0.187645, 0.0974894, 0.47678], 
              [0.341844, 0.186057, 0.219418, 0.252681]
            ]
          }, {
            "db": 0,
            "id": "filter7",
            "len": 9,
            "nsites": 9,
            "evalue": "1.0e+000",
            "pwm": [
              [0.26622, 0.449582, 0.27344, 0.0107582], 
              [0.310429, 0.0705934, 0.453835, 0.165143], 
              [0.334165, 0.112923, 0.357308, 0.195604], 
              [0.0271758, 0.722648, 0.00324176, 0.246934], 
              [0.0236133, 0.123197, 0.850443, 0.00274725], 
              [0.0180769, 0.00373626, 0.975044, 0.00314286], 
              [0.509912, 0.13389, 0.247132, 0.109066], 
              [0.211824, 0.214989, 0.392022, 0.181165], 
              [0.116582, 0.273736, 0.445725, 0.163956]
            ]
          }, {
            "db": 0,
            "id": "filter8",
            "len": 14,
            "nsites": 14,
            "evalue": "1.0e+000",
            "pwm": [
              [0.241834, 0.18445, 0.244217, 0.329499], 
              [0.384837, 0.139291, 0.264, 0.211872], 
              [0.273333, 0.145248, 0.318312, 0.263106], 
              [0.0678014, 0.57478, 0.302028, 0.0553901], 
              [0.00177305, 0.342142, 0.00236879, 0.653716], 
              [0.399433, 0.00604255, 0.218823, 0.375702], 
              [0.416113, 0.58034, 0.00177305, 0.00177305], 
              [0.00177305, 0.220312, 0.0968936, 0.681021], 
              [0.115847, 0.170153, 0.11267, 0.60133], 
              [0.317816, 0.00514894, 0.663844, 0.0131915], 
              [0.0114052, 0.0528136, 0.694892, 0.240889], 
              [0.389702, 0.248411, 0.0558865, 0.306], 
              [0.494355, 0.0943121, 0.157163, 0.25417], 
              [0.224681, 0.265489, 0.27234, 0.237489]
            ]
          }, {
            "db": 0,
            "id": "filter9",
            "len": 12,
            "nsites": 12,
            "evalue": "1.0e+000",
            "pwm": [
              [0.228083, 0.549702, 0.0618678, 0.160347], 
              [0.374227, 0.104006, 0.257908, 0.263858], 
              [0.00523935, 0.317109, 0.321671, 0.355981], 
              [0.860823, 0.116997, 0.0199156, 0.00226444], 
              [0.242165, 0.153008, 0.337074, 0.267752], 
              [0.167008, 0.0021653, 0.82876, 0.00206612], 
              [0.0741581, 0.186213, 0.00206612, 0.737563], 
              [0.185717, 0.0470864, 0.711384, 0.0558128], 
              [0.0410374, 0.208525, 0.708409, 0.0420291], 
              [0.227091, 0.217669, 0.171851, 0.383388], 
              [0.26723, 0.354196, 0.239067, 0.139507], 
              [0.388248, 0.236314, 0.18524, 0.190198]
            ]
          }
        ],
        "targets": [
          {
            "db": 0,
            "id": "MA0043.2",
            "alt": "HLF",
            "len": 12,
            "nsites": 2606,
            "url": "http://jaspar.genereg.net?ID=MA0043.2&rm=present&collection=CORE",
            "pwm": [
              [0.200657, 0.343775, 0.177271, 0.278296], 
              [0.387124, 0.239892, 0.333218, 0.0397651], 
              [0.00327147, 0.000475575, 9.59288e-06, 0.996243], 
              [0.0024785, 0.015647, 0.102064, 0.879811], 
              [0.865914, 9.59288e-06, 0.125562, 0.00851427], 
              [0.0050464, 0.717913, 0.0117621, 0.265278], 
              [0.439273, 0.0237467, 0.534222, 0.00275849], 
              [0.0184179, 0.236194, 0.00278849, 0.7426], 
              [0.879811, 0.116054, 0.00165553, 0.0024785], 
              [0.99439, 9.59288e-06, 0.0023355, 0.00326547], 
              [0.0499097, 0.486828, 0.110025, 0.353238], 
              [0.301214, 0.344711, 0.168385, 0.18569]
            ]
          }, {
            "db": 0,
            "id": "MA0058.3",
            "alt": "MAX",
            "len": 10,
            "nsites": 6986,
            "url": "http://jaspar.genereg.net?ID=MA0058.3&rm=present&collection=CORE",
            "pwm": [
              [0.480875, 0.226261, 0.18831, 0.104553], 
              [0.278545, 0.40858, 0.220218, 0.0926573], 
              [0.0056435, 0.994349, 3.57853e-06, 3.57853e-06], 
              [0.982135, 3.57853e-06, 0.0124304, 0.0054315], 
              [3.57853e-06, 0.966807, 0.000987564, 0.0322021], 
              [0.0453009, 0.0053735, 0.946706, 0.00261954], 
              [0.00968944, 0.0223223, 0.00281054, 0.965178], 
              [3.57853e-06, 0.00389452, 0.99091, 0.0051915], 
              [0.195056, 0.356362, 0.238255, 0.210328], 
              [0.163177, 0.323588, 0.143399, 0.369835]
            ]
          }, {
            "db": 0,
            "id": "MA0059.1",
            "alt": "MAX::MYC",
            "len": 11,
            "nsites": 21,
            "url": "http://jaspar.genereg.net?ID=MA0059.1&rm=present&collection=CORE",
            "pwm": [
              [0.332938, 0.0485782, 0.427725, 0.190758], 
              [0.712086, 0.0485782, 0.190758, 0.0485782], 
              [0.0959715, 0.427725, 0.427725, 0.0485782], 
              [0.0485782, 0.949052, 0.00118483, 0.00118483], 
              [0.996445, 0.00118483, 0.00118483, 0.00118483], 
              [0.00118483, 0.949052, 0.00118483, 0.0485782], 
              [0.0485782, 0.00118483, 0.949052, 0.00118483], 
              [0.00118483, 0.0485782, 0.00118483, 0.949052], 
              [0.00118483, 0.00118483, 0.996445, 0.00118483], 
              [0.0485782, 0.0485782, 0.854266, 0.0485782], 
              [0.143365, 0.238151, 0.00118483, 0.617299]
            ]
          }, {
            "db": 0,
            "id": "MA0067.1",
            "alt": "Pax2",
            "len": 8,
            "nsites": 31,
            "url": "http://jaspar.genereg.net?ID=MA0067.1&rm=present&collection=CORE",
            "pwm": [
              [0.322348, 0.225884, 0.161575, 0.290193], 
              [0.225884, 0.0329581, 0.676045, 0.0651124], 
              [0.0972667, 0.0651124, 0.000803859, 0.836817], 
              [0.000803859, 0.901126, 0.0329581, 0.0651124], 
              [0.836817, 0.0329581, 0.0972667, 0.0329581], 
              [0.0651124, 0.547428, 0.0329581, 0.354502], 
              [0.0651124, 0.000803859, 0.611736, 0.322348], 
              [0.0329581, 0.354502, 0.354502, 0.258039]
            ]
          }, {
            "db": 0,
            "id": "MA0093.2",
            "alt": "USF1",
            "len": 11,
            "nsites": 16842,
            "url": "http://jaspar.genereg.net?ID=MA0093.2&rm=present&collection=CORE",
            "pwm": [
              [0.287733, 0.223489, 0.425245, 0.0635331], 
              [0.087402, 0.442227, 0.177117, 0.293255], 
              [0.00255447, 0.997443, 1.48438e-06, 1.48438e-06], 
              [0.984024, 1.48438e-06, 1.48438e-06, 0.0159734], 
              [0.0111644, 0.610317, 0.0553392, 0.32318], 
              [0.0952979, 0.0353293, 0.86937, 1.48438e-06], 
              [1.48438e-06, 1.48438e-06, 1.48438e-06, 0.999996], 
              [1.48438e-06, 1.48438e-06, 0.999996, 1.48438e-06], 
              [0.876495, 1.48438e-06, 0.081642, 0.0418612], 
              [1.48438e-06, 0.781733, 1.48438e-06, 0.218264], 
              [0.108124, 0.589358, 0.0660861, 0.236433]
            ]
          }, {
            "db": 0,
            "id": "MA0095.2",
            "alt": "YY1",
            "len": 12,
            "nsites": 7171,
            "url": "http://jaspar.genereg.net?ID=MA0095.2&rm=present&collection=CORE",
            "pwm": [
              [0.157022, 0.639097, 0.111702, 0.0921792], 
              [0.972658, 3.48622e-06, 0.0252441, 0.00209546], 
              [0.940026, 0.0138093, 0.037376, 0.00878836], 
              [0.349462, 0.155767, 0.457674, 0.037097], 
              [0.99999, 3.48622e-06, 3.48622e-06, 3.48622e-06], 
              [3.48622e-06, 0.00167646, 3.48622e-06, 0.998317], 
              [0.00153746, 3.48622e-06, 0.998456, 3.48622e-06], 
              [0.00181646, 3.48622e-06, 0.998177, 3.48622e-06], 
              [0.113236, 0.786076, 0.00530241, 0.0953862], 
              [0.120906, 0.234416, 0.385579, 0.259099], 
              [0.125368, 0.122021, 0.649136, 0.103474], 
              [0.185749, 0.637005, 0.0545277, 0.122718]
            ]
          }, {
            "db": 0,
            "id": "MA0104.3",
            "alt": "Mycn",
            "len": 8,
            "nsites": 1403,
            "url": "http://jaspar.genereg.net?ID=MA0104.3&rm=present&collection=CORE",
            "pwm": [
              [0.376327, 0.104073, 0.40341, 0.11619], 
              [1.78177e-05, 0.808941, 0.191023, 1.78177e-05], 
              [1.78177e-05, 0.999947, 1.78177e-05, 1.78177e-05], 
              [0.999947, 1.78177e-05, 1.78177e-05, 1.78177e-05], 
              [1.78177e-05, 0.999947, 1.78177e-05, 1.78177e-05], 
              [0.119752, 1.78177e-05, 0.880212, 1.78177e-05], 
              [1.78177e-05, 1.78177e-05, 1.78177e-05, 0.999947], 
              [1.78177e-05, 1.78177e-05, 0.999947, 1.78177e-05]
            ]
          }, {
            "db": 0,
            "id": "MA0136.2",
            "alt": "ELF5",
            "len": 11,
            "nsites": 3756,
            "url": "http://jaspar.genereg.net?ID=MA0136.2&rm=present&collection=CORE",
            "pwm": [
              [0.642202, 0.0669909, 0.0800155, 0.210793], 
              [0.228653, 0.430332, 0.178841, 0.162174], 
              [0.205498, 0.510715, 0.263585, 0.0202021], 
              [0.335093, 0.581007, 0.0710228, 0.0128773], 
              [0.000907632, 6.65584e-06, 0.993073, 0.0060125], 
              [0.00150162, 6.65584e-06, 0.991011, 0.00748046], 
              [0.994087, 0.00405855, 0.000374646, 0.00147962], 
              [0.896324, 0.0206701, 6.65584e-06, 0.0829994], 
              [0.223282, 0.0388916, 0.716747, 0.0210801], 
              [0.120003, 0.180128, 0.0784956, 0.621374], 
              [0.348091, 0.134667, 0.276587, 0.240653]
            ]
          }, {
            "db": 0,
            "id": "MA0144.2",
            "alt": "STAT3",
            "len": 11,
            "nsites": 21620,
            "url": "http://jaspar.genereg.net?ID=MA0144.2&rm=present&collection=CORE",
            "pwm": [
              [0.0895477, 0.396437, 0.175809, 0.338205], 
              [0.032748, 1.15633e-06, 1.15633e-06, 0.96725], 
              [0.0115641, 0.0160051, 0.270583, 0.701848], 
              [0.0465319, 0.905871, 1.15633e-06, 0.0475959], 
              [0.038854, 0.359851, 1.15633e-06, 0.601293], 
              [0.170768, 1.15633e-06, 0.529879, 0.299352], 
              [0.0728038, 1.15633e-06, 0.927194, 1.15633e-06], 
              [0.117115, 1.15633e-06, 0.864289, 0.0185951], 
              [0.999997, 1.15633e-06, 1.15633e-06, 1.15633e-06], 
              [0.999997, 1.15633e-06, 1.15633e-06, 1.15633e-06], 
              [0.430665, 0.044497, 0.304302, 0.220537]
            ]
          }, {
            "db": 0,
            "id": "MA0147.2",
            "alt": "Myc",
            "len": 10,
            "nsites": 5335,
            "url": "http://jaspar.genereg.net?ID=MA0147.2&rm=present&collection=CORE",
            "pwm": [
              [0.221369, 0.684153, 0.0944729, 4.68595e-06], 
              [4.68595e-06, 0.999986, 4.68595e-06, 4.68595e-06], 
              [0.999986, 4.68595e-06, 4.68595e-06, 4.68595e-06], 
              [4.68595e-06, 0.430175, 4.68595e-06, 0.569816], 
              [4.68595e-06, 4.68595e-06, 0.999986, 4.68595e-06], 
              [4.68595e-06, 4.68595e-06, 4.68595e-06, 0.999986], 
              [4.68595e-06, 4.68595e-06, 0.999986, 4.68595e-06], 
              [0.00918951, 0.43055, 0.390063, 0.170198], 
              [0.158952, 0.20375, 0.10422, 0.533078], 
              [0.0153744, 0.351826, 0.150143, 0.482658]
            ]
          }, {
            "db": 0,
            "id": "MA0464.2",
            "alt": "BHLHE40",
            "len": 10,
            "nsites": 11582,
            "url": "http://jaspar.genereg.net?ID=MA0464.2&rm=present&collection=CORE",
            "pwm": [
              [0.340758, 0.26956, 0.260738, 0.128944], 
              [0.106233, 0.0367358, 0.381853, 0.475177], 
              [0.00522611, 0.993531, 2.1585e-06, 0.00124115], 
              [0.975226, 0.0112991, 0.0067801, 0.0066941], 
              [0.00204114, 0.99494, 0.000179157, 0.00283913], 
              [0.00583311, 0.00265314, 0.991512, 2.1585e-06], 
              [0.014246, 0.021155, 0.00742309, 0.957176], 
              [0.000356155, 0.00106315, 0.992213, 0.0063681], 
              [0.500125, 0.446796, 0.0108871, 0.0421928], 
              [0.137588, 0.508464, 0.123419, 0.230529]
            ]
          }, {
            "db": 0,
            "id": "MA0466.2",
            "alt": "CEBPB",
            "len": 10,
            "nsites": 24579,
            "url": "http://jaspar.genereg.net?ID=MA0466.2&rm=present&collection=CORE",
            "pwm": [
              [0.465622, 0.220252, 0.276338, 0.0377869], 
              [0.00144801, 0.00149201, 0.000352016, 0.996709], 
              [0.000680014, 0.000560015, 0.0908986, 0.907861], 
              [0.437129, 0.00136101, 0.472043, 0.0894667], 
              [0.015375, 0.889251, 0.00864598, 0.0867277], 
              [0.129003, 0.0203349, 0.832855, 0.0178069], 
              [0.0922366, 0.829724, 0.000111017, 0.0779287], 
              [0.972406, 0.0272069, 0.000386016, 1.01712e-06], 
              [0.999206, 0.000397016, 1.01712e-06, 0.000397016], 
              [0.00650599, 0.445567, 0.0394499, 0.508476]
            ]
          }, {
            "db": 0,
            "id": "MA0495.1",
            "alt": "MAFF",
            "len": 18,
            "nsites": 53758,
            "url": "http://jaspar.genereg.net?ID=MA0495.1&rm=present&collection=CORE",
            "pwm": [
              [0.121489, 0.230459, 0.499442, 0.14861], 
              [0.244745, 0.550187, 0.0401244, 0.164943], 
