<!DOCTYPE HTML>
<html>
  <head>
    <meta charset="UTF-8">
    <title>TOMTOM</title>
    <script>
      // @JSON_VAR data
      var data = {
        "program": "Tomtom",
        "version": "4.12.0",
        "release": "Tue Jun 27 16:22:50 2017 -0700",
        "cmd": [
          "tomtom", "-evalue", "-thresh", "0.1", "-o",
          "../results/synthetic/conv_filters/cnn_4",
          "../results/synthetic/conv_filters/cnn_4_clip.meme",
          "../data/JASPAR_CORE_2016_vertebrates.meme"
        ],
        "options": {
          "strands": "both",
          "distance_measure": "ed",
          "threshold_type": "evalue",
          "threshold_value": 0.1,
          "background_source": "first_target"
        },
        "alphabet": {
          "name": "DNA",
          "like": "dna",
          "ncore": 4,
          "symbols": [
            {
              "symbol": "A",
              "name": "Adenine",
              "colour": "CC0000",
              "complement": "T"
            }, {
              "symbol": "C",
              "name": "Cytosine",
              "colour": "0000CC",
              "complement": "G"
            }, {
              "symbol": "G",
              "name": "Guanine",
              "colour": "FFB300",
              "complement": "C"
            }, {
              "symbol": "T",
              "aliases": "U",
              "name": "Thymine",
              "colour": "008000",
              "complement": "A"
            }, {
              "symbol": "N",
              "aliases": "X.",
              "name": "Any base",
              "equals": "ACGT"
            }, {
              "symbol": "V",
              "name": "Not T",
              "equals": "ACG"
            }, {
              "symbol": "H",
              "name": "Not G",
              "equals": "ACT"
            }, {
              "symbol": "D",
              "name": "Not C",
              "equals": "AGT"
            }, {
              "symbol": "B",
              "name": "Not A",
              "equals": "CGT"
            }, {
              "symbol": "M",
              "name": "Amino",
              "equals": "AC"
            }, {
              "symbol": "R",
              "name": "Purine",
              "equals": "AG"
            }, {
              "symbol": "W",
              "name": "Weak",
              "equals": "AT"
            }, {
              "symbol": "S",
              "name": "Strong",
              "equals": "CG"
            }, {
              "symbol": "Y",
              "name": "Pyrimidine",
              "equals": "CT"
            }, {
              "symbol": "K",
              "name": "Keto",
              "equals": "GT"
            }
          ]
        },
        "background": [0.25, 0.25, 0.25, 0.25],
        "query_dbs": [
          {
            "source": "../results/synthetic/conv_filters/cnn_4_clip.meme",
            "name": "cnn 4 clip",
            "loaded": 30,
            "excluded": 0,
            "last_modified": "Tue May 15 13:35:23 2018"
          }
        ],
        "target_dbs": [
          {
            "source": "../data/JASPAR_CORE_2016_vertebrates.meme",
            "name": "JASPAR CORE 2016 vertebrates",
            "loaded": 519,
            "excluded": 0,
            "last_modified": "Mon May 14 20:20:31 2018"
          }
        ],
        "queries": [
          {
            "db": 0,
            "id": "filter0",
            "len": 12,
            "nsites": 12,
            "evalue": "1.0e+000",
            "pwm": [
              [0.160843, 0.339752, 0.236612, 0.262793], 
              [0.155686, 0.289372, 0.359686, 0.195256], 
              [0.0829917, 0.409769, 0.239785, 0.267455], 
              [0.0228926, 0.710066, 0.0963802, 0.170661], 
              [0.0192231, 0.797041, 0.0646446, 0.119091], 
              [0.572074, 0.0986708, 0.231279, 0.0979765], 
              [0.0105942, 0.25771, 0.042624, 0.689072], 
              [0.0798182, 0.260314, 0.0441157, 0.615752], 
              [0.0166446, 0.40838, 0.0312231, 0.543752], 
              [0.157852, 0.376806, 0.0092059, 0.456136], 
              [0.127521, 0.326364, 0.189702, 0.356413], 
              [0.244149, 0.133868, 0.402033, 0.21995]
            ]
          }, {
            "db": 0,
            "id": "filter1",
            "len": 10,
            "nsites": 10,
            "evalue": "1.0e+000",
            "pwm": [
              [0.267551, 0.23438, 0.335578, 0.162491], 
              [0.294059, 0.375248, 0.0493069, 0.281386], 
              [0.270297, 0.249802, 0.314554, 0.165347], 
              [0.112277, 0.738911, 0.0581188, 0.0906931], 
              [0.149886, 0.0249482, 0.662508, 0.162657], 
              [0.111683, 0.231287, 0.114158, 0.542871], 
              [0.479355, 0.011387, 0.374988, 0.134271], 
              [0.0778218, 0.513762, 0.0943564, 0.314059], 
              [0.240792, 0.210792, 0.102277, 0.446139], 
              [0.241881, 0.236733, 0.29297, 0.228416]
            ]
          }, {
            "db": 0,
            "id": "filter10",
            "len": 10,
            "nsites": 10,
            "evalue": "1.0e+000",
            "pwm": [
              [0.220495, 0.294455, 0.303069, 0.18198], 
              [0.147723, 0.392079, 0.258713, 0.201485], 
              [0.337228, 0.178713, 0.449802, 0.0342574], 
              [0.0387165, 0.259828, 0.01614, 0.685316], 
              [0.0131683, 0.0090099, 0.20901, 0.768812], 
              [0.306207, 0.0261362, 0.271854, 0.395802], 
              [0.0582178, 0.55604, 0.0177228, 0.36802], 
              [0.155743, 0.420198, 0.413267, 0.0107921], 
              [0.312574, 0.232079, 0.228317, 0.22703], 
              [0.529406, 0.187723, 0.264752, 0.0181188]
            ]
          }, {
            "db": 0,
            "id": "filter11",
            "len": 12,
            "nsites": 12,
            "evalue": "1.0e+000",
            "pwm": [
              [0.175999, 0.15696, 0.518312, 0.148729], 
              [0.156761, 0.0800087, 0.365501, 0.397729], 
              [0.158463, 0.0738678, 0.489207, 0.278463], 
              [0.100456, 0.449384, 0.433812, 0.0163485], 
              [0.0439215, 0.308841, 0.294757, 0.352481], 
              [0.193669, 0.0416364, 0.710661, 0.0540331], 
              [0.091719, 0.0276529, 0.556248, 0.32438], 
              [0.171752, 0.00434711, 0.813107, 0.0107934], 
              [0.924579, 0.0415372, 0.0273554, 0.00652893], 
              [0.426826, 0.156777, 0.407587, 0.00880992], 
              [0.0986612, 0.341537, 0.191983, 0.367818], 
              [0.173356, 0.454739, 0.280474, 0.0914304]
            ]
          }, {
            "db": 0,
            "id": "filter12",
            "len": 11,
            "nsites": 11,
            "evalue": "1.0e+000",
            "pwm": [
              [0.162182, 0.390385, 0.2038, 0.243634], 
              [0.366045, 0.280721, 0.251982, 0.101252], 
              [0.358153, 0.013848, 0.297894, 0.330105], 
              [0.28409, 0.551459, 0.14545, 0.019], 
              [0.0751892, 0.774432, 0.111459, 0.0389189], 
              [0.926655, 0.015332, 0.0301954, 0.0278173], 
              [0.453054, 0.00879279, 0.0604234, 0.47773], 
              [0.00760414, 0.14933, 0.646064, 0.197001], 
              [0.0945043, 0.288719, 0.459549, 0.157228], 
              [0.25545, 0.336514, 0.0905495, 0.317486], 
              [0.363531, 0.268406, 0.293178, 0.0748846]
            ]
          }, {
            "db": 0,
            "id": "filter13",
            "len": 11,
            "nsites": 11,
            "evalue": "1.0e+000",
            "pwm": [
              [0.320658, 0.300144, 0.105018, 0.27418], 
              [0.420153, 0.0998649, 0.365649, 0.114333], 
              [0.567966, 0.0581497, 0.11821, 0.255674], 
              [0.341568, 0.0763784, 0.0257387, 0.556315], 
              [0.0903514, 0.0771712, 0.0825225, 0.749955], 
              [0.0173153, 0.0120631, 0.602198, 0.368423], 
              [0.0079009, 0.0420901, 0.92655, 0.0234595], 
              [0.0738018, 0.664532, 0.0100811, 0.251586], 
              [0.0778649, 0.245243, 0.195297, 0.481595], 
              [0.261396, 0.175676, 0.478622, 0.0843063], 
              [0.546505, 0.284784, 0.101946, 0.0667658]
            ]
          }, {
            "db": 0,
            "id": "filter14",
            "len": 12,
            "nsites": 12,
            "evalue": "1.0e+000",
            "pwm": [
              [0.171868, 0.117714, 0.332545, 0.377872], 
              [0.220369, 0.322429, 0.208963, 0.248239], 
              [0.0744628, 0.413537, 0.314364, 0.197636], 
              [0.459104, 0.00960406, 0.483304, 0.0479881], 
              [0.104017, 0.635785, 0.0293388, 0.23086], 
              [0.104225, 0.640014, 0.217294, 0.0384664], 
              [0.862198, 0.00752066, 0.070595, 0.059686], 
              [0.023783, 0.228358, 0.0425249, 0.705335], 
              [0.19962, 0.202298, 0.581835, 0.0162479], 
              [0.143983, 0.166793, 0.31714, 0.372083], 
              [0.274821, 0.255381, 0.220865, 0.248934], 
              [0.261504, 0.221041, 0.220149, 0.297306]
            ]
          }, {
            "db": 0,
            "id": "filter15",
            "len": 12,
            "nsites": 12,
            "evalue": "1.0e+000",
            "pwm": [
              [0.276579, 0.244149, 0.257736, 0.221537], 
              [0.305705, 0.288847, 0.235497, 0.16995], 
              [0.33638, 0.237306, 0.218264, 0.20805], 
              [0.113438, 0.655521, 0.180281, 0.0507603], 
              [0.406338, 0.22146, 0.0562203, 0.315982], 
              [0.120765, 0.619856, 0.21269, 0.0466898], 
              [0.582289, 0.19597, 0.212831, 0.00890978], 
              [0.0374711, 0.0737686, 0.123752, 0.765008], 
              [0.0166461, 0.434605, 0.436589, 0.11216], 
              [0.481669, 0.131686, 0.227388, 0.159256], 
              [0.186331, 0.332215, 0.237802, 0.243653], 
              [0.221339, 0.197835, 0.149736, 0.431091]
            ]
          }, {
            "db": 0,
            "id": "filter16",
            "len": 11,
            "nsites": 11,
            "evalue": "1.0e+000",
            "pwm": [
              [0.372189, 0.218486, 0.233748, 0.175577], 
              [0.0655766, 0.296477, 0.0738018, 0.564144], 
              [0.204414, 0.0494234, 0.284982, 0.46118], 
              [0.557108, 0.00720721, 0.358315, 0.0773694], 
              [0.0667593, 0.68468, 0.168326, 0.0802354], 
              [0.191036, 0.0162252, 0.369216, 0.423523], 
              [0.122856, 0.39845, 0.0304955, 0.448198], 
              [0.617521, 0.177378, 0.0137489, 0.191352], 
              [0.42055, 0.192027, 0.289342, 0.0980811], 
              [0.14664, 0.348901, 0.167252, 0.337207], 
              [0.353162, 0.186973, 0.197973, 0.261892]
            ]
          }, {
            "db": 0,
            "id": "filter17",
            "len": 12,
            "nsites": 12,
            "evalue": "1.0e+000",
            "pwm": [
              [0.268545, 0.283223, 0.284215, 0.164017], 
              [0.231828, 0.279328, 0.29807, 0.190775], 
              [0.106, 0.332017, 0.154893, 0.407091], 
              [0.0183322, 0.551642, 0.336215, 0.0938108], 
              [0.737563, 0.0437148, 0.0622584, 0.156464], 
              [0.278066, 0.0975702, 0.163719, 0.460645], 
              [0.0412436, 0.0402518, 0.0163485, 0.902156], 
              [0.240182, 0.329438, 0.407983, 0.0223967], 
              [0.681337, 0.097164, 0.195237, 0.026262], 
              [0.178677, 0.257214, 0.217846, 0.346263], 
              [0.145372, 0.322793, 0.308612, 0.223223], 
              [0.281636, 0.275686, 0.220843, 0.221835]
            ]
          }, {
            "db": 0,
            "id": "filter18",
            "len": 8,
            "nsites": 8,
            "evalue": "1.0e+000",
            "pwm": [
              [0.256519, 0.470642, 0.154395, 0.118444], 
              [0.466494, 0.0824938, 0.34442, 0.106593], 
              [0.08851, 0.158429, 0.592262, 0.160799], 
              [0.489309, 0.487136, 0.0113827, 0.0121728], 
              [0.931284, 0.0100988, 0.0221481, 0.0364691], 
              [0.163877, 0.244272, 0.465407, 0.126444], 
              [0.206761, 0.152237, 0.437698, 0.203304], 
              [0.185901, 0.183926, 0.158741, 0.471432]
            ]
          }, {
            "db": 0,
            "id": "filter19",
            "len": 10,
            "nsites": 10,
            "evalue": "1.0e+000",
            "pwm": [
              [0.246361, 0.218338, 0.256164, 0.279137], 
              [0.0320762, 0.508563, 0.189189, 0.270171], 
              [0.10297, 0.479406, 0.181881, 0.235743], 
              [0.645777, 0.0218792, 0.269775, 0.0625682], 
              [0.48396, 0.0407921, 0.0535644, 0.421683], 
              [0.367587, 0.17325, 0.0312842, 0.427878], 
              [0.0182178, 0.29297, 0.682673, 0.00613861], 
              [0.166931, 0.396238, 0.251584, 0.185248], 
              [0.406296, 0.238788, 0.193149, 0.161766], 
              [0.223762, 0.22802, 0.208911, 0.339307]
            ]
          }, {
            "db": 0,
            "id": "filter2",
            "len": 9,
            "nsites": 9,
            "evalue": "1.0e+000",
            "pwm": [
              [0.236846, 0.334165, 0.0981868, 0.330802], 
              [0.0850412, 0.326384, 0.223912, 0.364663], 
              [0.298956, 0.486374, 0.0331099, 0.18156], 
              [0.142, 0.765176, 0.043, 0.0498242], 
              [0.0804835, 0.463132, 0.385099, 0.0712857], 
              [0.0857253, 0.0370659, 0.675571, 0.201637], 
              [0.218846, 0.013033, 0.492308, 0.275813], 
              [0.452702, 0.234746, 0.270248, 0.0423037], 
              [0.40937, 0.085239, 0.211153, 0.294238]
            ]
          }, {
            "db": 0,
            "id": "filter20",
            "len": 8,
            "nsites": 8,
            "evalue": "1.0e+000",
            "pwm": [
              [0.297832, 0.0662038, 0.282225, 0.353739], 
              [0.21079, 0.0750864, 0.214741, 0.499383], 
              [0.446094, 0.293486, 0.188191, 0.0722291], 
              [0.0409136, 0.715284, 0.00792593, 0.235877], 
              [0.0359786, 0.0227427, 0.558401, 0.382877], 
              [0.0561235, 0.234988, 0.516765, 0.192123], 
              [0.470346, 0.378099, 0.0188889, 0.132667], 
              [0.3569, 0.185327, 0.240246, 0.217528]
            ]
          }, {
            "db": 0,
            "id": "filter21",
            "len": 10,
            "nsites": 10,
            "evalue": "1.0e+000",
            "pwm": [
              [0.259729, 0.0382214, 0.574414, 0.127636], 
              [0.483414, 0.0828793, 0.32934, 0.104367], 
              [0.0606989, 0.188831, 0.430142, 0.320329], 
              [0.0125753, 0.071195, 0.48183, 0.4344], 
              [0.174356, 0.753861, 0.0216832, 0.050099], 
              [0.468317, 0.0121782, 0.238218, 0.281287], 
              [0.0153465, 0.0766337, 0.757624, 0.150396], 
              [0.39297, 0.317921, 0.232574, 0.0565347], 
              [0.320297, 0.197624, 0.37505, 0.10703], 
              [0.216535, 0.26901, 0.172673, 0.341782]
            ]
          }, {
            "db": 0,
            "id": "filter22",
            "len": 10,
            "nsites": 10,
            "evalue": "1.0e+000",
            "pwm": [
              [0.234851, 0.342475, 0.26703, 0.155644], 
              [0.341485, 0.233465, 0.241089, 0.18396], 
              [0.304158, 0.263069, 0.152079, 0.280693], 
              [0.132079, 0.0278218, 0.234455, 0.605644], 
              [0.0248537, 0.0923852, 0.229132, 0.653629], 
              [0.379505, 0.437327, 0.170792, 0.0123762], 
              [0.602178, 0.311386, 0.0137624, 0.0726733], 
              [0.198594, 0.11583, 0.39105, 0.294525], 
              [0.151386, 0.240594, 0.421386, 0.186634], 
              [0.0511881, 0.148812, 0.498416, 0.301584]
            ]
          }, {
            "db": 0,
            "id": "filter23",
            "len": 12,
            "nsites": 12,
            "evalue": "1.0e+000",
            "pwm": [
              [0.207773, 0.126244, 0.230386, 0.435597], 
              [0.0359835, 0.316545, 0.102529, 0.544942], 
              [0.108182, 0.0468926, 0.297107, 0.547818], 
              [0.668512, 0.304446, 0.0140661, 0.0129752], 
              [0.382694, 0.277868, 0.220843, 0.118595], 
              [0.257809, 0.0222955, 0.00821426, 0.711681], 
              [0.282557, 0.495702, 0.0516579, 0.170083], 
              [0.826893, 0.0538347, 0.0371736, 0.0820992], 
              [0.0118843, 0.200215, 0.0872562, 0.700645], 
              [0.536314, 0.139818, 0.182959, 0.140909], 
              [0.208566, 0.0738749, 0.539938, 0.177621], 
              [0.190019, 0.45831, 0.244669, 0.107002]
            ]
          }, {
            "db": 0,
            "id": "filter24",
            "len": 19,
            "nsites": 19,
            "evalue": "1.0e+000",
            "pwm": [
              [0.230625, 0.235599, 0.255696, 0.27808], 
              [0.253109, 0.265445, 0.251915, 0.229531], 
              [0.237987, 0.249527, 0.247737, 0.264749], 
              [0.230028, 0.263754, 0.257884, 0.248334], 
              [0.195288, 0.288199, 0.257063, 0.25945], 
              [0.249304, 0.264225, 0.241445, 0.245026], 
              [0.227319, 0.253581, 0.258754, 0.260346], 
              [0.267707, 0.253482, 0.233188, 0.245623], 
              [0.204639, 0.281236, 0.248508, 0.265618], 
              [0.34122, 0.152016, 0.283723, 0.223042], 
              [0.246916, 0.386979, 0.332565, 0.0335393], 
              [0.141969, 0.232194, 0.240251, 0.385586], 
              [0.074822, 0.402298, 0.068356, 0.454524], 
              [0.0898429, 0.577277, 0.100188, 0.232691], 
              [0.145749, 0.585733, 0.139283, 0.129236], 
              [0.155184, 0.359289, 0.330742, 0.154786], 
              [0.30902, 0.234306, 0.273902, 0.182772], 
              [0.341552, 0.253905, 0.267634, 0.136909], 
              [0.0115539, 0.308461, 0.464027, 0.215958]
            ]
          }, {
            "db": 0,
            "id": "filter25",
            "len": 12,
            "nsites": 12,
            "evalue": "1.0e+000",
            "pwm": [
              [0.258926, 0.235421, 0.274298, 0.231355], 
              [0.313273, 0.257835, 0.260612, 0.168281], 
              [0.295293, 0.296384, 0.21031, 0.198013], 
              [0.00990161, 0.851573, 0.0393591, 0.0991667], 
              [0.70005, 0.0718843, 0.0662314, 0.161835], 
              [0.034995, 0.672844, 0.040946, 0.251215], 
              [0.281537, 0.016843, 0.627752, 0.0738678], 
              [0.165306, 0.0429256, 0.0468926, 0.744876], 
              [0.082, 0.0696033, 0.841669, 0.00672727], 
              [0.150529, 0.238, 0.349174, 0.262298], 
              [0.22957, 0.275785, 0.206264, 0.28838], 
              [0.258305, 0.252454, 0.227068, 0.262172]
            ]
          }, {
            "db": 0,
            "id": "filter26",
            "len": 9,
            "nsites": 9,
            "evalue": "1.0e+000",
            "pwm": [
              [0.225077, 0.342275, 0.245648, 0.187], 
              [0.324077, 0.352264, 0.170484, 0.153176], 
              [0.109472, 0.261301, 0.552099, 0.0771283], 
              [0.0654505, 0.0141209, 0.0172857, 0.903143], 
              [0.0311319, 0.462143, 0.491813, 0.0149121], 
              [0.90076, 0.00630805, 0.046367, 0.0465648], 
              [0.0905802, 0.256652, 0.493148, 0.15962], 
              [0.192025, 0.41631, 0.0884859, 0.303179], 
              [0.21311, 0.305582, 0.266319, 0.214989]
            ]
          }, {
            "db": 0,
            "id": "filter27",
            "len": 7,
            "nsites": 7,
            "evalue": "1.0e+000",
            "pwm": [
              [0.251085, 0.030338, 0.28993, 0.428648], 
              [0.301859, 0.514127, 0.0105211, 0.173493], 
              [0.469122, 0.0295467, 0.365415, 0.135916], 
              [0.35119, 0.505402, 0.0146631, 0.128745], 
              [0.25249, 0.0961079, 0.409463, 0.241939], 
              [0.414056, 0.170535, 0.103197, 0.312211], 
              [0.137113, 0.260549, 0.457437, 0.144901]
            ]
          }, {
            "db": 0,
            "id": "filter28",
            "len": 19,
            "nsites": 19,
            "evalue": "1.0e+000",
            "pwm": [
              [0.211403, 0.33177, 0.220754, 0.236073], 
              [0.153508, 0.224435, 0.23866, 0.383398], 
              [0.433236, 0.232293, 0.314759, 0.019712], 
              [0.177762, 0.405242, 0.0508432, 0.366152], 
              [0.173005, 0.446864, 0.108545, 0.271586], 
              [0.291283, 0.0843717, 0.430948, 0.193398], 
              [0.392749, 0.0467696, 0.381408, 0.179073], 
              [0.00936649, 0.440796, 0.16833, 0.381508], 
              [0.500482, 0.148236, 0.166937, 0.184346], 
              [0.212398, 0.236571, 0.424183, 0.126848], 
              [0.277455, 0.272382, 0.24433, 0.205832], 
              [0.301131, 0.222743, 0.249901, 0.226225], 
              [0.21767, 0.250597, 0.238063, 0.29367], 
              [0.231398, 0.254277, 0.24055, 0.273775], 
              [0.258058, 0.262037, 0.236571, 0.243335], 
              [0.256366, 0.311178, 0.208717, 0.223738], 
              [0.233586, 0.283623, 0.257262, 0.225529], 
              [0.279644, 0.250597, 0.236571, 0.233188], 
              [0.250696, 0.247911, 0.247911, 0.253482]
            ]
          }, {
            "db": 0,
            "id": "filter29",
            "len": 8,
            "nsites": 8,
            "evalue": "1.0e+000",
            "pwm": [
              [0.247037, 0.139481, 0.157556, 0.455926], 
              [0.0787332, 0.473854, 0.313475, 0.133938], 
              [0.210671, 0.591077, 0.0903863, 0.107866], 
              [0.20684, 0.0105926, 0.685457, 0.0971111], 
              [0.0503951, 0.76842, 0.124667, 0.0565185], 
              [0.363383, 0.257407, 0.115086, 0.264123], 
              [0.408321, 0.113407, 0.0296543, 0.448617], 
              [0.131172, 0.289873, 0.365717, 0.213238]
            ]
          }, {
            "db": 0,
            "id": "filter3",
            "len": 10,
            "nsites": 10,
            "evalue": "1.0e+000",
            "pwm": [
              [0.11516, 0.423805, 0.246658, 0.214378], 
              [0.48589, 0.272403, 0.165462, 0.076245], 
              [0.155941, 0.44, 0.358317, 0.0457426], 
              [0.100604, 0.0279233, 0.547678, 0.323795], 
              [0.0254432, 0.397584, 0.309969, 0.267003], 
              [0.487426, 0.17198, 0.319604, 0.0209901], 
              [0.0104942, 0.568755, 0.239778, 0.180972], 
              [0.178218, 0.190792, 0.397822, 0.233168], 
              [0.13297, 0.385644, 0.194158, 0.287228], 
              [0.389841, 0.173978, 0.212496, 0.223685]
            ]
          }, {
            "db": 0,
            "id": "filter4",
            "len": 8,
            "nsites": 8,
            "evalue": "1.0e+000",
            "pwm": [
              [0.398484, 0.038448, 0.108282, 0.454786], 
              [0.2036, 0.105615, 0.398978, 0.291807], 
              [0.606346, 0.189753, 0.0560247, 0.147877], 
              [0.207848, 0.0311386, 0.092083, 0.668931], 
              [0.0459549, 0.0112848, 0.551981, 0.39078], 
              [0.516765, 0.13642, 0.311531, 0.035284], 
              [0.231903, 0.266961, 0.426353, 0.074783], 
              [0.178889, 0.304321, 0.152815, 0.363975]
            ]
          }, {
            "db": 0,
            "id": "filter5",
            "len": 11,
            "nsites": 11,
            "evalue": "1.0e+000",
            "pwm": [
              [0.160216, 0.251685, 0.174486, 0.413613], 
              [0.531838, 0.0258378, 0.291423, 0.150901], 
              [0.233573, 0.454189, 0.0855038, 0.226734], 
              [0.430261, 0.0512072, 0.0475405, 0.470991], 
              [0.128096, 0.0204847, 0.596886, 0.254533], 
              [0.230775, 0.667802, 0.0114685, 0.089955], 
              [0.12345, 0.367135, 0.0122613, 0.497153], 
              [0.428577, 0.0178108, 0.502604, 0.051009], 
              [0.221757, 0.087973, 0.474162, 0.216108], 
              [0.231171, 0.317288, 0.206991, 0.24455], 
              [0.220171, 0.225523, 0.227405, 0.326901]
            ]
          }, {
            "db": 0,
            "id": "filter6",
            "len": 12,
            "nsites": 12,
            "evalue": "1.0e+000",
            "pwm": [
              [0.304942, 0.195157, 0.146264, 0.353636], 
              [0.257339, 0.103421, 0.120876, 0.518364], 
              [0.154893, 0.113041, 0.160744, 0.571322], 
              [0.0740661, 0.281339, 0.0339008, 0.610694], 
              [0.121372, 0.523223, 0.298496, 0.0569091], 
              [0.227785, 0.661074, 0.0268595, 0.084281], 
              [0.101527, 0.00970172, 0.7332, 0.155571], 
              [0.034595, 0.460347, 0.365339, 0.139719], 
              [0.843653, 0.103521, 0.0148595, 0.0379669], 
              [0.592942, 0.159653, 0.0804132, 0.166992], 
              [0.396975, 0.169967, 0.12524, 0.307818], 
              [0.248091, 0.202377, 0.120269, 0.429263]
            ]
          }, {
            "db": 0,
            "id": "filter7",
            "len": 9,
            "nsites": 9,
            "evalue": "1.0e+000",
            "pwm": [
              [0.245154, 0.468473, 0.258802, 0.0275714], 
              [0.299381, 0.0925584, 0.434988, 0.173072], 
              [0.334033, 0.122109, 0.337494, 0.206364], 
              [0.0596154, 0.686549, 0.0154066, 0.238429], 
              [0.0641648, 0.167022, 0.761714, 0.0070989], 
              [0.0663407, 0.0278681, 0.885538, 0.0202527], 
              [0.513967, 0.134088, 0.224978, 0.126967], 
              [0.197959, 0.223176, 0.380611, 0.198255], 
              [0.137451, 0.260385, 0.425451, 0.176714]
            ]
          }, {
            "db": 0,
            "id": "filter8",
            "len": 9,
            "nsites": 9,
            "evalue": "1.0e+000",
            "pwm": [
              [0.32744, 0.177308, 0.256231, 0.239022], 
              [0.261348, 0.173829, 0.29507, 0.269754], 
              [0.13033, 0.450176, 0.310923, 0.108571], 
              [0.00848352, 0.379264, 0.0309341, 0.581319], 
              [0.373725, 0.0472527, 0.24367, 0.335352], 
              [0.403791, 0.564703, 0.0193626, 0.0121429], 
              [0.0212399, 0.253634, 0.172741, 0.552385], 
              [0.162983, 0.198888, 0.150322, 0.487807], 
              [0.343758, 0.0526923, 0.528209, 0.0753407]
            ]
          }, {
            "db": 0,
            "id": "filter9",
            "len": 12,
            "nsites": 12,
            "evalue": "1.0e+000",
            "pwm": [
              [0.236612, 0.480975, 0.0929091, 0.189504], 
              [0.320512, 0.138529, 0.256248, 0.284711], 
              [0.0188264, 0.322298, 0.344711, 0.314165], 
              [0.768159, 0.168694, 0.0549309, 0.00821549], 
              [0.253545, 0.147143, 0.405067, 0.194245], 
              [0.107388, 0.0123802, 0.873207, 0.00702479], 
              [0.11443, 0.228083, 0.00712397, 0.650364], 
              [0.220347, 0.0794215, 0.614264, 0.0859669], 
              [0.0686116, 0.221438, 0.637967, 0.0719835], 
              [0.245215, 0.227961, 0.159935, 0.366889], 
              [0.274793, 0.318727, 0.247818, 0.158661], 
              [0.34243, 0.256744, 0.204975, 0.195851]
            ]
          }
        ],
        "targets": [
          {
            "db": 0,
            "id": "MA0058.3",
            "alt": "MAX",
            "len": 10,
            "nsites": 6986,
            "url": "http://jaspar.genereg.net?ID=MA0058.3&rm=present&collection=CORE",
            "pwm": [
              [0.480875, 0.226261, 0.18831, 0.104553], 
              [0.278545, 0.40858, 0.220218, 0.0926573], 
              [0.0056435, 0.994349, 3.57853e-06, 3.57853e-06], 
              [0.982135, 3.57853e-06, 0.0124304, 0.0054315], 
              [3.57853e-06, 0.966807, 0.000987564, 0.0322021], 
              [0.0453009, 0.0053735, 0.946706, 0.00261954], 
              [0.00968944, 0.0223223, 0.00281054, 0.965178], 
              [3.57853e-06, 0.00389452, 0.99091, 0.0051915], 
              [0.195056, 0.356362, 0.238255, 0.210328], 
              [0.163177, 0.323588, 0.143399, 0.369835]
            ]
          }, {
            "db": 0,
            "id": "MA0093.2",
            "alt": "USF1",
            "len": 11,
            "nsites": 16842,
            "url": "http://jaspar.genereg.net?ID=MA0093.2&rm=present&collection=CORE",
            "pwm": [
              [0.287733, 0.223489, 0.425245, 0.0635331], 
              [0.087402, 0.442227, 0.177117, 0.293255], 
              [0.00255447, 0.997443, 1.48438e-06, 1.48438e-06], 
              [0.984024, 1.48438e-06, 1.48438e-06, 0.0159734], 
              [0.0111644, 0.610317, 0.0553392, 0.32318], 
              [0.0952979, 0.0353293, 0.86937, 1.48438e-06], 
              [1.48438e-06, 1.48438e-06, 1.48438e-06, 0.999996], 
              [1.48438e-06, 1.48438e-06, 0.999996, 1.48438e-06], 
              [0.876495, 1.48438e-06, 0.081642, 0.0418612], 
              [1.48438e-06, 0.781733, 1.48438e-06, 0.218264], 
              [0.108124, 0.589358, 0.0660861, 0.236433]
            ]
          }, {
            "db": 0,
            "id": "MA0109.1",
            "alt": "HLTF",
            "len": 10,
            "nsites": 56,
            "url": "http://jaspar.genereg.net?ID=MA0109.1&rm=present&collection=CORE",
            "pwm": [
              [0.313611, 0.196174, 0.23532, 0.254893], 
              [0.377131, 0.226457, 0.0946175, 0.301795], 
              [0.440338, 0.558771, 0.000445633, 0.000445633], 
              [0.000445633, 0.998663, 0.000445633, 0.000445633], 
              [0.423419, 0.000445633, 0.000445633, 0.575689], 
              [0.000445633, 0.000445633, 0.000445633, 0.998663], 
              [0.406501, 0.0850406, 0.203473, 0.304987], 
              [0.000445633, 0.000445633, 0.372662, 0.626447], 
              [0.294039, 0.274466, 0.274466, 0.157029], 
              [0.244907, 0.244907, 0.204164, 0.306022]
            ]
          }, {
            "db": 0,
            "id": "MA0140.2",
            "alt": "GATA1::TAL1",
            "len": 18,
            "nsites": 4955,
            "url": "http://jaspar.genereg.net?ID=MA0140.2&rm=present&collection=CORE",
            "pwm": [
              [0.224824, 0.411299, 0.195157, 0.16872], 
              [0.0415782, 0.162868, 0.0320934, 0.763461], 
              [0.0641818, 5.04531e-06, 5.04531e-06, 0.935808], 
              [0.999985, 5.04531e-06, 5.04531e-06, 5.04531e-06], 
              [5.04531e-06, 5.04531e-06, 5.04531e-06, 0.999985], 
              [5.04531e-06, 0.999985, 5.04531e-06, 5.04531e-06], 
              [0.413519, 0.0127188, 0.0111048, 0.562658], 
              [0.132797, 0.268618, 0.446817, 0.151768], 
              [0.19435, 0.245005, 0.25106, 0.309585], 
              [0.240363, 0.227447, 0.30676, 0.225429], 
              [0.358827, 0.228052, 0.199799, 0.213321], 
              [0.209486, 0.249647, 0.345508, 0.195359], 
              [0.272856, 0.230474, 0.295862, 0.200808], 
              [0.380421, 0.208477, 0.165491, 0.24561], 
              [0.278707, 0.249647, 0.380219, 0.0914262], 
              [0.0222046, 0.973143, 0.00464695, 5.04531e-06], 
              [0.940248, 5.04531e-06, 5.04531e-06, 0.0597418], 
              [0.0322954, 0.179618, 0.715228, 0.0728596]
            ]
          }, {
            "db": 0,
            "id": "MA0147.2",
            "alt": "Myc",
            "len": 10,
            "nsites": 5335,
            "url": "http://jaspar.genereg.net?ID=MA0147.2&rm=present&collection=CORE",
            "pwm": [
              [0.221369, 0.684153, 0.0944729, 4.68595e-06], 
              [4.68595e-06, 0.999986, 4.68595e-06, 4.68595e-06], 
              [0.999986, 4.68595e-06, 4.68595e-06, 4.68595e-06], 
              [4.68595e-06, 0.430175, 4.68595e-06, 0.569816], 
              [4.68595e-06, 4.68595e-06, 0.999986, 4.68595e-06], 
              [4.68595e-06, 4.68595e-06, 4.68595e-06, 0.999986], 
              [4.68595e-06, 4.68595e-06, 0.999986, 4.68595e-06], 
              [0.00918951, 0.43055, 0.390063, 0.170198], 
              [0.158952, 0.20375, 0.10422, 0.533078], 
              [0.0153744, 0.351826, 0.150143, 0.482658]
            ]
          }, {
            "db": 0,
            "id": "MA0464.2",
            "alt": "BHLHE40",
            "len": 10,
            "nsites": 11582,
            "url": "http://jaspar.genereg.net?ID=MA0464.2&rm=present&collection=CORE",
            "pwm": [
              [0.340758, 0.26956, 0.260738, 0.128944], 
              [0.106233, 0.0367358, 0.381853, 0.475177], 
              [0.00522611, 0.993531, 2.1585e-06, 0.00124115], 
              [0.975226, 0.0112991, 0.0067801, 0.0066941], 
              [0.00204114, 0.99494, 0.000179157, 0.00283913], 
              [0.00583311, 0.00265314, 0.991512, 2.1585e-06], 
              [0.014246, 0.021155, 0.00742309, 0.957176], 
              [0.000356155, 0.00106315, 0.992213, 0.0063681], 
              [0.500125, 0.446796, 0.0108871, 0.0421928], 
              [0.137588, 0.508464, 0.123419, 0.230529]
            ]
          }, {
            "db": 0,
            "id": "MA0522.2",
            "alt": "TCF3",
            "len": 10,
            "nsites": 8019,
            "url": "http://jaspar.genereg.net?ID=MA0522.2&rm=present&collection=CORE",
            "pwm": [
              [0.361968, 0.272214, 0.130018, 0.235799], 
              [0.4389, 0.169382, 0.364405, 0.0273138], 
              [3.11756e-06, 0.999991, 3.11756e-06, 3.11756e-06], 
              [0.996923, 0.00064211, 3.11756e-06, 0.00243209], 
              [3.11756e-06, 0.832597, 0.133555, 0.0338447], 
              [3.11756e-06, 0.943723, 0.0562704, 3.11756e-06], 
              [0.00545705, 0.00444206, 0.000891106, 0.98921], 
              [0.00344207, 0.00267708, 0.993241, 0.00064011], 
              [0.0324427, 0.386458, 0.253622, 0.327477], 
              [0.264906, 0.178614, 0.268368, 0.288114]
            ]
          }, {
            "db": 0,
            "id": "MA0603.1",
            "alt": "Arntl",
            "len": 10,
            "nsites": 1000,
            "url": "http://jaspar.genereg.net?ID=MA0603.1&rm=present&collection=CORE",
            "pwm": [
              [0.251, 0.229002, 0.260999, 0.258999], 
              [0.246, 0.125012, 0.557969, 0.0710179], 
              [0.0619568, 0.0439766, 0.142868, 0.751199], 
              [0.0030247, 0.996925, 2.49975e-05, 2.49975e-05], 
              [0.95293, 0.0160234, 0.010024, 0.0210229], 
              [0.0020248, 0.964929, 0.0090241, 0.0240226], 
              [0.0480202, 0.0030247, 0.94593, 0.0030247], 
              [0.0540196, 0.0580192, 0.0510199, 0.836941], 
              [0.0090331, 0.0040286, 0.93887, 0.0480682], 
              [0.255, 0.330992, 0.14601, 0.267998]
            ]
          }, {
            "db": 0,
            "id": "MA0615.1",
            "alt": "Gmeb1",
            "len": 17,
            "nsites": 100,
            "url": "http://jaspar.genereg.net?ID=MA0615.1&rm=present&collection=CORE",
            "pwm": [
              [0.17008, 0.25999, 0.3499, 0.22003], 
              [0.33991, 0.30994, 0.1501, 0.20005], 
              [0.11014, 0.23002, 0.3499, 0.30994], 
              [0.13012, 0.22003, 0.28996, 0.35989], 
              [0.13012, 0.0701798, 0.39985, 0.39985], 
              [0.0497053, 0.0398142, 0.326656, 0.583824], 
              [0.70954, 0.0102398, 0.27997, 0.00024975], 
              [0.00024975, 0.989261, 0.00024975, 0.0102398], 
              [0.0102398, 0.00024975, 0.989261, 0.00024975], 
              [0.00024975, 0.27997, 0.0102398, 0.70954], 
              [0.583824, 0.326656, 0.0398142, 0.0497053], 
              [0.39985, 0.39985, 0.0701798, 0.13012], 
              [0.21004, 0.23002, 0.36988, 0.19006], 
              [0.435459, 0.148616, 0.17829, 0.237636], 
              [0.18007, 0.25999, 0.23002, 0.32992], 
              [0.272704, 0.212159, 0.313068, 0.202068], 
              [0.24001, 0.25, 0.26998, 0.24001]
            ]
          }, {
            "db": 0,
            "id": "MA0616.1",
            "alt": "Hes2",
            "len": 13,
            "nsites": 1000,
            "url": "http://jaspar.genereg.net?ID=MA0616.1&rm=present&collection=CORE",
            "pwm": [
              [0.214218, 0.214218, 0.214218, 0.357346], 
              [0.341332, 0.197202, 0.197202, 0.264263], 
              [0.341332, 0.197202, 0.197202, 0.264263], 
              [0.245, 0.332992, 0.245, 0.177007], 
              [0.0830167, 0.15201, 0.681957, 0.0830167], 
              [0.602965, 2.49975e-05, 0.396985, 2.49975e-05], 
              [0.281997, 0.717953, 2.49975e-05, 2.49975e-05], 
              [0.929932, 2.49975e-05, 0.070018, 2.49975e-05], 
              [0.174008, 0.75395, 0.0360214, 0.0360214], 
              [0.123013, 0.0530197, 0.770948, 0.0530197], 
              [0.0530197, 0.0530197, 0.0530197, 0.840941], 
              [0.143011, 0.0730177, 0.710954, 0.0730177], 
              [0.238001, 0.427982, 0.167008, 0.167008]
            ]
          }, {
            "db": 0,
            "id": "MA0620.1",
            "alt": "Mitf",
            "len": 10,
            "nsites": 1000,
            "url": "http://jaspar.genereg.net?ID=MA0620.1&rm=present&collection=CORE",
            "pwm": [
              [0.274272, 0.193199, 0.312306, 0.220223], 
              [0.397985, 0.0810169, 0.461979, 0.0590191], 
              [0.0770173, 0.0950155, 0.100015, 0.727952], 
              [0.0070173, 0.987938, 0.0030217, 0.0020228], 
              [0.881937, 0.0520198, 0.0160234, 0.05002], 
              [0.0080242, 0.724953, 0.0730177, 0.194006], 
              [0.156009, 0.0330217, 0.797945, 0.0130237], 
              [0.238239, 0.191197, 0.109123, 0.46144], 
              [0.0280222, 0.0280222, 0.883937, 0.060019], 
              [0.245, 0.215003, 0.340991, 0.199005]
            ]
          }, {
            "db": 0,
            "id": "MA0623.1",
            "alt": "Neurog1",
            "len": 10,
            "nsites": 1000,
            "url": "http://jaspar.genereg.net?ID=MA0623.1&rm=present&collection=CORE",
            "pwm": [
              [0.425407, 0.113127, 0.235236, 0.226228], 
              [0.170008, 0.591966, 0.171008, 0.0670183], 
              [0.270998, 0.687956, 0.0270223, 0.0140236], 
              [0.664959, 0.0350215, 0.187006, 0.113014], 
              [0.0010259, 0.0640826, 0.143154, 0.791738], 
              [0.793946, 0.141011, 0.0560194, 0.0090241], 
              [0.0759414, 0.150859, 0.0110129, 0.762187], 
              [0.0120118, 0.0010239, 0.869069, 0.117895], 
              [0.0389821, 0.150859, 0.421561, 0.388597], 
              [0.0920158, 0.269998, 0.235001, 0.402985]
            ]
          }, {
            "db": 0,
            "id": "MA0626.1",
            "alt": "Npas2",
            "len": 10,
            "nsites": 999,
            "url": "http://jaspar.genereg.net?ID=MA0626.1&rm=present&collection=CORE",
            "pwm": [
              [0.272998, 0.177007, 0.292996, 0.256999], 
              [0.154164, 0.377364, 0.420403, 0.0480682], 
              [2.50225e-05, 0.999925, 2.50225e-05, 2.50225e-05], 
              [0.999925, 2.50225e-05, 2.50225e-05, 2.50225e-05], 
              [0.0810979, 0.918852, 2.50225e-05, 2.50225e-05], 
              [0.0810979, 2.50225e-05, 0.918852, 2.50225e-05], 
              [2.50225e-05, 2.50225e-05, 2.50225e-05, 0.999925], 
              [0.0810979, 2.50225e-05, 0.918852, 2.50225e-05], 
              [0.0740176, 0.172008, 0.188006, 0.565968], 
              [0.296995, 0.298995, 0.202005, 0.202005]
            ]
          }, {
            "db": 0,
            "id": "MA0632.1",
            "alt": "Tcfl5",
            "len": 10,
            "nsites": 1000,
